     96     96
     28     28 -7.827807383088388E-008  2.765679953985763E-006
     29     29 -2.920236129607931E-007  8.432624193332509E-006
     30     30 -1.076659180908549E-006  1.772581597032338E-005
     31     31 -2.920236129607931E-007  8.432624193332509E-006
     32     32 -7.827807383088388E-008  2.765679953985763E-006
     76     76 -2.520308974086834E-007  6.293297104326941E-006
     76     77 -2.406328521514589E-007  4.221761664529851E-006
     76     78 -1.097668438962551E-008 -5.899935247285791E-007
     76     79  1.337600825865047E-007 -1.388289544856487E-006
     76     80 -6.688004618921284E-008  6.941448232431856E-007
     77     76 -2.406328521514589E-007  4.221761664529852E-006
     77     77 -5.061073698556685E-007  9.792466916236737E-006
     77     78 -1.528452435882455E-007  2.290293483724926E-006
     77     79  3.209565342834622E-007 -4.193315050002221E-006
     77     80 -1.337600825865047E-007  1.388289544856488E-006
     78     76 -1.097668438962552E-008 -5.899935247285791E-007
     78     77 -1.528452435882455E-007  2.290293483724925E-006
     78     78 -3.009860199632001E-007  7.950896223832588E-006
     78     79  1.528452435882455E-007 -2.290293483724925E-006
     78     80 -1.097668438962552E-008 -5.899935247285789E-007
     79     76  1.337600825865047E-007 -1.388289544856488E-006
     79     77  3.209565342834622E-007 -4.193315050002220E-006
     79     78  1.528452435882455E-007 -2.290293483724926E-006
     79     79 -5.061073698556684E-007  9.792466916236734E-006
     79     80  2.406328521514589E-007 -4.221761664529852E-006
     80     76 -6.688004618921284E-008  6.941448232431856E-007
     80     77 -1.337600825865047E-007  1.388289544856487E-006
     80     78 -1.097668438962551E-008 -5.899935247285788E-007
     80     79  2.406328521514589E-007 -4.221761664529851E-006
     80     80 -2.520308974086834E-007  6.293297104326940E-006
