     96     96
      1      1  1.000000000000000E+000  0.000000000000000E+000
      2      2  1.000000000000000E+000  0.000000000000000E+000
      3      3  1.000000000000000E+000  0.000000000000000E+000
      4      4  1.000000000000000E+000  0.000000000000000E+000
      5      5  1.000000000000000E+000  0.000000000000000E+000
      6      6  1.000000000000000E+000  0.000000000000000E+000
      7      7  1.000000000000000E+000  0.000000000000000E+000
      8      8  1.000000000000000E+000  0.000000000000000E+000
      9      9  1.000000000000000E+000  0.000000000000000E+000
     10     10  1.000000000000000E+000  0.000000000000000E+000
     11     11  1.000000000000000E+000  0.000000000000000E+000
     12     12  1.000000000000000E+000  0.000000000000000E+000
     13     13  1.000000000000000E+000  0.000000000000000E+000
     14     14  1.000000000000000E+000  0.000000000000000E+000
     15     15  1.000000000000000E+000  0.000000000000000E+000
     16     16  1.000000000000000E+000  0.000000000000000E+000
     17     17  1.000000000000000E+000  0.000000000000000E+000
     18     18  1.000000000000000E+000  0.000000000000000E+000
     19     19  1.000000000000000E+000  0.000000000000000E+000
     20     20  1.000000000000000E+000  0.000000000000000E+000
     21     21  1.000000000000000E+000  0.000000000000000E+000
     22     22  1.000000000000000E+000  0.000000000000000E+000
     23     23  1.000000000000000E+000  0.000000000000000E+000
     24     24  1.000000000000000E+000  0.000000000000000E+000
     25     25  1.000000000000000E+000  0.000000000000000E+000
     26     26  1.000000000000000E+000  0.000000000000000E+000
     27     27  1.000000000000000E+000  0.000000000000000E+000
     28     28  1.000000000000000E+000  0.000000000000000E+000
     28     49  6.191677375963995E-023  8.919441708187525E-022
     28     50  3.032901415977620E-007 -3.075227088693665E-005
     28     52 -7.808584982500581E-022 -4.235164736271502E-022
     28     53  1.233362210836399E-005 -1.132892932598652E-007
     28     54 -9.529120656610879E-022 -2.541098841762901E-021
     28     55  2.264497994783354E-005  7.047565910356717E-007
     28     56  1.226335435278412E-023 -4.235164736271502E-022
     28     57 -4.486239171741178E-022 -2.817485229988672E-022
     28     58 -1.512110672479819E-007  5.731385875905758E-006
     28     59  1.022747295032784E-024 -4.702923803510501E-022
     28     60 -3.250081653213160E-007  1.106429923563461E-005
     28     61  9.287152005541307E-024 -4.000811831510161E-022
     28     62 -4.421699444848625E-007  1.446916837190839E-005
     28     63 -2.566387537099275E-022 -4.267404837122735E-023
     28     64  2.088111161926459E-022  4.596999355559343E-025
     28     65 -2.730000567850616E-006 -8.282207005730272E-008
     28     66  3.288775080034173E-022  7.240273985005965E-025
     28     67 -5.346444542737713E-006 -1.627585319418442E-007
     28     68  2.905194889831188E-022  1.777895365111902E-021
     28     69 -7.597359407647778E-006 -2.316056636954637E-007
     28     70  2.557936173359913E-022  5.631324210560195E-025
     28     71 -8.685361522781191E-006 -2.649744591574780E-007
     28     73  3.830277479434346E-006 -2.744077902940543E-005
     28     74 -3.271569556575743E-021 -2.237561254089524E-021
     28     75 -2.829410425168133E-006 -7.404268697597958E-005
     28     76  1.134723094164981E-005 -1.647392327600590E-006
     28     77  7.676236084492097E-022 -6.352747104407253E-021
     28     78  4.314489465812878E-005  1.342754506734058E-006
     28     79  1.852884572118782E-022 -7.199780051661553E-021
     28     80  1.166684780312444E-004  3.311385849248582E-006
     28     81 -3.245960523144330E-009  5.767423569153914E-006
     28     82  8.084481029444417E-021  8.177841230432460E-022
     28     83 -6.534009093927885E-007  2.284301598229262E-005
     28     84  1.003356789864702E-020  2.283409407613441E-022
     28     85 -1.601834396963547E-006  5.249658911906070E-005
     28     86  8.191601043868884E-021 -3.050745153974531E-022
     28     87 -3.676513062870114E-006  1.206152184834002E-004
     28     88 -3.172963876551529E-006 -9.182457119838088E-008
     28     89 -7.693724958188732E-022  8.016691942029603E-021
     28     90 -1.203247308719079E-005 -3.652076664246687E-007
     28     91 -4.352747099106397E-022  8.017427461926494E-021
     28     92 -2.642770906697121E-005 -8.056492749632247E-007
     28     93  6.587196895171049E-023  8.018530741771827E-021
     28     94 -4.987286996929619E-005 -1.521476556197641E-006
     28     95  3.999697548599440E-022  8.019266261668716E-021
     28     96 -1.032892435385862E-004 -3.151024502258424E-006
     29     29  1.000000000000000E+000  0.000000000000000E+000
     29     49 -1.073149285020933E-006  6.630917812190491E-005
     29     50  3.412041510991411E-021  1.555628283205751E-021
     29     51  1.073149285020941E-006 -6.630917812190491E-005
     29     52 -3.761442054506525E-005  1.077498263362668E-007
     29     53  1.058791184067875E-021  0.000000000000000E+000
     29     54 -3.849303753759257E-005 -3.298779019191790E-006
     29     55 -3.599890025830776E-021 -3.388131789017201E-021
     29     56  6.904385408403220E-005  2.585691964069961E-006
     29     57  7.000673333560596E-007 -2.140283854019518E-005
     29     58 -2.320262520074376E-024  1.066931967363576E-021
     29     59  1.182302722167073E-006 -3.079993379043751E-005
     29     60 -5.826136318056224E-021 -7.701853073891719E-022
     29     61  4.869408010767313E-007 -1.132297394609808E-005
     29     62 -2.367472293276435E-021 -1.970558841924081E-021
     29     63 -1.993057806613644E-006  5.403110257168195E-005
     29     64  1.177153163155340E-005  4.316082431812308E-007
     29     65 -1.044055580963230E-021 -2.298499677779671E-024
     29     66  1.900782975412532E-005  7.005501496825329E-007
     29     67 -2.088111161926459E-022 -4.596999355559343E-025
     29     68  1.534612133934564E-005  5.664878559646427E-007
     29     69  7.099577950549962E-022  1.562979780890177E-024
     29     70  4.036489185330503E-007  1.600660698693333E-008
     29     71  1.461677813348522E-021  3.217899548891540E-024
     29     72 -3.745050420549753E-005 -1.379523732386462E-006
     29     73  1.470452414941752E-020  5.252940815577028E-021
     29     74  1.372559092882131E-005  1.005817823704495E-004
     29     75  2.835646314492116E-020 -4.657169272764736E-021
     29     76 -2.752857078576476E-021  3.049318610115481E-020
     29     77 -1.264761663014911E-004 -1.083876333260823E-005
     29     78  2.117582368135751E-022  4.404571325722362E-020
     29     79 -1.946127067612161E-004 -6.313469101178851E-006
     29     80 -6.195234786100536E-022  3.049318610115481E-020
     29     81 -7.182134723506019E-021 -2.598729689541791E-021
     29     82  3.698470414031478E-006 -8.858344214493265E-005
     29     83 -1.438038916557255E-020  2.214910078389685E-021
     29     84  5.999640423184730E-006 -1.565987814780351E-004
     29     85 -1.654905137188989E-020  2.097884718077085E-021
     29     86  7.255324241628925E-006 -1.973255081662075E-004
     29     87 -1.426125102499608E-020 -3.287979636461232E-021
     29     88  2.385757774758562E-021 -2.137710965884872E-020
     29     89  5.495308739907391E-005  2.034981664300636E-006
     29     90 -1.479903399886587E-021 -1.069443898859947E-020
     29     91  1.023524979201580E-004  3.778247663841824E-006
     29     92 -1.139862013258712E-021 -4.612601862970042E-020
     29     93  1.423940516832530E-004  5.249043010691166E-006
     29     94 -1.145805613978353E-021 -1.069370346870259E-020
     29     95  1.608930807648457E-004  5.926340381534980E-006
     29     96  3.722148918391496E-021 -2.137416757926116E-020
     30     30  1.000000000000000E+000  0.000000000000000E+000
     30     49 -2.089722868616915E-020  1.309769049280434E-021
     30     50 -3.210993877034601E-037  2.229000288722562E-038
     30     51  2.093514185206270E-020  3.077455751366398E-021
     30     52 -5.082197683525802E-021 -1.694065894508601E-020
     30     53  8.080661501751020E-005  9.050562513939992E-006
     30     54  5.082197683525802E-021  0.000000000000000E+000
     30     55 -8.080661501751020E-005 -9.050562513940003E-006
     30     56 -6.709153797049659E-021  1.355252715606881E-020
     30     57  1.438283154717263E-020 -3.337996359825028E-021
     30     58 -4.508990053564785E-006  6.857737424286989E-005
     30     59 -4.884763200156582E-024  2.246172562870687E-021
     30     60  4.471400328805703E-037  7.989769706891447E-037
     30     61 -1.562563725219591E-021  1.793548433140909E-021
     30     62  4.508990053564801E-006 -6.857737424286989E-005
     30     63 -1.329206808845505E-020 -4.970509338611895E-021
     30     64  2.940345622762300E-021  7.842884710342026E-021
     30     65 -4.674400270511562E-005 -2.946241032534814E-006
     30     66 -9.049074265240735E-022  2.988750509080554E-021
     30     67 -1.766757234878093E-005 -1.113574439220186E-006
     30     68 -1.604415144760380E-021  5.122117014272714E-023
     30     69  1.766757234878093E-005  1.113574439220188E-006
     30     70 -5.359247223860148E-022 -2.876492409310047E-021
     30     71  4.674400270511562E-005  2.946241032534831E-006
     30     72  3.916582095995726E-021 -7.675089430702197E-021
     30     73  1.122732489601184E-005 -2.656950548130804E-004
     30     74 -5.486119772940462E-020  2.532129669633511E-021
     30     75  1.122732489601187E-005 -2.656950548130804E-004
     30     76  2.764993099810926E-004  1.757612364068155E-005
     30     77  1.058791184067875E-021 -9.486769009248164E-020
     30     78  3.693647160838995E-004  8.564929185025078E-006
     30     79  1.122318655111948E-020 -9.486769009248164E-020
     30     80  2.764993099810926E-004  1.757612364068161E-005
     30     81 -1.363251965415519E-005  2.163810529246010E-004
     30     82  1.006373233903671E-019 -3.824273221800222E-021
     30     83 -2.097370730036056E-005  3.446753786093812E-004
     30     84  1.224789610199661E-019  7.629680833096193E-021
     30     85 -2.097370730036060E-005  3.446753786093812E-004
     30     86  9.894305080814649E-020  1.503998099541118E-020
     30     87 -1.363251965415526E-005  2.163810529246010E-004
     30     88 -1.499801038894422E-004 -9.441386372180167E-006
     30     89  4.526554423723734E-021  7.671970016910135E-020
     30     90 -2.591520500192507E-004 -1.629863283214707E-005
     30     91 -1.799569944164290E-021  8.697670181760865E-020
     30     92 -2.919521931451648E-004 -1.835939797779235E-005
     30     93 -9.149721234145437E-021  8.696052037987707E-020
     30     94 -2.591520500192507E-004 -1.629863283214714E-005
     30     95 -1.418292158713737E-020  7.667851105487554E-020
     30     96 -1.499801038894422E-004 -9.441386372180237E-006
     31     31  1.000000000000000E+000  0.000000000000000E+000
     31     49 -1.073149285020923E-006  6.630917812190491E-005
     31     50  3.412041510991411E-021  1.555628283205751E-021
     31     51  1.073149285020933E-006 -6.630917812190491E-005
     31     52 -6.904385408403220E-005 -2.585691964069936E-006
     31     53 -3.599890025830776E-021 -3.388131789017201E-021
     31     54  3.849303753759257E-005  3.298779019191785E-006
     31     55  1.270549420881451E-021  0.000000000000000E+000
     31     56  3.761442054506525E-005 -1.077498263362621E-007
     31     57  1.993057806613617E-006 -5.403110257168195E-005
     31     58 -1.792786001576416E-021 -1.913154489000209E-021
     31     59 -4.869408010767286E-007  1.132297394609808E-005
     31     60  5.828334461496295E-021 -2.405923459026375E-022
     31     61 -1.182302722167073E-006  3.079993379043751E-005
     31     62 -1.224449902036602E-021  1.064274195655555E-021
     31     63 -7.000673333560648E-007  2.140283854019518E-005
     31     64  3.745050420549753E-005  1.379523732386439E-006
     31     65  1.461677813348522E-021  3.217899548891540E-024
     31     66 -4.036489185330503E-007 -1.600660698693317E-008
     31     67  7.099577950549962E-022  1.562979780890177E-024
     31     68 -1.534612133934564E-005 -5.664878559646408E-007
     31     69 -2.088111161926459E-022 -4.596999355559343E-025
     31     70 -1.900782975412532E-005 -7.005501496825350E-007
     31     71 -9.605311344861713E-022 -2.114619703557298E-024
     31     72 -1.177153163155340E-005 -4.316082431812351E-007
     31     73  2.184007751596754E-020  4.757606625499908E-021
     31     74  1.372559092882132E-005  1.005817823704495E-004
     31     75  2.122090977837114E-020 -4.161835082687616E-021
     31     76 -8.470329472543003E-022  2.371692252312041E-020
     31     77 -1.946127067612161E-004 -6.313469101178802E-006
     31     78 -3.811648262644352E-021  4.404571325722362E-020
     31     79 -1.264761663014911E-004 -1.083876333260823E-005
     31     80  4.077652417964785E-022  2.371692252312041E-020
     31     81 -2.156740865227873E-020  1.862352951718581E-021
     31     82  7.255324241628853E-006 -1.973255081662075E-004
     31     83 -1.796229759632527E-020 -3.296028321763749E-021
     31     84  5.999640423184712E-006 -1.565987814780351E-004
     31     85 -1.579290267552790E-020 -3.515928845881752E-021
     31     86  3.698470414031489E-006 -8.858344214493265E-005
     31     87 -2.885988894260093E-020  7.234023638604697E-022
     31     88 -2.291611227956707E-021 -2.138740693740517E-020
     31     89  1.608930807648457E-004  5.926340381534901E-006
     31     90  2.195172245103982E-021 -1.068634826973369E-020
     31     91  1.423940516832530E-004  5.249043010691131E-006
     31     92  4.539800347181252E-021 -4.611351479145329E-020
     31     93  1.023524979201580E-004  3.778247663841823E-006
     31     94  2.529270031012215E-021 -1.068561274983680E-020
     31     95  5.495308739907391E-005  2.034981664300650E-006
     31     96 -9.552200843237729E-022 -2.138446485781761E-020
     32     32  1.000000000000000E+000  0.000000000000000E+000
     32     50 -3.032901415977548E-007  3.075227088693665E-005
     32     51  6.191677375963995E-023  8.919441708187525E-022
     32     52  3.970466940254533E-023 -4.235164736271502E-022
     32     53 -2.264497994783354E-005 -7.047565910356634E-007
     32     54 -1.005851624864482E-021  2.541098841762901E-021
     32     55 -1.233362210836399E-005  1.132892932598667E-007
     32     56 -8.082998132998193E-022 -4.235164736271502E-022
     32     57 -4.492955721141394E-022  2.710020439585227E-023
     32     58  4.421699444848554E-007 -1.446916837190839E-005
     32     59  8.548335600274017E-025 -3.930801985023703E-022
     32     60  3.250081653213133E-007 -1.106429923563461E-005
     32     61  9.455065740546688E-024 -4.772933649996959E-022
     32     62  1.512110672479819E-007 -5.731385875905758E-006
     32     63 -7.052626708840453E-022 -3.244225713700946E-022
     32     65  8.685361522781191E-006  2.649744591574728E-007
     32     66  2.557936173359913E-022  5.631324210560195E-025
     32     67  7.597359407647778E-006  2.316056636954609E-007
     32     68  3.985119236374434E-022 -1.766627483955183E-021
     32     69  5.346444542737713E-006  1.627585319418435E-007
     32     70  3.288775080034173E-022  7.240273985005965E-025
     32     71  2.730000567850616E-006  8.282207005730309E-008
     32     72  2.088111161926459E-022  4.596999355559343E-025
     32     73 -2.829410425168161E-006 -7.404268697597958E-005
     32     74 -3.910421390294007E-021  2.063937316052579E-021
     32     75  3.830277479434342E-006 -2.744077902940543E-005
     32     76  1.166684780312444E-004  3.311385849248525E-006
     32     77  2.911675756186657E-022 -6.352747104407253E-021
     32     78  4.314489465812878E-005  1.342754506734047E-006
     32     79 -3.970466940254533E-022 -7.199780051661553E-021
     32     80  1.134723094164981E-005 -1.647392327600590E-006
     32     81 -3.676513062870039E-006  1.206152184834002E-004
     32     82  8.084450499674416E-021  8.318227015611878E-022
     32     83 -1.601834396963528E-006  5.249658911906070E-005
     32     84  1.003356789864702E-020  2.283409407613443E-022
     32     85 -6.534009093927857E-007  2.284301598229262E-005
     32     86  4.597755473045786E-021 -3.269287150356454E-022
     32     87 -3.245960523144765E-009  5.767423569153914E-006
     32     88 -1.032892435385862E-004 -3.151024502258348E-006
     32     89 -9.364213887729900E-022  8.016324182081159E-021
     32     90 -4.987286996929619E-005 -1.521476556197616E-006
     32     91 -6.858480493418148E-022  8.016875822003826E-021
     32     92 -2.642770906697121E-005 -8.056492749632182E-007
     32     93 -1.847013704794646E-022  8.017979101849159E-021
     32     94 -1.203247308719079E-005 -3.652076664246688E-007
     32     95  2.329208619058273E-022  8.018898501720272E-021
     32     96 -3.172963876551529E-006 -9.182457119838146E-008
     33     33  1.000000000000000E+000  0.000000000000000E+000
     34     34  1.000000000000000E+000  0.000000000000000E+000
     35     35  1.000000000000000E+000  0.000000000000000E+000
     36     36  1.000000000000000E+000  0.000000000000000E+000
     37     37  1.000000000000000E+000  0.000000000000000E+000
     38     38  1.000000000000000E+000  0.000000000000000E+000
     39     39  1.000000000000000E+000  0.000000000000000E+000
     40     40  1.000000000000000E+000  0.000000000000000E+000
     41     41  1.000000000000000E+000  0.000000000000000E+000
     42     42  1.000000000000000E+000  0.000000000000000E+000
     43     43  1.000000000000000E+000  0.000000000000000E+000
     44     44  1.000000000000000E+000  0.000000000000000E+000
     45     45  1.000000000000000E+000  0.000000000000000E+000
     46     46  1.000000000000000E+000  0.000000000000000E+000
     47     47  1.000000000000000E+000  0.000000000000000E+000
     48     48  1.000000000000000E+000  0.000000000000000E+000
     49     49  1.000000000000000E+000  0.000000000000000E+000
     50     50  1.000000000000000E+000  0.000000000000000E+000
     51     51  1.000000000000000E+000  0.000000000000000E+000
     52     52  1.000000000000000E+000  0.000000000000000E+000
     53     53  1.000000000000000E+000  0.000000000000000E+000
     54     54  1.000000000000000E+000  0.000000000000000E+000
     55     55  1.000000000000000E+000  0.000000000000000E+000
     56     56  1.000000000000000E+000  0.000000000000000E+000
     57     57  1.000000000000000E+000  0.000000000000000E+000
     58     58  1.000000000000000E+000  0.000000000000000E+000
     59     59  1.000000000000000E+000  0.000000000000000E+000
     60     60  1.000000000000000E+000  0.000000000000000E+000
     61     61  1.000000000000000E+000  0.000000000000000E+000
     62     62  1.000000000000000E+000  0.000000000000000E+000
     63     63  1.000000000000000E+000  0.000000000000000E+000
     64     64  1.000000000000000E+000  0.000000000000000E+000
     65     65  1.000000000000000E+000  0.000000000000000E+000
     66     66  1.000000000000000E+000  0.000000000000000E+000
     67     67  1.000000000000000E+000  0.000000000000000E+000
     68     68  1.000000000000000E+000  0.000000000000000E+000
     69     69  1.000000000000000E+000  0.000000000000000E+000
     70     70  1.000000000000000E+000  0.000000000000000E+000
     71     71  1.000000000000000E+000  0.000000000000000E+000
     72     72  1.000000000000000E+000  0.000000000000000E+000
     73     73  1.000000000000000E+000  0.000000000000000E+000
     74     74  1.000000000000000E+000  0.000000000000000E+000
     75     75  1.000000000000000E+000  0.000000000000000E+000
     76      1 -4.293453846150655E-007  2.228201942043311E-005
     76      2  9.104762519117847E-007 -6.226380725517905E-005
     76      3  4.293453846150651E-007 -2.228201942043311E-005
     76      4  7.482361445879550E-006 -7.605764953555700E-007
     76      5 -1.969450218550488E-005  5.793686822067959E-007
     76      6  2.556668806986535E-005  3.018249516599287E-006
     76      7 -5.112393878080153E-005 -2.114073469011320E-006
     76      8 -2.835747484057030E-005 -1.703813915334508E-006
     76      9 -2.870237790056316E-007 -1.821637341868877E-006
     76     10 -1.702159061433282E-007  7.127593761489931E-006
     76     11  1.132123659381327E-006 -1.728175185741416E-005
     76     12 -7.647052033373032E-007  2.239969246131322E-005
     76     13  8.782644747046999E-007 -1.073726000628858E-005
     76     14 -1.225938392888056E-006  3.376846237930895E-005
     76     15 -1.270216173539998E-006  2.352507060693063E-005
     76     16  2.716512331019175E-007  2.597611276586890E-007
     76     17  2.476261077046868E-006  7.197627852111338E-008
     76     18 -9.582158883184106E-006 -5.703398139731394E-007
     76     19  9.670810908637275E-006  3.349545455544275E-007
     76     20 -1.020871076601382E-005 -7.046822612674877E-007
     76     21  1.653380567821671E-005  5.882956625676565E-007
     76     22 -3.330952314610258E-006 -3.210205749561101E-007
     76     23  2.063403848649107E-005  7.422538710054360E-007
     76     24  1.681078920764174E-005  9.193978311616119E-007
     76     25 -1.033062895459977E-005  7.219695978687609E-005
     76     26 -4.508240225445423E-006 -3.381462862259774E-005
     76     27  2.704673885991139E-006  1.666199776388866E-004
     76     28  4.594988830373287E-005 -4.779292495225514E-007
     76     29 -3.120354764177330E-005 -3.828522156496004E-006
     76     30  9.674190233351697E-005  5.970607452245538E-006
     76     31 -7.668026534478265E-005 -2.268204971972900E-006
     76     32  2.591549562775295E-004  1.057757650210701E-005
     76     33  3.261960754175509E-006 -3.619277786642904E-005
     76     34  3.557591226862253E-007  1.185987270001743E-005
     76     35  3.608091620885081E-006 -5.368050433918267E-005
     76     36 -2.178452717556199E-006  5.261864308959647E-005
     76     37  5.814255463426040E-006 -1.137134674520485E-004
     76     38 -4.333051435566060E-006  8.420818651826693E-005
     76     39  1.180639657534157E-005 -2.686994442260422E-004
     76     40 -2.814733395350188E-005 -2.930616866640430E-006
     76     41  1.025843889910992E-006 -9.763737690920851E-007
     76     42 -3.126748565816653E-005 -2.528272253618697E-006
     76     43  2.780022352674484E-005  7.267110622438063E-007
     76     44 -5.704751251314572E-005 -3.353164842042355E-006
     76     45  5.443724941776987E-005  2.560525915772389E-006
     76     46 -1.078750019026972E-004 -5.234159629179908E-006
     76     47  7.150079006395185E-005  3.875444283880852E-006
     76     48 -2.308317704948707E-004 -1.008972193812460E-005
     76     76  1.000000000000000E+000  0.000000000000000E+000
     77      1 -6.438038689755847E-007  4.402715707031420E-005
     77      2  6.071860658649067E-007 -3.151153406143720E-005
     77      3  6.438038689755775E-007 -4.402715707031420E-005
     77      4  9.378426300258071E-006 -2.106060916723717E-006
     77      5 -1.791991663284627E-005 -4.716184864661191E-007
     77      6  6.376215692087601E-005  7.038396260793468E-006
     77      7 -1.791991965360358E-005 -4.716189335128054E-007
     77      8 -6.144000941873051E-005 -3.640765565428638E-006
     77      9 -8.804487324417059E-007  2.010593974705904E-006
     77     10 -4.013864840925070E-007  1.034774890507845E-005
     77     11  2.461162579468491E-006 -4.139306820237781E-005
     77     12 -4.396970058279182E-007  1.133539239587000E-005
     77     13  2.019659861638563E-006 -2.846060068825419E-005
     77     14 -4.013867444389424E-007  1.034775147288997E-005
     77     15 -2.590381405902300E-006  5.209782528227507E-005
     77     16  4.952067611629672E-006  7.322124754211527E-007
     77     17  5.847467433162692E-006  2.332167067409235E-007
     77     18 -2.227287196436860E-005 -1.206337032947369E-006
     77     19  6.630405502050409E-006  2.644429542494884E-007
     77     20 -2.545061944183048E-005 -1.563311316219392E-006
     77     21  6.630406163658950E-006  2.644430195181366E-007
     77     22 -9.919898154970413E-006 -7.711127475202365E-007
     77     23  5.847469183614353E-006  2.332168794255334E-007
     77     24  3.763496426339143E-005  1.883707699197116E-006
     77     25 -9.812894763982660E-006  1.134229081645235E-004
     77     26 -9.217350373349722E-006 -6.676715127244831E-005
     77     27 -3.437280294721791E-006  1.612440145692107E-004
     77     28  1.116962640499178E-004  6.112345639608333E-006
     77     29 -4.995944401166110E-005 -7.900604540795261E-006
     77     30  1.352429972209724E-004  7.479687756985044E-006
     77     31 -1.632456081668441E-004 -3.154900318211189E-006
     77     32  2.195800770364737E-004  1.220907276807721E-005
     77     33  8.152052206258536E-006 -9.730467492630106E-005
     77     34  1.671022223946441E-006  4.740072024355255E-006
     77     35  7.572282436289051E-006 -1.057512615358384E-004
     77     36 -3.821187546154594E-006  1.039801345364853E-004
     77     37  8.830012699186993E-006 -1.361306492880098E-004
     77     38 -8.647524275568694E-006  1.851008120358280E-004
     77     39  1.302322056848330E-005 -2.149635377584383E-004
     77     40 -7.606193539807963E-005 -6.725233749744656E-006
     77     41 -1.618818194174133E-005 -2.848901222835883E-006
     77     42 -7.688097419029873E-005 -5.858607777575869E-006
     77     43  4.805113255630998E-005  8.365677026135382E-007
     77     44 -9.132455326920852E-005 -6.293011797521865E-006
     77     45  1.144579380823833E-004  4.903485753260582E-006
     77     46 -1.156480907147731E-004 -7.408226149924138E-006
     77     47  1.595077108424782E-004  7.911152541655777E-006
     77     48 -1.786300847689015E-004 -1.082513859003485E-005
     77     77  1.000000000000000E+000  0.000000000000000E+000
     78      1  1.163330672282245E-020 -1.019273263172005E-021
     78      2  8.891263212968684E-022  2.337771629215387E-021
     78      3 -1.166380408011609E-020 -5.897709422915368E-022
     78      4 -8.522228123402781E-006 -1.006082989693729E-006
     78      5 -3.849303628985141E-005 -3.298778871890974E-006
     78      6  2.087511037393344E-005  2.464389963643403E-006
     78      7  3.849303628985143E-005  3.298778871890970E-006
     78      8 -8.522228123402781E-006 -1.006082989693712E-006
     78      9 -6.357404182955776E-007  8.860388243752241E-006
     78     10 -1.292990397258980E-006  3.262826297228558E-005
     78     11  8.207373508565581E-007 -1.143871203632813E-005
     78     12  2.122774477849267E-021 -6.734146337909457E-022
     78     13  8.207373508565611E-007 -1.143871203632813E-005
     78     14  1.292990397258972E-006 -3.262826297228558E-005
     78     15 -6.357404182955623E-007  8.860388243752241E-006
     78     16  6.973876096260621E-006  4.813895294240395E-007
     78     17  2.223864187013050E-005  8.209188444553483E-007
     78     18 -5.271754807109582E-006 -3.638962796018269E-007
     78     19  8.405416554884817E-006  3.102781584279089E-007
     78     20 -8.335376228203953E-006 -5.753705378016242E-007
     78     21 -8.405416554884817E-006 -3.102781584279079E-007
     78     22 -5.271754807109582E-006 -3.638962796018289E-007
     78     23 -2.223864187013051E-005 -8.209188444553409E-007
     78     24  6.973876096260621E-006  4.813895294240255E-007
     78     25 -3.113282327928017E-006  9.749659002056951E-005
     78     26 -2.601866128834970E-020  2.751778676252300E-021
     78     27 -3.113282327928007E-006  9.749659002056951E-005
     78     28  9.674188525078288E-005  5.970606263880108E-006
     78     29  1.856578955949073E-005 -6.369968099886151E-007
     78     30  1.471259567800734E-004  3.496854452431415E-007
     78     31 -1.856578955949074E-005  6.369968099887066E-007
     78     32  9.674188525078288E-005  5.970606263880086E-006
     78     33  4.373202940392917E-006 -7.010067676953528E-005
     78     34  1.914198490557471E-006 -2.953607115347233E-005
     78     35  6.142595382130342E-006 -1.385309901487935E-004
     78     36  5.691533667743929E-020  1.404170021822506E-021
     78     37  6.142595382130324E-006 -1.385309901487935E-004
     78     38 -1.914198490557382E-006  2.953607115347234E-005
     78     39  4.373202940392892E-006 -7.010067676953528E-005
     78     40 -4.456327774585550E-005 -3.068853006381168E-006
     78     41 -2.877127212665506E-005 -1.980746015214256E-006
     78     42 -1.030406748576068E-004 -4.867326931865917E-006
     78     43 -1.087451870715626E-005 -7.486516238056074E-007
     78     44 -1.196846287788413E-004 -5.423139506336457E-006
     78     45  1.087451870715626E-005  7.486516238055289E-007
     78     46 -1.030406748576068E-004 -4.867326931865891E-006
     78     47  2.877127212665506E-005  1.980746015214176E-006
     78     48 -4.456327774585550E-005 -3.068853006381147E-006
     78     78  1.000000000000000E+000  0.000000000000000E+000
     79      1 -6.438038689756059E-007  4.402715707031418E-005
     79      2  6.071860658649240E-007 -3.151153406143721E-005
     79      3  6.438038689755987E-007 -4.402715707031418E-005
     79      4  6.144000941873047E-005  3.640765565428671E-006
     79      5 -1.791991965360358E-005 -4.716189335128156E-007
     79      6 -6.376215692087600E-005 -7.038396260793475E-006
     79      7 -1.791991663284626E-005 -4.716184864661326E-007
     79      8 -9.378426300258065E-006  2.106060916723702E-006
     79      9  2.590381405902334E-006 -5.209782528227505E-005
     79     10 -4.013867444389520E-007  1.034775147288997E-005
     79     11 -2.019659861638564E-006  2.846060068825417E-005
     79     12 -4.396970058279400E-007  1.133539239587000E-005
     79     13 -2.461162579468489E-006  4.139306820237780E-005
     79     14 -4.013864840925166E-007  1.034774890507845E-005
     79     15  8.804487324416948E-007 -2.010593974705907E-006
     79     16 -3.763496426339141E-005 -1.883707699197142E-006
     79     17  5.847469183614354E-006  2.332168794255341E-007
     79     18  9.919898154970411E-006  7.711127475202362E-007
     79     19  6.630406163658950E-006  2.644430195181392E-007
     79     20  2.545061944183048E-005  1.563311316219396E-006
     79     21  6.630405502050409E-006  2.644429542494938E-007
     79     22  2.227287196436859E-005  1.206337032947367E-006
     79     23  5.847467433162692E-006  2.332167067409275E-007
     79     24 -4.952067611629677E-006 -7.322124754211427E-007
     79     25  3.437280294721848E-006 -1.612440145692107E-004
     79     26 -9.217350373349661E-006 -6.676715127244827E-005
     79     27  9.812894763982669E-006 -1.134229081645235E-004
     79     28 -2.195800770364737E-004 -1.220907276807735E-005
     79     29 -1.632456081668440E-004 -3.154900318211302E-006
     79     30 -1.352429972209724E-004 -7.479687756985125E-006
     79     31 -4.995944401166106E-005 -7.900604540795344E-006
     79     32 -1.116962640499178E-004 -6.112345639608309E-006
     79     33 -1.302322056848344E-005  2.149635377584383E-004
     79     34 -8.647524275568831E-006  1.851008120358279E-004
     79     35 -8.830012699187064E-006  1.361306492880098E-004
     79     36 -3.821187546154690E-006  1.039801345364853E-004
     79     37 -7.572282436289081E-006  1.057512615358384E-004
     79     38  1.671022223946352E-006  4.740072024355232E-006
     79     39 -8.152052206258511E-006  9.730467492630106E-005
     79     40  1.786300847689014E-004  1.082513859003500E-005
     79     41  1.595077108424781E-004  7.911152541655915E-006
     79     42  1.156480907147731E-004  7.408226149924204E-006
     79     43  1.144579380823832E-004  4.903485753260683E-006
     79     44  9.132455326920851E-005  6.293011797521942E-006
     79     45  4.805113255630996E-005  8.365677026136157E-007
     79     46  7.688097419029871E-005  5.858607777575876E-006
     79     47 -1.618818194174134E-005 -2.848901222835802E-006
     79     48  7.606193539807965E-005  6.725233749744635E-006
     79     79  1.000000000000000E+000  0.000000000000000E+000
     80      1  4.293453846150655E-007 -2.228201942043311E-005
     80      2 -9.104762519118034E-007  6.226380725517904E-005
     80      3 -4.293453846150655E-007  2.228201942043311E-005
     80      4 -2.835747484057029E-005 -1.703813915334519E-006
     80      5  5.112393878080153E-005  2.114073469011338E-006
     80      6  2.556668806986534E-005  3.018249516599301E-006
     80      7  1.969450218550489E-005 -5.793686822067942E-007
     80      8  7.482361445879546E-006 -7.605764953555742E-007
     80      9 -1.270216173540009E-006  2.352507060693062E-005
     80     10  1.225938392888075E-006 -3.376846237930894E-005
     80     11  8.782644747047005E-007 -1.073726000628858E-005
     80     12  7.647052033373160E-007 -2.239969246131322E-005
     80     13  1.132123659381327E-006 -1.728175185741416E-005
     80     14  1.702159061433307E-007 -7.127593761489931E-006
     80     15 -2.870237790056357E-007 -1.821637341868875E-006
     80     16  1.681078920764174E-005  9.193978311616198E-007
     80     17 -2.063403848649107E-005 -7.422538710054495E-007
     80     18 -3.330952314610258E-006 -3.210205749561114E-007
     80     19 -1.653380567821670E-005 -5.882956625676639E-007
     80     20 -1.020871076601382E-005 -7.046822612674956E-007
     80     21 -9.670810908637274E-006 -3.349545455544282E-007
     80     22 -9.582158883184103E-006 -5.703398139731380E-007
     80     23 -2.476261077046869E-006 -7.197627852111505E-008
     80     24  2.716512331019182E-007  2.597611276586890E-007
     80     25  2.704673885991061E-006  1.666199776388866E-004
     80     26  4.508240225445407E-006  3.381462862259774E-005
     80     27 -1.033062895459978E-005  7.219695978687605E-005
     80     28  2.591549562775295E-004  1.057757650210716E-005
     80     29  7.668026534478264E-005  2.268204971972932E-006
     80     30  9.674190233351693E-005  5.970607452245591E-006
     80     31  3.120354764177329E-005  3.828522156496040E-006
     80     32  4.594988830373287E-005 -4.779292495225454E-007
     80     33  1.180639657534176E-005 -2.686994442260422E-004
     80     34  4.333051435566131E-006 -8.420818651826693E-005
     80     35  5.814255463426099E-006 -1.137134674520485E-004
     80     36  2.178452717556238E-006 -5.261864308959647E-005
     80     37  3.608091620885096E-006 -5.368050433918267E-005
     80     38 -3.557591226861858E-007 -1.185987270001743E-005
     80     39  3.261960754175509E-006 -3.619277786642905E-005
     80     40 -2.308317704948707E-004 -1.008972193812477E-005
     80     41 -7.150079006395182E-005 -3.875444283880927E-006
     80     42 -1.078750019026972E-004 -5.234159629179971E-006
     80     43 -5.443724941776985E-005 -2.560525915772426E-006
     80     44 -5.704751251314570E-005 -3.353164842042401E-006
     80     45 -2.780022352674483E-005 -7.267110622438437E-007
     80     46 -3.126748565816652E-005 -2.528272253618708E-006
     80     47 -1.025843889910995E-006  9.763737690920637E-007
     80     48 -2.814733395350187E-005 -2.930616866640436E-006
     80     80  1.000000000000000E+000  0.000000000000000E+000
     81     81  1.000000000000000E+000  0.000000000000000E+000
     82     82  1.000000000000000E+000  0.000000000000000E+000
     83     83  1.000000000000000E+000  0.000000000000000E+000
     84     84  1.000000000000000E+000  0.000000000000000E+000
     85     85  1.000000000000000E+000  0.000000000000000E+000
     86     86  1.000000000000000E+000  0.000000000000000E+000
     87     87  1.000000000000000E+000  0.000000000000000E+000
     88     88  1.000000000000000E+000  0.000000000000000E+000
     89     89  1.000000000000000E+000  0.000000000000000E+000
     90     90  1.000000000000000E+000  0.000000000000000E+000
     91     91  1.000000000000000E+000  0.000000000000000E+000
     92     92  1.000000000000000E+000  0.000000000000000E+000
     93     93  1.000000000000000E+000  0.000000000000000E+000
     94     94  1.000000000000000E+000  0.000000000000000E+000
     95     95  1.000000000000000E+000  0.000000000000000E+000
     96     96  1.000000000000000E+000  0.000000000000000E+000
