ModeAndScheme 2 1 
MultipoleCutoff 16
ScattererCentredCrossSections
Incidence 0 0.0 0.0 1
OutputFormat HDF5 xsec_40_0_16_
Wavelength 633
Medium 1.7689 # epsilon of water
Verbosity 3 # show timings

Scatterers  40 
Au                    100                   0                     -487.5                30                   
Au                    70.7106781186548      70.7106781186547      -462.5                30                   
Au                    6.12323399573677e-15  100                   -437.5                30                   
Au                    -70.7106781186547     70.7106781186548      -412.5                30                   
Au                    -100                  1.22464679914735e-14  -387.5                30                   
Au                    -70.7106781186548     -70.7106781186547     -362.5                30                   
Au                    -1.83697019872103e-14 -100                  -337.5                30                   
Au                    70.7106781186547      -70.7106781186548     -312.5                30                   
Au                    100                   -2.44929359829471e-14 -287.5                30                   
Au                    70.7106781186548      70.7106781186547      -262.5                30                   
Au                    3.06161699786838e-14  100                   -237.5                30                   
Au                    -70.7106781186547     70.7106781186548      -212.5                30                   
Au                    -100                  3.67394039744206e-14  -187.5                30                   
Au                    -70.7106781186547     -70.7106781186548     -162.5                30                   
Au                    -4.28626379701574e-14 -100                  -137.5                30                   
Au                    70.7106781186547      -70.7106781186548     -112.5                30                   
Au                    100                   -4.89858719658941e-14 -87.5                 30                   
Au                    70.7106781186547      70.7106781186548      -62.4999999999999     30                   
Au                    5.51091059616309e-14  100                   -37.5                 30                   
Au                    -70.7106781186546     70.7106781186549      -12.5000000000001     30                   
Au                    -100                  6.12323399573677e-14  12.4999999999999      30                   
Au                    -70.7106781186547     -70.7106781186548     37.5000000000001      30                   
Au                    -2.44991257893129e-13 -100                  62.5                  30                   
Au                    70.7106781186546      -70.7106781186549     87.5                  30                   
Au                    100                   -7.34788079488412e-14 112.5                 30                   
Au                    70.7106781186547      70.7106781186548      137.5                 30                   
Au                    -9.80336419954471e-14 100                   162.5                 30                   
Au                    -70.7106781186546     70.7106781186549      187.5                 30                   
Au                    -100                  8.57252759403147e-14  212.5                 30                   
Au                    -70.7106781186547     -70.7106781186548     237.5                 30                   
Au                    -2.69484193876077e-13 -100                  262.5                 30                   
Au                    70.7106781186546      -70.7106781186549     287.5                 30                   
Au                    100                   -9.79717439317883e-14 312.5                 30                   
Au                    70.7106781186548      70.7106781186547      337.5                 30                   
Au                    -7.35407060125e-14    100                   362.5                 30                   
Au                    -70.7106781186546     70.7106781186549      387.5                 30                   
Au                    -100                  1.10218211923262e-13  412.5                 30                   
Au                    -70.7106781186548     -70.7106781186547     437.5                 30                   
Au                    -2.93977129859024e-13 -100                  462.5                 30                   
Au                    70.7106781186546      -70.7106781186549     487.5                 30                   
