ModeAndScheme 2 2 
MultipoleCutoff 8
ScattererCentredCrossSections
Incidence 0 0.0 0.0 1
OutputFormat HDF5 xsec_20_0_8_
Wavelength 633
Medium 1.7689 # epsilon of water
Verbosity 3 # show timings

Scatterers  20 
Au                    100                   0                     -237.5                30                   
Au                    70.7106781186548      70.7106781186547      -212.5                30                   
Au                    6.12323399573677e-15  100                   -187.5                30                   
Au                    -70.7106781186547     70.7106781186548      -162.5                30                   
Au                    -100                  1.22464679914735e-14  -137.5                30                   
Au                    -70.7106781186548     -70.7106781186547     -112.5                30                   
Au                    -1.83697019872103e-14 -100                  -87.5                 30                   
Au                    70.7106781186547      -70.7106781186548     -62.5                 30                   
Au                    100                   -2.44929359829471e-14 -37.5                 30                   
Au                    70.7106781186548      70.7106781186547      -12.5                 30                   
Au                    3.06161699786838e-14  100                   12.5                  30                   
Au                    -70.7106781186547     70.7106781186548      37.5                  30                   
Au                    -100                  3.67394039744206e-14  62.5                  30                   
Au                    -70.7106781186547     -70.7106781186548     87.5                  30                   
Au                    -4.28626379701574e-14 -100                  112.5                 30                   
Au                    70.7106781186547      -70.7106781186548     137.5                 30                   
Au                    100                   -4.89858719658941e-14 162.5                 30                   
Au                    70.7106781186547      70.7106781186548      187.5                 30                   
Au                    5.51091059616309e-14  100                   212.5                 30                   
Au                    -70.7106781186546     70.7106781186549      237.5                 30                   
