ModeAndScheme 1 0 
MultipoleCutoff 16
ScattererCentredCrossSections
Incidence 0 0.0 0.0 1 
OutputFormat HDF5 map_tmp
Wavelength 633
Medium 1.7689 # epsilon of water
Verbosity 2 # show timings

SpacePoints 32 0 0 0 0 0 0 0 0 # picking a point
MapQuantity 2 E C
MapOaQuantity E C

Scatterers  30 
Au                -700              -700              989.949493661166  30               
Au                -650              -650              919.238815542512  30               
Au                -600              -600              848.528137423857  30               
Au                -550              -550              777.817459305202  30               
Au                -500              -500              707.106781186547  30               
Au                -450              -450              636.396103067893  30               
Au                -400              -400              565.685424949238  30               
Au                -350              -350              494.974746830583  30               
Au                -300              -300              424.264068711928  30               
Au                -250              -250              353.553390593274  30               
Au                -200              -200              282.842712474619  30               
Au                -150              -150              212.132034355964  30               
Au                -100              -100              141.421356237309  30               
Au                -50               -50               70.7106781186547  30               
Au                0                 0                 0                 30               
Au                50                50                -70.7106781186547 30               
Au                100               100               -141.421356237309 30               
Au                150               150               -212.132034355964 30               
Au                200               200               -282.842712474619 30               
Au                250               250               -353.553390593274 30               
Au                300               300               -424.264068711928 30               
Au                350               350               -494.974746830583 30               
Au                400               400               -565.685424949238 30               
Au                450               450               -636.396103067893 30               
Au                500               500               -707.106781186547 30               
Au                550               550               -777.817459305202 30               
Au                600               600               -848.528137423857 30               
Au                650               650               -919.238815542512 30               
Au                700               700               -989.949493661166 30               
Au                750               750               -1060.66017177982 30               
