225.563909774436 0.961049239640454 1.6450901690316
226.315789473684 0.956526654983323 1.5591610605461
227.067669172932 0.952004070326191 1.4732319520606
227.81954887218 0.94748148566906 1.3873028435751
228.571428571429 0.942958901011928 1.3013737350896
229.323308270677 0.938436316354797 1.2154446266041
230.075187969925 0.933913731697665 1.1295155181186
230.827067669173 0.929391147040533 1.04358640963311
231.578947368421 0.924868562383402 0.957657301147606
232.330827067669 0.92034597772627 0.871728192662106
233.082706766917 0.915823393069139 0.785799084176607
233.834586466165 0.85595567867036 0.736955169879586
234.586466165414 0.796087964271581 0.688111255582565
235.338345864662 0.736220249872802 0.639267341285545
236.09022556391 0.676352535474023 0.590423426988524
236.842105263158 0.616484821075244 0.541579512691503
237.593984962406 0.556617106676466 0.492735598394482
238.345864661654 0.496749392277687 0.443891684097462
239.097744360902 0.436881677878908 0.395047769800441
239.84962406015 0.377013963480129 0.34620385550342
240.601503759398 0.31714624908135 0.297359941206399
241.353383458647 0.26327095935327 0.282944202611793
242.105263157895 0.209395669625191 0.268528464017186
242.857142857143 0.155520379897111 0.254112725422579
243.609022556391 0.101645090169032 0.239696986827972
244.360902255639 0.047769800440952 0.225281248233365
245.112781954887 -0.00610548928712759 0.210865509638759
245.864661654135 -0.0599807790152072 0.196449771044152
246.616541353383 -0.113856068743287 0.182034032449545
247.368421052632 -0.167731358471366 0.167618293854938
248.12030075188 -0.221606648199446 0.153202555260331
248.872180451128 -0.263327491661485 0.153541749109616
249.624060150376 -0.305048335123523 0.153880942958901
250.375939849624 -0.346769178585562 0.154220136808186
251.127819548872 -0.3884900220476 0.154559330657471
251.87969924812 -0.430210865509639 0.154898524506756
252.631578947368 -0.471931708971677 0.15523771835604
253.383458646617 -0.513652552433716 0.155576912205325
254.135338345865 -0.555373395895754 0.15591610605461
254.887218045113 -0.597094239357793 0.156255299903895
255.639097744361 -0.638815082819831 0.15659449375318
256.390977443609 -0.671038498501894 0.156424896828537
257.142857142857 -0.703261914183956 0.156255299903895
257.894736842105 -0.735485329866018 0.156085702979253
258.646616541353 -0.767708745548081 0.15591610605461
259.398496240602 -0.799932161230143 0.155746509129968
260.15037593985 -0.832155576912205 0.155576912205325
260.902255639098 -0.864378992594268 0.155407315280683
261.654135338346 -0.89660240827633 0.15523771835604
262.406015037594 -0.928825823958392 0.155068121431398
263.157894736842 -0.961049239640454 0.154898524506756
263.90977443609 -0.992142009158234 0.154446266041042
264.661654135338 -1.02323477867601 0.153994007575329
265.413533834586 -1.05432754819379 0.153541749109616
266.165413533835 -1.08542031771157 0.153089490643903
266.917293233083 -1.11651308722935 0.15263723217819
267.669172932331 -1.14760585674713 0.152184973712477
268.421052631579 -1.17869862626491 0.151732715246764
269.172932330827 -1.20979139578269 0.15128045678105
269.924812030075 -1.24088416530047 0.150828198315337
270.676691729323 -1.27197693481825 0.150375939849624
271.428571428571 -1.3013737350896 0.149980213692125
272.18045112782 -1.33077053536096 0.149584487534626
272.932330827068 -1.36016733563231 0.149188761377127
273.684210526316 -1.38956413590367 0.148793035219628
274.436090225564 -1.41896093617502 0.148397309062129
275.187969924812 -1.44835773644638 0.14800158290463
275.93984962406 -1.47775453671773 0.147605856747131
276.691729323308 -1.50715133698909 0.147210130589632
277.443609022556 -1.53654813726044 0.146814404432133
278.195488721805 -1.5659449375318 0.146418678274634
278.947368421053 -1.59477641472101 0.146475210582848
279.699248120301 -1.62360789191023 0.146531742891062
280.451127819549 -1.65243936909944 0.146588275199276
281.203007518797 -1.68127084628865 0.146644807507491
281.954887218045 -1.71010232347787 0.146701339815705
282.706766917293 -1.73893380066708 0.146757872123919
283.458646616541 -1.76776527785629 0.146814404432133
284.210526315789 -1.79659675504551 0.146870936740347
284.962406015038 -1.82542823223472 0.146927469048561
285.714285714286 -1.85425970942394 0.146984001356775
286.466165413534 -1.88252586353101 0.147097065973204
287.218045112782 -1.91079201763808 0.147210130589632
287.96992481203 -1.93905817174515 0.14732319520606
288.721804511278 -1.96732432585222 0.147436259822489
289.473684210526 -1.9955904799593 0.147549324438917
290.225563909774 -2.02385663406637 0.147662389055345
290.977443609023 -2.05212278817344 0.147775453671773
291.729323308271 -2.08038894228051 0.147888518288202
292.481203007519 -2.10865509638759 0.14800158290463
293.233082706767 -2.13692125049466 0.148114647521058
293.984962406015 -2.16462208151959 0.148284244445701
294.736842105263 -2.19232291254452 0.148453841370343
295.488721804511 -2.22002374356945 0.148623438294986
296.240601503759 -2.24772457459438 0.148793035219628
296.992481203008 -2.27542540561931 0.14896263214427
297.744360902256 -2.30312623664424 0.149132229068913
298.496240601504 -2.33082706766917 0.149301825993555
299.248120300752 -2.3585278986941 0.149471422918198
300 -2.38622872971903 0.14964101984284
300.751879699248 -2.41392956074396 0.149810616767483
301.503759398496 -2.44219571485104 0.150093278308553
302.255639097744 -2.47046186895811 0.150375939849624
303.007518796992 -2.49872802306518 0.150658601390695
303.759398496241 -2.52699417717225 0.150941262931765
304.511278195489 -2.55526033127933 0.151223924472836
305.263157894737 -2.5835264853864 0.151506586013907
306.015037593985 -2.61179263949347 0.151789247554978
306.766917293233 -2.64005879360054 0.152071909096048
307.518796992481 -2.66832494770761 0.152354570637119
308.270676691729 -2.69659110181469 0.15263723217819
309.022556390977 -2.72429193283962 0.152863361411046
309.774436090226 -2.75199276386455 0.153089490643903
310.526315789474 -2.77969359488948 0.15331561987676
311.278195488722 -2.80739442591441 0.153541749109616
312.03007518797 -2.83509525693934 0.153767878342473
312.781954887218 -2.86279608796427 0.153994007575329
313.533834586466 -2.8904969189892 0.154220136808186
314.285714285714 -2.91819775001413 0.154446266041042
315.037593984962 -2.94589858103906 0.154672395273899
315.789473684211 -2.97359941206399 0.154898524506756
316.541353383459 -3.00243088925321 0.155124653739612
317.293233082707 -3.03126236644242 0.155350782972469
318.045112781955 -3.06009384363164 0.155576912205325
318.796992481203 -3.08892532082085 0.155803041438182
319.548872180451 -3.11775679801006 0.156029170671038
320.300751879699 -3.14658827519928 0.156255299903895
321.052631578947 -3.17541975238849 0.156481429136752
321.804511278195 -3.2042512295777 0.156707558369608
322.556390977444 -3.23308270676692 0.156933687602465
323.308270676692 -3.26191418395613 0.157159816835321
324.06015037594 -3.2901803380632 0.157499010684606
324.812030075188 -3.31844649217027 0.157838204533891
325.563909774436 -3.34671264627735 0.158177398383176
326.315789473684 -3.37497880038442 0.158516592232461
327.067669172932 -3.40324495449149 0.158855786081746
327.81954887218 -3.43151110859856 0.159194979931031
328.571428571429 -3.45977726270564 0.159534173780315
329.323308270677 -3.48804341681271 0.1598733676296
330.075187969925 -3.51630957091978 0.160212561478885
330.827067669173 -3.54457572502685 0.16055175532817
331.578947368421 -3.57340720221607 0.16123014302674
332.330827067669 -3.60223867940528 0.16190853072531
333.082706766917 -3.63107015659449 0.162586918423879
333.834586466165 -3.65990163378371 0.163265306122449
334.586466165414 -3.68873311097292 0.163943693821019
335.338345864662 -3.71756458816213 0.164622081519588
336.09022556391 -3.74639606535135 0.165300469218158
336.842105263158 -3.77522754254056 0.165978856916728
337.593984962406 -3.80405901972978 0.166657244615298
338.345864661654 -3.83289049691899 0.167335632313867
339.097744360902 -3.86285262027249 0.167787890779581
339.84962406015 -3.89281474362598 0.168240149245294
340.601503759398 -3.92277686697948 0.168692407711007
341.353383458647 -3.95273899033297 0.16914466617672
342.105263157895 -3.98270111368647 0.169596924642433
342.857142857143 -4.01266323703997 0.170049183108146
343.609022556391 -4.04262536039346 0.170501441573859
344.360902255639 -4.07258748374696 0.170953700039573
345.112781954887 -4.10254960710046 0.171405958505286
345.864661654135 -4.13251173045395 0.171858216970999
346.616541353383 -4.16247385380745 0.172480072361354
347.368421052632 -4.19243597716095 0.17310192775171
348.12030075188 -4.22239810051444 0.173723783142066
348.872180451128 -4.25236022386794 0.174345638532421
349.624060150376 -4.28232234722144 0.174967493922777
350.375939849624 -4.31228447057493 0.175589349313132
351.127819548872 -4.34224659392843 0.176211204703488
351.87969924812 -4.37220871728193 0.176833060093844
352.631578947368 -4.40217084063542 0.177454915484199
353.383458646617 -4.43213296398892 0.178076770874555
354.135338345865 -4.46266041042456 0.17869862626491
354.887218045113 -4.4931878568602 0.179320481655266
355.639097744361 -4.52371530329583 0.179942337045622
356.390977443609 -4.55424274973147 0.180564192435977
357.142857142857 -4.58477019616711 0.181186047826333
357.894736842105 -4.61529764260275 0.181807903216688
358.646616541353 -4.64582508903838 0.182429758607044
359.398496240602 -4.67635253547402 0.183051613997399
360.15037593985 -4.70687998190966 0.183673469387755
360.902255639098 -4.7374074283453 0.184295324778111
361.654135338346 -4.76793487478094 0.185030244784895
362.406015037594 -4.79846232121657 0.185765164791678
363.157894736842 -4.82898976765221 0.186500084798462
363.90977443609 -4.85951721408785 0.187235004805246
364.661654135338 -4.89004466052349 0.18796992481203
365.413533834586 -4.92057210695913 0.188704844818814
366.165413533835 -4.95109955339476 0.189439764825598
366.917293233083 -4.9816269998304 0.190174684832382
367.669172932331 -5.01215444626604 0.190909604839166
368.421052631579 -5.04268189270168 0.191644524845949
369.172932330827 -5.07377466221946 0.192379444852733
369.924812030075 -5.10486743173724 0.193114364859517
370.676691729323 -5.13596020125502 0.193849284866301
371.428571428571 -5.1670529707728 0.194584204873085
372.18045112782 -5.19814574029058 0.195319124879869
372.932330827068 -5.22923850980836 0.196054044886653
373.684210526316 -5.26033127932613 0.196788964893437
374.436090225564 -5.29142404884391 0.19752388490022
375.187969924812 -5.32251681836169 0.198258804907004
375.93984962406 -5.35360958787947 0.198993724913788
376.691729323308 -5.38357171123297 0.199898241845215
377.443609022556 -5.41353383458647 0.200802758776641
378.195488721805 -5.44349595793996 0.201707275708067
378.947368421053 -5.47345808129346 0.202611792639493
379.699248120301 -5.50342020464695 0.20351630957092
380.451127819549 -5.53338232800045 0.204420826502346
381.203007518797 -5.56334445135395 0.205325343433772
381.954887218045 -5.59330657470745 0.206229860365199
382.706766917293 -5.62326869806094 0.207134377296625
383.458646616541 -5.65323082141444 0.208038894228051
384.210526315789 -5.68715020634292 0.208604217310193
384.962406015038 -5.72106959127141 0.209169540392334
385.714285714286 -5.7549889761999 0.209734863474476
386.466165413534 -5.78890836112838 0.210300186556617
387.218045112782 -5.82282774605687 0.210865509638759
387.96992481203 -5.85674713098536 0.2114308327209
388.721804511278 -5.89066651591384 0.211996155803041
389.473684210526 -5.92458590084233 0.212561478885183
390.225563909774 -5.95850528577082 0.213126801967324
390.977443609023 -5.9924246706993 0.213692125049466
391.729323308271 -6.02634405562779 0.214822771213749
392.481203007519 -6.06026344055628 0.215953417378032
393.233082706767 -6.09418282548476 0.217084063542314
393.984962406015 -6.12810221041325 0.218214709706597
394.736842105263 -6.16202159534174 0.21934535587088
395.488721804511 -6.19594098027022 0.220476002035163
396.240601503759 -6.22986036519871 0.221606648199446
396.992481203008 -6.2637797501272 0.222737294363729
397.744360902256 -6.29769913505568 0.223867940528012
398.496240601504 -6.33161851998417 0.224998586692295
399.248120300752 -6.36553790491266 0.225846571315507
400 -6.39945728984114 0.226694555938719
400.751879699248 -6.43337667476963 0.227542540561931
401.503759398496 -6.46729605969812 0.228390525185143
402.255639097744 -6.5012154446266 0.229238509808355
403.007518796992 -6.53513482955509 0.230086494431568
403.759398496241 -6.56905421448358 0.23093447905478
404.511278195489 -6.60297359941206 0.231782463677992
405.263157894737 -6.63689298434055 0.232630448301204
406.015037593985 -6.67081236926904 0.233478432924416
406.766917293233 -6.70473175419752 0.234382949855843
407.518796992481 -6.73865113912601 0.235287466787269
408.270676691729 -6.7725705240545 0.236191983718695
409.022556390977 -6.80648990898298 0.237096500650122
409.774436090226 -6.84040929391147 0.238001017581548
410.526315789474 -6.87432867883996 0.238905534512974
411.278195488722 -6.90824806376844 0.2398100514444
412.03007518797 -6.94216744869693 0.240714568375827
412.781954887218 -6.97608683362542 0.241619085307253
413.533834586466 -7.0100062185539 0.242523602238679
414.285714285714 -7.04392560348239 0.243541183786534
415.037593984962 -7.07784498841088 0.244558765334389
415.789473684211 -7.11176437333936 0.245576346882243
416.541353383459 -7.14568375826785 0.246593928430098
417.293233082707 -7.17960314319634 0.247611509977952
418.045112781955 -7.21352252812482 0.248629091525807
418.796992481203 -7.24744191305331 0.249646673073662
419.548872180451 -7.2813612979818 0.250664254621516
420.300751879699 -7.31528068291028 0.251681836169371
421.052631578947 -7.34920006783877 0.252699417717225
421.804511278195 -7.38311945276726 0.253547402340438
422.556390977444 -7.41703883769574 0.25439538696365
423.308270676692 -7.45095822262423 0.255243371586862
424.06015037594 -7.48487760755272 0.256091356210074
424.812030075188 -7.5187969924812 0.256939340833286
425.563909774436 -7.55271637740969 0.257787325456498
426.315789473684 -7.58663576233818 0.258635310079711
427.067669172932 -7.62055514726666 0.259483294702923
427.81954887218 -7.65447453219515 0.260331279326135
428.571428571429 -7.68839391712364 0.261179263949347
429.323308270677 -7.72231330205212 0.262479507038272
430.075187969925 -7.75623268698061 0.263779750127198
430.827067669173 -7.79015207190909 0.265079993216123
431.578947368421 -7.82407145683758 0.266380236305048
432.330827067669 -7.85799084176607 0.267680479393974
433.082706766917 -7.89191022669456 0.268980722482899
433.834586466165 -7.92582961162304 0.270280965571824
434.586466165414 -7.95974899655153 0.27158120866075
435.338345864662 -7.99366838148002 0.272881451749675
436.09022556391 -8.0275877664085 0.2741816948386
436.842105263158 -8.0671603821584 0.275425405619311
437.593984962406 -8.1067329979083 0.276669116400023
438.345864661654 -8.14630561365821 0.277912827180734
439.097744360902 -8.18587822940811 0.279156537961445
439.84962406015 -8.22545084515801 0.280400248742156
440.601503759398 -8.26502346090791 0.281643959522867
441.353383458647 -8.30459607665781 0.282887670303578
442.105263157895 -8.34416869240771 0.28413138108429
442.857142857143 -8.38374130815761 0.285375091865001
443.609022556391 -8.42331392390751 0.286618802645712
444.360902255639 -8.457233308836 0.287466787268924
445.112781954887 -8.49115269376449 0.288314771892136
445.864661654135 -8.52507207869297 0.289162756515348
446.616541353383 -8.55899146362146 0.290010741138561
447.368421052632 -8.59291084854994 0.290858725761773
448.12030075188 -8.62683023347843 0.291706710384985
448.872180451128 -8.66074961840692 0.292554695008197
449.624060150376 -8.69466900333541 0.293402679631409
450.375939849624 -8.72858838826389 0.294250664254621
451.127819548872 -8.76250777319238 0.295098648877834
451.87969924812 -8.79642715812087 0.296398891966759
452.631578947368 -8.83034654304935 0.297699135055684
453.383458646617 -8.86426592797784 0.29899937814461
454.135338345865 -8.89818531290632 0.300299621233535
454.887218045113 -8.93210469783481 0.30159986432246
455.639097744361 -8.9660240827633 0.302900107411386
456.390977443609 -8.99994346769179 0.304200350500311
457.142857142857 -9.03386285262027 0.305500593589236
457.894736842105 -9.06778223754876 0.306800836678162
458.646616541353 -9.10170162247725 0.308101079767087
459.398496240602 -9.14127423822715 0.309175193623156
460.15037593985 -9.18084685397705 0.310249307479224
460.902255639098 -9.22041946972695 0.311323421335293
461.654135338346 -9.25999208547685 0.312397535191362
462.406015037594 -9.29956470122675 0.313471649047431
463.157894736842 -9.33913731697665 0.314545762903499
463.90977443609 -9.37870993272655 0.315619876759568
464.661654135338 -9.41828254847645 0.316693990615637
465.413533834586 -9.45785516422636 0.317768104471706
466.165413533835 -9.49742777997626 0.318842218327774
466.917293233083 -9.53700039572616 0.320029396800271
467.669172932331 -9.57657301147606 0.321216575272768
468.421052631579 -9.61614562722596 0.322403753745265
469.172932330827 -9.65571824297586 0.323590932217762
469.924812030075 -9.69529085872576 0.324778110690259
470.676691729323 -9.73486347447566 0.325965289162756
471.428571428571 -9.77443609022556 0.327152467635254
472.18045112782 -9.81400870597546 0.328339646107751
472.932330827068 -9.85358132172536 0.329526824580248
473.684210526316 -9.89315393747527 0.330714003052745
474.436090225564 -9.93272655322517 0.33201424614167
475.187969924812 -9.97229916897507 0.333314489230595
475.93984962406 -10.011871784725 0.334614732319521
476.691729323308 -10.0514444004749 0.335914975408446
477.443609022556 -10.0910170162248 0.337215218497371
478.195488721805 -10.1305896319747 0.338515461586297
478.947368421053 -10.1701622477246 0.339815704675222
479.699248120301 -10.2097348634745 0.341115947764147
480.451127819549 -10.2493074792244 0.342416190853073
481.203007518797 -10.2888800949743 0.343716433941998
481.954887218045 -10.3284527107242 0.345129741647351
482.706766917293 -10.3680253264741 0.346543049352705
483.458646616541 -10.407597942224 0.347956357058059
484.210526315789 -10.4471705579739 0.349369664763412
484.962406015038 -10.4867431737238 0.350782972468766
485.714285714286 -10.5263157894737 0.352196280174119
486.466165413534 -10.5658884052236 0.353609587879473
487.218045112782 -10.6054610209735 0.355022895584827
487.96992481203 -10.6450336367234 0.35643620329018
488.721804511278 -10.6846062524733 0.357849510995534
489.473684210526 -10.7241788682232 0.35875402792696
490.225563909774 -10.7637514839731 0.359658544858387
490.977443609023 -10.803324099723 0.360563061789813
491.729323308271 -10.8428967154729 0.361467578721239
492.481203007519 -10.8824693312228 0.362372095652665
493.233082706767 -10.9220419469727 0.363276612584092
493.984962406015 -10.9616145627226 0.364181129515518
494.736842105263 -11.0011871784725 0.365085646446944
495.488721804511 -11.0407597942224 0.365990163378371
496.240601503759 -11.0803324099723 0.366894680309797
496.992481203008 -11.1199050257222 0.368307988015151
497.744360902256 -11.1594776414721 0.369721295720504
498.496240601504 -11.199050257222 0.371134603425858
499.248120300752 -11.2386228729719 0.372547911131211
500 -11.2781954887218 0.373961218836565
500.751879699248 -11.3177681044717 0.375374526541919
501.503759398496 -11.3573407202216 0.376787834247272
502.255639097744 -11.3969133359715 0.378201141952626
503.007518796992 -11.4364859517214 0.37961444965798
503.759398496241 -11.4760585674713 0.381027757363333
504.511278195489 -11.5156311832212 0.382384532760473
505.263157894737 -11.5552037989711 0.383741308157612
506.015037593985 -11.594776414721 0.385098083554752
506.766917293233 -11.6343490304709 0.386454858951891
507.518796992481 -11.6739216462208 0.38781163434903
508.270676691729 -11.7134942619707 0.38916840974617
509.022556390977 -11.7530668777206 0.390525185143309
509.774436090226 -11.7926394934705 0.391881960540449
510.526315789474 -11.8322121092204 0.393238735937588
511.278195488722 -11.8717847249703 0.394595511334728
512.03007518797 -11.9113573407202 0.395669625190797
512.781954887218 -11.9509299564701 0.396743739046865
513.533834586466 -11.99050257222 0.397817852902934
514.285714285714 -12.0300751879699 0.398891966759003
515.037593984962 -12.0696478037198 0.399966080615071
515.789473684211 -12.1092204194697 0.40104019447114
516.541353383459 -12.1487930352196 0.402114308327209
517.293233082707 -12.1883656509695 0.403188422183278
518.045112781955 -12.2279382667194 0.404262536039346
518.796992481203 -12.2675108824693 0.405336649895415
519.548872180451 -12.3127367290406 0.406467296059698
520.300751879699 -12.357962575612 0.407597942223981
521.052631578947 -12.4031884221833 0.408728588388264
521.804511278195 -12.4484142687546 0.409859234552547
522.556390977444 -12.4936401153259 0.41098988071683
523.308270676692 -12.5388659618972 0.412120526881113
524.06015037594 -12.5840918084685 0.413251173045395
524.812030075188 -12.6293176550399 0.414381819209678
525.563909774436 -12.6745435016112 0.415512465373961
526.315789473684 -12.7197693481825 0.416643111538244
527.067669172932 -12.7593419639324 0.418678274633953
527.81954887218 -12.7989145796823 0.420713437729662
528.571428571429 -12.8384871954322 0.422748600825372
529.323308270677 -12.8780598111821 0.424783763921081
530.075187969925 -12.917632426932 0.42681892701679
530.827067669173 -12.9572050426819 0.428854090112499
531.578947368421 -12.9967776584318 0.430889253208208
532.330827067669 -13.0363502741817 0.432924416303918
533.082706766917 -13.0759228899316 0.434959579399627
533.834586466165 -13.1154955056815 0.436994742495336
534.586466165414 -13.1607213522528 0.438351517892476
535.338345864662 -13.2059471988241 0.439708293289615
536.09022556391 -13.2511730453954 0.441065068686754
536.842105263158 -13.2963988919668 0.442421844083894
537.593984962406 -13.3416247385381 0.443778619481033
538.345864661654 -13.3868505851094 0.445135394878173
539.097744360902 -13.4320764316807 0.446492170275312
539.84962406015 -13.477302278252 0.447848945672452
540.601503759398 -13.5225281248233 0.449205721069591
541.353383458647 -13.5677539713947 0.450562496466731
542.105263157895 -13.612979817966 0.451523545706371
542.857142857143 -13.6582056645373 0.452484594946012
543.609022556391 -13.7034315111086 0.453445644185652
544.360902255639 -13.7486573576799 0.454406693425292
545.112781954887 -13.7938832042512 0.455367742664933
545.864661654135 -13.8391090508225 0.456328791904573
546.616541353383 -13.8843348973939 0.457289841144214
547.368421052632 -13.9295607439652 0.458250890383854
548.12030075188 -13.9747865905365 0.459211939623495
548.872180451128 -14.0200124371078 0.460172988863135
549.624060150376 -14.0652382836791 0.461642828876703
550.375939849624 -14.1104641302504 0.463112668890271
551.127819548872 -14.1556899768218 0.464582508903839
551.87969924812 -14.2009158233931 0.466052348917406
552.631578947368 -14.2461416699644 0.467522188930974
553.383458646617 -14.2913675165357 0.468992028944542
554.135338345865 -14.336593363107 0.47046186895811
554.887218045113 -14.3818192096783 0.471931708971677
555.639097744361 -14.4270450562496 0.473401548985245
556.390977443609 -14.472270902821 0.474871388998813
557.142857142857 -14.5174967493923 0.476341229012381
557.894736842105 -14.5627225959636 0.477811069025948
558.646616541353 -14.6079484425349 0.479280909039516
559.398496240602 -14.6531742891062 0.480750749053084
560.15037593985 -14.6984001356775 0.482220589066652
560.902255639098 -14.7436259822489 0.483690429080219
561.654135338346 -14.7888518288202 0.485160269093787
562.406015037594 -14.8340776753915 0.486630109107355
563.157894736842 -14.8793035219628 0.488099949120923
563.90977443609 -14.9245293685341 0.48956978913449
564.661654135338 -14.9697552151054 0.4916049522302
565.413533834586 -15.0149810616767 0.493640115325909
566.165413533835 -15.0602069082481 0.495675278421618
566.917293233083 -15.1054327548194 0.497710441517327
567.669172932331 -15.1506586013907 0.499745604613036
568.421052631579 -15.195884447962 0.501780767708745
569.172932330827 -15.2411102945333 0.503815930804455
569.924812030075 -15.2863361411046 0.505851093900164
570.676691729323 -15.331561987676 0.507886256995873
571.428571428571 -15.3767878342473 0.509921420091582
572.18045112782 -15.4220136808186 0.511900050879077
572.932330827068 -15.4672395273899 0.513878681666572
573.684210526316 -15.5124653739612 0.515857312454067
574.436090225564 -15.5576912205325 0.517835943241563
575.187969924812 -15.6029170671038 0.519814574029058
575.93984962406 -15.6481429136752 0.521793204816553
576.691729323308 -15.6933687602465 0.523771835604048
577.443609022556 -15.7385946068178 0.525750466391543
578.195488721805 -15.7838204533891 0.527729097179038
578.947368421053 -15.8290462999604 0.529707727966533
579.699248120301 -15.8742721465317 0.531629826445814
580.451127819549 -15.9194979931031 0.533551924925095
581.203007518797 -15.9647238396744 0.535474023404376
581.954887218045 -16.0099496862457 0.537396121883656
582.706766917293 -16.055175532817 0.539318220362937
583.458646616541 -16.1004013793883 0.541240318842218
584.210526315789 -16.1456272259596 0.543162417321499
584.962406015038 -16.1908530725309 0.54508451580078
585.714285714286 -16.2360789191023 0.547006614280061
586.466165413534 -16.2813047656736 0.548928712759342
587.218045112782 -16.3265306122449 0.550059358923625
587.96992481203 -16.3717564588162 0.551190005087908
588.721804511278 -16.4169823053875 0.552320651252191
589.473684210526 -16.4622081519588 0.553451297416473
590.225563909774 -16.5074339985302 0.554581943580756
590.977443609023 -16.5526598451015 0.555712589745039
591.729323308271 -16.5978856916728 0.556843235909322
592.481203007519 -16.6431115382441 0.557973882073605
593.233082706767 -16.6883373848154 0.559104528237888
593.984962406015 -16.7335632313867 0.560235174402171
594.736842105263 -16.7844423087795 0.562439934422522
595.488721804511 -16.8353213861722 0.564644694442874
596.240601503759 -16.8862004635649 0.566849454463226
596.992481203008 -16.9370795409577 0.569054214483577
597.744360902256 -16.9879586183504 0.571258974503929
598.496240601504 -17.0388376957431 0.573463734524281
599.248120300752 -17.0897167731358 0.575668494544632
600 -17.1405958505286 0.577873254564984
600.751879699248 -17.1914749279213 0.580078014585335
601.503759398496 -17.242354005314 0.582282774605687
602.255639097744 -17.2932330827068 0.585109390016394
603.007518796992 -17.3441121600995 0.587936005427102
603.759398496241 -17.3949912374922 0.590762620837809
604.511278195489 -17.445870314885 0.593589236248516
605.263157894737 -17.4967493922777 0.596415851659223
606.015037593985 -17.5476284696704 0.59924246706993
606.766917293233 -17.5985075470631 0.602069082480638
607.518796992481 -17.6493866244559 0.604895697891345
608.270676691729 -17.7002657018486 0.607722313302052
609.022556390977 -17.7511447792413 0.610548928712759
609.774436090226 -17.8020238566341 0.609418282548476
610.526315789474 -17.8529029340268 0.608287636384194
611.278195488722 -17.9037820114195 0.607156990219911
612.03007518797 -17.9546610888123 0.606026344055628
612.781954887218 -18.005540166205 0.604895697891345
613.533834586466 -18.0564192435977 0.603765051727062
614.285714285714 -18.1072983209904 0.602634405562779
615.037593984962 -18.1581773983832 0.601503759398496
615.789473684211 -18.2090564757759 0.600373113234213
616.541353383459 -18.2599355531686 0.59924246706993
617.293233082707 -18.30516139974 0.600938436316355
618.045112781955 -18.3503872463113 0.602634405562779
618.796992481203 -18.3956130928826 0.604330374809203
619.548872180451 -18.4408389394539 0.606026344055628
620.300751879699 -18.4860647860252 0.607722313302052
621.052631578947 -18.5312906325965 0.609418282548476
621.804511278195 -18.5765164791678 0.611114251794901
622.556390977444 -18.6217423257392 0.612810221041325
623.308270676692 -18.6669681723105 0.614506190287749
624.06015037594 -18.7121940188818 0.616202159534174
624.812030075188 -18.7630730962745 0.61846345186274
625.563909774436 -18.8139521736672 0.620724744191305
626.315789473684 -18.86483125106 0.622986036519871
627.067669172932 -18.9157103284527 0.625247328848437
627.81954887218 -18.9665894058454 0.627508621177003
628.571428571429 -19.0174684832382 0.629769913505568
629.323308270677 -19.0683475606309 0.632031205834134
630.075187969925 -19.1192266380236 0.6342924981627
630.827067669173 -19.1701057154164 0.636553790491266
631.578947368421 -19.2209847928091 0.638815082819831
632.330827067669 -19.2888235626661 0.639380405901973
633.082706766917 -19.356662332523 0.639945728984114
633.834586466165 -19.42450110238 0.640511052066256
634.586466165414 -19.492339872237 0.641076375148397
635.338345864662 -19.560178642094 0.641641698230539
636.09022556391 -19.6280174119509 0.64220702131268
636.842105263158 -19.6958561818079 0.642772344394822
637.593984962406 -19.7636949516649 0.643337667476963
638.345864661654 -19.8315337215218 0.643902990559104
639.097744360902 -19.8993724913788 0.644468313641246
639.84962406015 -19.9502515687716 0.646729605969812
640.601503759398 -20.0011306461643 0.648990898298377
641.353383458647 -20.052009723557 0.651252190626943
642.105263157895 -20.1028888009497 0.653513482955509
642.857142857143 -20.1537678783425 0.655774775284075
643.609022556391 -20.2046469557352 0.658036067612641
644.360902255639 -20.2555260331279 0.660297359941206
645.112781954887 -20.3064051105207 0.662558652269772
645.864661654135 -20.3572841879134 0.664819944598338
646.616541353383 -20.4081632653061 0.667081236926904
647.368421052632 -20.4646955735203 0.669342529255469
648.12030075188 -20.5212278817344 0.671603821584035
648.872180451128 -20.5777601899486 0.673865113912601
649.624060150376 -20.6342924981627 0.676126406241167
650.375939849624 -20.6908248063768 0.678387698569733
651.127819548872 -20.747357114591 0.680648990898298
651.87969924812 -20.8038894228051 0.682910283226864
652.631578947368 -20.8604217310193 0.68517157555543
653.383458646617 -20.9169540392334 0.687432867883996
654.135338345865 -20.9734863474476 0.689694160212561
654.887218045113 -21.0187121940189 0.690824806376844
655.639097744361 -21.0639380405902 0.691955452541127
656.390977443609 -21.1091638871615 0.69308609870541
657.142857142857 -21.1543897337328 0.694216744869693
657.894736842105 -21.1996155803041 0.695347391033976
658.646616541353 -21.2448414268755 0.696478037198259
659.398496240602 -21.2900672734468 0.697608683362542
660.15037593985 -21.3352931200181 0.698739329526824
660.902255639098 -21.3805189665894 0.699869975691107
661.654135338346 -21.4257448131607 0.70100062185539
662.406015037594 -21.4935835830177 0.703827237266098
663.157894736842 -21.5614223528747 0.706653852676805
663.90977443609 -21.6292611227316 0.709480468087512
664.661654135338 -21.6970998925886 0.712307083498219
665.413533834586 -21.7649386624456 0.715133698908926
666.165413533835 -21.8327774323026 0.717960314319634
666.917293233083 -21.9006162021595 0.720786929730341
667.669172932331 -21.9684549720165 0.723613545141048
668.421052631579 -22.0362937418735 0.726440160551755
669.172932330827 -22.1041325117305 0.729266775962462
669.924812030075 -22.1550115891232 0.730962745208887
670.676691729323 -22.2058906665159 0.732658714455311
671.428571428571 -22.2567697439086 0.734354683701735
672.18045112782 -22.3076488213014 0.73605065294816
672.932330827068 -22.3585278986941 0.737746622194584
673.684210526316 -22.4094069760868 0.739442591441009
674.436090225564 -22.4602860534796 0.741138560687433
675.187969924812 -22.5111651308723 0.742834529933857
675.93984962406 -22.562044208265 0.744530499180281
676.691729323308 -22.6129232856578 0.746226468426706
677.443609022556 -22.6751088246933 0.748487760755272
678.195488721805 -22.7372943637289 0.750749053083837
678.947368421053 -22.7994799027644 0.753010345412403
679.699248120301 -22.8616654418 0.755271637740969
680.451127819549 -22.9238509808355 0.757532930069535
681.203007518797 -22.9860365198711 0.7597942223981
681.954887218045 -23.0482220589067 0.762055514726666
682.706766917293 -23.1104075979422 0.764316807055232
683.458646616541 -23.1725931369778 0.766578099383798
684.210526315789 -23.2347786760133 0.768839391712364
684.962406015038 -23.2686980609418 0.770535360958788
685.714285714286 -23.3026174458703 0.772231330205212
686.466165413534 -23.3365368307988 0.773927299451637
687.218045112782 -23.3704562157273 0.775623268698061
687.96992481203 -23.4043756006558 0.777319237944485
688.721804511278 -23.4382949855843 0.779015207190909
689.473684210526 -23.4722143705127 0.780711176437334
690.225563909774 -23.5061337554412 0.782407145683758
690.977443609023 -23.5400531403697 0.784103114930183
691.729323308271 -23.5739725252982 0.785799084176607
692.481203007519 -23.6361580643338 0.788060376505173
693.233082706767 -23.6983436033693 0.790321668833738
693.984962406015 -23.7605291424049 0.792582961162304
694.736842105263 -23.8227146814404 0.79484425349087
695.488721804511 -23.884900220476 0.797105545819436
696.240601503759 -23.9470857595116 0.799366838148001
696.992481203008 -24.0092712985471 0.801628130476567
697.744360902256 -24.0714568375827 0.803889422805133
698.496240601504 -24.1336423766182 0.806150715133699
699.248120300752 -24.1958279156538 0.808412007462265
700 -24.2523602238679 0.81067329979083
700.751879699248 -24.3088925320821 0.812934592119396
701.503759398496 -24.3654248402962 0.815195884447962
702.255639097744 -24.4219571485104 0.817457176776528
703.007518796992 -24.4784894567245 0.819718469105093
703.759398496241 -24.5350217649387 0.821979761433659
704.511278195489 -24.5915540731528 0.824241053762225
705.263157894737 -24.648086381367 0.826502346090791
706.015037593985 -24.7046186895811 0.828763638419357
706.766917293233 -24.7611509977952 0.831024930747922
707.518796992481 -24.8176833060094 0.833286223076488
708.270676691729 -24.8742156142235 0.835547515405054
709.022556390977 -24.9307479224377 0.83780880773362
709.774436090226 -24.9872802306518 0.840070100062186
710.526315789474 -25.043812538866 0.842331392390751
711.278195488722 -25.1003448470801 0.844592684719317
712.03007518797 -25.1568771552943 0.846853977047883
712.781954887218 -25.2134094635084 0.849115269376449
713.533834586466 -25.2699417717225 0.851376561705014
714.285714285714 -25.3264740799367 0.85363785403358
715.037593984962 -25.3886596189722 0.856464469444287
715.789473684211 -25.4508451580078 0.859291084854995
716.541353383459 -25.5130306970434 0.862117700265702
717.293233082707 -25.5752162360789 0.864944315676409
718.045112781955 -25.6374017751145 0.867770931087116
718.796992481203 -25.69958731415 0.870597546497824
719.548872180451 -25.7617728531856 0.873424161908531
720.300751879699 -25.8239583922212 0.876250777319238
721.052631578947 -25.8861439312567 0.879077392729945
721.804511278195 -25.9483294702923 0.881904008140652
722.556390977444 -26.0048617785064 0.884730623551359
723.308270676692 -26.0613940867206 0.887557238962067
724.06015037594 -26.1179263949347 0.890383854372774
724.812030075188 -26.1744587031488 0.893210469783481
725.563909774436 -26.230991011363 0.896037085194188
726.315789473684 -26.2875233195771 0.898863700604896
727.067669172932 -26.3440556277913 0.901690316015603
727.81954887218 -26.4005879360054 0.90451693142631
728.571428571429 -26.4571202442196 0.907343546837017
729.323308270677 -26.5136525524337 0.910170162247725
730.075187969925 -26.558878399005 0.911866131494149
730.827067669173 -26.6041042455763 0.913562100740573
731.578947368421 -26.6493300921477 0.915258069986998
732.330827067669 -26.694555938719 0.916954039233422
733.082706766917 -26.7397817852903 0.918650008479846
733.834586466165 -26.7850076318616 0.92034597772627
734.586466165414 -26.8302334784329 0.922041946972695
735.338345864662 -26.8754593250042 0.923737916219119
736.09022556391 -26.9206851715756 0.925433885465544
736.842105263158 -26.9659110181469 0.927129854711968
737.593984962406 -27.0394030188253 0.930521793204816
738.345864661654 -27.1128950195036 0.933913731697665
739.097744360902 -27.186387020182 0.937305670190514
739.84962406015 -27.2598790208604 0.940697608683362
740.601503759398 -27.3333710215388 0.944089547176211
741.353383458647 -27.4068630222172 0.94748148566906
742.105263157895 -27.4803550228956 0.950873424161908
742.857142857143 -27.553847023574 0.954265362654757
743.609022556391 -27.6273390242524 0.957657301147606
744.360902255639 -27.7008310249307 0.961049239640454
745.112781954887 -27.7573633331449 0.96331053196902
745.864661654135 -27.813895641359 0.965571824297586
746.616541353383 -27.8704279495732 0.967833116626152
747.368421052632 -27.9269602577873 0.970094408954718
748.12030075188 -27.9834925660015 0.972355701283283
748.872180451128 -28.0400248742156 0.974616993611849
749.624060150376 -28.0965571824298 0.976878285940415
750.375939849624 -28.1530894906439 0.979139578268981
751.127819548872 -28.209621798858 0.981400870597546
751.87969924812 -28.2661541070722 0.983662162926112
752.631578947368 -28.3339928769292 0.986488778336819
753.383458646617 -28.4018316467861 0.989315393747527
754.135338345865 -28.4696704166431 0.992142009158234
754.887218045113 -28.5375091865001 0.994968624568941
755.639097744361 -28.6053479563571 0.997795239979648
756.390977443609 -28.673186726214 1.00062185539036
757.142857142857 -28.741025496071 1.00344847080106
757.894736842105 -28.808864265928 1.00627508621177
758.646616541353 -28.8767030357849 1.00910170162248
759.398496240602 -28.9445418056419 1.01192831703318
760.15037593985 -28.9954208830347 1.01475493244389
760.902255639098 -29.0462999604274 1.0175815478546
761.654135338346 -29.0971790378201 1.02040816326531
762.406015037594 -29.1480581152128 1.02323477867601
763.157894736842 -29.1989371926056 1.02606139408672
763.90977443609 -29.2498162699983 1.02888800949743
764.661654135338 -29.300695347391 1.03171462490813
765.413533834586 -29.3515744247838 1.03454124031884
766.165413533835 -29.4024535021765 1.03736785572955
766.917293233083 -29.4533325795692 1.04019447114026
767.669172932331 -29.5211713494262 1.04302108655096
768.421052631579 -29.5890101192832 1.04584770196167
769.172932330827 -29.6568488891401 1.04867431737238
769.924812030075 -29.7246876589971 1.05150093278309
770.676691729323 -29.7925264288541 1.05432754819379
771.428571428571 -29.8603651987111 1.0571541636045
772.18045112782 -29.928203968568 1.05998077901521
772.932330827068 -29.996042738425 1.06280739442591
773.684210526316 -30.063881508282 1.06563400983662
774.436090225564 -30.131720278139 1.06846062524733
775.187969924812 -30.1939058171745 1.07128724065804
775.93984962406 -30.2560913562101 1.07411385606874
776.691729323308 -30.3182768952456 1.07694047147945
777.443609022556 -30.3804624342812 1.07976708689016
778.195488721805 -30.4426479733167 1.08259370230086
778.947368421053 -30.5048335123523 1.08542031771157
779.699248120301 -30.5670190513879 1.08824693312228
780.451127819549 -30.6292045904234 1.09107354853299
781.203007518797 -30.691390129459 1.09390016394369
781.954887218045 -30.7535756684945 1.0967267793544
782.706766917293 -30.8157612075301 1.10011871784725
783.458646616541 -30.8779467465657 1.1035106563401
784.210526315789 -30.9401322856012 1.10690259483295
784.962406015038 -31.0023178246368 1.1102945333258
785.714285714286 -31.0645033636723 1.11368647181864
786.466165413534 -31.1266889027079 1.11707841031149
787.218045112782 -31.1888744417435 1.12047034880434
787.96992481203 -31.251059980779 1.12386228729719
788.721804511278 -31.3132455198146 1.12725422579004
789.473684210526 -31.3754310588501 1.13064616428289
790.225563909774 -31.4376165978857 1.13347277969359
790.977443609023 -31.4998021369212 1.1362993951043
791.729323308271 -31.5619876759568 1.13912601051501
792.481203007519 -31.6241732149924 1.14195262592572
793.233082706767 -31.6863587540279 1.14477924133642
793.984962406015 -31.7485442930635 1.14760585674713
794.736842105263 -31.810729832099 1.15043247215784
795.488721804511 -31.8729153711346 1.15325908756855
796.240601503759 -31.9351009101702 1.15608570297925
796.992481203008 -31.9972864492057 1.15891231838996
797.744360902256 -32.0651252190627 1.16117361071853
798.496240601504 -32.1329639889197 1.16343490304709
799.248120300752 -32.2008027587766 1.16569619537566
800 -32.2686415286336 1.16795748770422
800.751879699248 -32.3364802984906 1.17021878003279
801.503759398496 -32.4043190683476 1.17248007236135
802.255639097744 -32.4721578382045 1.17474136468992
803.007518796992 -32.5399966080615 1.17700265701849
803.759398496241 -32.6078353779185 1.17926394934705
804.511278195489 -32.6756741477754 1.18152524167562
805.263157894737 -32.7435129176324 1.18548250325061
806.015037593985 -32.8113516874894 1.1894397648256
806.766917293233 -32.8791904573464 1.19339702640059
807.518796992481 -32.9470292272033 1.19735428797558
808.270676691729 -33.0148679970603 1.20131154955057
809.022556390977 -33.0827067669173 1.20526881112556
809.774436090226 -33.1505455367743 1.20922607270055
810.526315789474 -33.2183843066312 1.21318333427554
811.278195488722 -33.2862230764882 1.21714059585053
812.03007518797 -33.3540618463452 1.22109785742552
812.781954887218 -33.4105941545593 1.22448979591837
813.533834586466 -33.4671264627735 1.22788173441122
814.285714285714 -33.5236587709876 1.23127367290406
815.037593984962 -33.5801910792018 1.23466561139691
815.789473684211 -33.6367233874159 1.23805754988976
816.541353383459 -33.6932556956301 1.24144948838261
817.293233082707 -33.7497880038442 1.24484142687546
818.045112781955 -33.8063203120583 1.24823336536831
818.796992481203 -33.8628526202725 1.25162530386116
819.548872180451 -33.9193849284866 1.25501724235401
820.300751879699 -33.992876929165 1.25953982701114
821.052631578947 -34.0663689298434 1.26406241166827
821.804511278195 -34.1398609305218 1.2685849963254
822.556390977444 -34.2133529312002 1.27310758098253
823.308270676692 -34.2868449318786 1.27763016563966
824.06015037594 -34.360336932557 1.28215275029679
824.812030075188 -34.4338289332353 1.28667533495393
825.563909774436 -34.5073209339137 1.29119791961106
826.315789473684 -34.5808129345921 1.29572050426819
827.067669172932 -34.6543049352705 1.30024308892532
827.81954887218 -34.7221437051275 1.30193905817174
828.571428571429 -34.7899824749844 1.30363502741817
829.323308270677 -34.8578212448414 1.30533099666459
830.075187969925 -34.9256600146984 1.30702696591102
830.827067669173 -34.9934987845554 1.30872293515744
831.578947368421 -35.0613375544123 1.31041890440387
832.330827067669 -35.1291763242693 1.31211487365029
833.082706766917 -35.1970150941263 1.31381084289672
833.834586466165 -35.2648538639833 1.31550681214314
834.586466165414 -35.3326926338402 1.31720278138956
835.338345864662 -35.3948781728758 1.32059471988241
836.09022556391 -35.4570637119114 1.32398665837526
836.842105263158 -35.5192492509469 1.32737859686811
837.593984962406 -35.5814347899825 1.33077053536096
838.345864661654 -35.643620329018 1.33416247385381
839.097744360902 -35.7058058680536 1.33755441234666
839.84962406015 -35.7679914070891 1.3409463508395
840.601503759398 -35.8301769461247 1.34433828933235
841.353383458647 -35.8923624851603 1.3477302278252
842.105263157895 -35.9545480241958 1.35112216631805
842.857142857143 -36.0280400248742 1.35507942789304
843.609022556391 -36.1015320255526 1.35903668946803
844.360902255639 -36.175024026231 1.36299395104302
845.112781954887 -36.2485160269094 1.36695121261801
845.864661654135 -36.3220080275878 1.370908474193
846.616541353383 -36.3955000282661 1.37486573576799
847.368421052632 -36.4689920289445 1.37882299734298
848.12030075188 -36.5424840296229 1.38278025891797
848.872180451128 -36.6159760303013 1.38673752049296
849.624060150376 -36.6894680309797 1.39069478206795
850.375939849624 -36.7573068008367 1.39521736672508
851.127819548872 -36.8251455706936 1.39973995138221
851.87969924812 -36.8929843405506 1.40426253603935
852.631578947368 -36.9608231104076 1.40878512069648
853.383458646617 -37.0286618802646 1.41330770535361
854.135338345865 -37.0965006501215 1.41783029001074
854.887218045113 -37.1643394199785 1.42235287466787
855.639097744361 -37.2321781898355 1.426875459325
856.390977443609 -37.3000169596925 1.43139804398214
857.142857142857 -37.3678557295494 1.43592062863927
857.894736842105 -37.4356944994064 1.43987789021426
858.646616541353 -37.5035332692634 1.44383515178925
859.398496240602 -37.5713720391203 1.44779241336424
860.15037593985 -37.6392108089773 1.45174967493923
860.902255639098 -37.7070495788343 1.45570693651422
861.654135338346 -37.7748883486913 1.45966419808921
862.406015037594 -37.8427271185482 1.4636214596642
863.157894736842 -37.9105658884052 1.46757872123919
863.90977443609 -37.9784046582622 1.47153598281418
864.661654135338 -38.0462434281192 1.47549324438917
865.413533834586 -38.1197354287976 1.47945050596416
866.165413533835 -38.1932274294759 1.48340776753915
866.917293233083 -38.2667194301543 1.48736502911414
867.669172932331 -38.3402114308327 1.49132229068913
868.421052631579 -38.4137034315111 1.49527955226412
869.172932330827 -38.4871954321895 1.49923681383911
869.924812030075 -38.5606874328679 1.5031940754141
870.676691729323 -38.6341794335463 1.50715133698909
871.428571428571 -38.7076714342247 1.51110859856408
872.18045112782 -38.781163434903 1.51506586013907
872.932330827068 -38.8603086664028 1.51845779863192
873.684210526316 -38.9394538979026 1.52184973712477
874.436090225564 -39.0185991294024 1.52524167561762
875.187969924812 -39.0977443609022 1.52863361411046
875.93984962406 -39.1768895924021 1.53202555260331
876.691729323308 -39.2560348239019 1.53541749109616
877.443609022556 -39.3351800554017 1.53880942958901
878.195488721805 -39.4143252869015 1.54220136808186
878.947368421053 -39.4934705184013 1.54559330657471
879.699248120301 -39.5726157499011 1.54898524506756
880.451127819549 -39.6291480581152 1.55124653739612
881.203007518797 -39.6856803663294 1.55350782972469
881.954887218045 -39.7422126745435 1.55576912205325
882.706766917293 -39.7987449827576 1.55803041438182
883.458646616541 -39.8552772909718 1.56029170671038
884.210526315789 -39.9118095991859 1.56255299903895
884.962406015038 -39.9683419074001 1.56481429136752
885.714285714286 -40.0248742156142 1.56707558369608
886.466165413534 -40.0814065238284 1.56933687602465
887.218045112782 -40.1379388320425 1.57159816835321
887.96992481203 -40.2057776018995 1.57499010684606
888.721804511278 -40.2736163717565 1.57838204533891
889.473684210526 -40.3414551416134 1.58177398383176
890.225563909774 -40.4092939114704 1.58516592232461
890.977443609023 -40.4771326813274 1.58855786081746
891.729323308271 -40.5449714511843 1.59194979931031
892.481203007519 -40.6128102210413 1.59534173780315
893.233082706767 -40.6806489908983 1.598733676296
893.984962406015 -40.7484877607553 1.60212561478885
894.736842105263 -40.8163265306122 1.6055175532817
895.488721804511 -40.895471762112 1.61004013793883
896.240601503759 -40.9746169936118 1.61456272259596
896.992481203008 -41.0537622251116 1.61908530725309
897.744360902256 -41.1329074566115 1.62360789191023
898.496240601504 -41.2120526881113 1.62813047656736
899.248120300752 -41.2911979196111 1.63265306122449
900 -41.3703431511109 1.63717564588162
900.751879699248 -41.4494883826107 1.64169823053875
901.503759398496 -41.5286336141105 1.64622081519588
902.255639097744 -41.6077788456103 1.65074339985302
903.007518796992 -41.6756176154672 1.65696195375657
903.759398496241 -41.7434563853242 1.66318050766013
904.511278195489 -41.8112951551812 1.66939906156368
905.263157894737 -41.8791339250382 1.67561761546724
906.015037593985 -41.9469726948951 1.6818361693708
906.766917293233 -42.0148114647521 1.68805472327435
907.518796992481 -42.0826502346091 1.69427327717791
908.270676691729 -42.1504890044661 1.70049183108146
909.022556390977 -42.218327774323 1.70671038498502
909.774436090226 -42.28616654418 1.71292893888857
910.526315789474 -42.3653117756798 1.71519023121714
911.278195488722 -42.4444570071796 1.71745152354571
912.03007518797 -42.5236022386794 1.71971281587427
912.781954887218 -42.6027474701792 1.72197410820284
913.533834586466 -42.681892701679 1.7242354005314
914.285714285714 -42.7610379331788 1.72649669285997
915.037593984962 -42.8401831646786 1.72875798518854
915.789473684211 -42.9193283961784 1.7310192775171
916.541353383459 -42.9984736276782 1.73328056984567
917.293233082707 -43.077618859178 1.73554186217423
918.045112781955 -43.145457629035 1.74006444683136
918.796992481203 -43.213296398892 1.7445870314885
919.548872180451 -43.2811351687489 1.74910961614563
920.300751879699 -43.3489739386059 1.75363220080276
921.052631578947 -43.4168127084629 1.75815478545989
921.804511278195 -43.4846514783199 1.76267737011702
922.556390977444 -43.5524902481768 1.76719995477415
923.308270676692 -43.6203290180338 1.77172253943128
924.06015037594 -43.6881677878908 1.77624512408842
924.812030075188 -43.7560065577478 1.78076770874555
925.563909774436 -43.8351517892476 1.78472497032054
926.315789473684 -43.9142970207474 1.78868223189553
927.067669172932 -43.9934422522471 1.79263949347052
927.81954887218 -44.072587483747 1.79659675504551
928.571428571429 -44.1517327152468 1.8005540166205
929.323308270677 -44.2308779467466 1.80451127819549
930.075187969925 -44.3100231782464 1.80846853977048
930.827067669173 -44.3891684097462 1.81242580134547
931.578947368421 -44.468313641246 1.81638306292046
932.330827067669 -44.5474588727458 1.82034032449545
933.082706766917 -44.6209508734242 1.8237322629883
933.834586466165 -44.6944428741025 1.82712420148115
934.586466165414 -44.7679348747809 1.830516139974
935.338345864662 -44.8414268754593 1.83390807846684
936.09022556391 -44.9149188761377 1.83730001695969
936.842105263158 -44.9884108768161 1.84069195545254
937.593984962406 -45.0619028774945 1.84408389394539
938.345864661654 -45.1353948781729 1.84747583243824
939.097744360902 -45.2088868788513 1.85086777093109
939.84962406015 -45.2823788795296 1.85425970942394
940.601503759398 -45.3728305726723 1.85878229408107
941.353383458647 -45.4632822658149 1.8633048787382
942.105263157895 -45.5537339589575 1.86782746339533
942.857142857143 -45.6441856521002 1.87235004805246
943.609022556391 -45.7346373452428 1.87687263270959
944.360902255639 -45.8250890383854 1.88139521736672
945.112781954887 -45.9155407315281 1.88591780202386
945.864661654135 -46.0059924246707 1.89044038668099
946.616541353383 -46.0964441178133 1.89496297133812
947.368421052632 -46.186895810956 1.89948555599525
948.12030075188 -46.2434281191701 1.90174684832382
948.872180451128 -46.2999604273842 1.90400814065238
949.624060150376 -46.3564927355984 1.90626943298095
950.375939849624 -46.4130250438125 1.90853072530951
951.127819548872 -46.4695573520267 1.91079201763808
951.87969924812 -46.5260896602408 1.91305330996665
952.631578947368 -46.582621968455 1.91531460229521
953.383458646617 -46.6391542766691 1.91757589462378
954.135338345865 -46.6956865848833 1.91983718695234
954.887218045113 -46.7522188930974 1.92209847928091
955.639097744361 -46.8313641245972 1.93227429475945
956.390977443609 -46.910509356097 1.942450110238
957.142857142857 -46.9896545875968 1.95262592571655
957.894736842105 -47.0687998190966 1.96280174119509
958.646616541353 -47.1479450505964 1.97297755667364
959.398496240602 -47.2270902820962 1.98315337215218
960.15037593985 -47.306235513596 1.99332918763073
960.902255639098 -47.3853807450958 2.00350500310928
961.654135338346 -47.4645259765956 2.01368081858782
962.406015037594 -47.5436712080954 2.02385663406637
963.157894736842 -47.6284696704166 2.02724857255922
963.90977443609 -47.7132681327379 2.03064051105207
964.661654135338 -47.7980665950591 2.03403244954491
965.413533834586 -47.8828650573803 2.03742438803776
966.165413533835 -47.9676635197015 2.04081632653061
966.917293233083 -48.0524619820227 2.04420826502346
967.669172932331 -48.1372604443439 2.04760020351631
968.421052631579 -48.2220589066652 2.05099214200916
969.172932330827 -48.3068573689864 2.05438408050201
969.924812030075 -48.3916558313076 2.05777601899486
970.676691729323 -48.4708010628074 2.06455989598055
971.428571428571 -48.5499462943072 2.07134377296625
972.18045112782 -48.629091525807 2.07812764995195
972.932330827068 -48.7082367573068 2.08491152693764
973.684210526316 -48.7873819888066 2.09169540392334
974.436090225564 -48.8665272203064 2.09847928090904
975.187969924812 -48.9456724518062 2.10526315789474
975.93984962406 -49.024817683306 2.11204703488043
976.691729323308 -49.1039629148058 2.11883091186613
977.443609022556 -49.1831081463056 2.12561478885183
978.195488721805 -49.2622533778054 2.12674543501611
978.947368421053 -49.3413986093052 2.12787608118039
979.699248120301 -49.420543840805 2.12900672734468
980.451127819549 -49.4996890723048 2.13013737350896
981.203007518797 -49.5788343038046 2.13126801967324
981.954887218045 -49.6579795353044 2.13239866583753
982.706766917293 -49.7371247668042 2.13352931200181
983.458646616541 -49.816269998304 2.13465995816609
984.210526315789 -49.8954152298038 2.13579060433037
984.962406015038 -49.9745604613036 2.13692125049466
985.714285714286 -50.0593589236248 2.14144383515179
986.466165413534 -50.1441573859461 2.14596641980892
987.218045112782 -50.2289558482673 2.15048900446605
987.96992481203 -50.3137543105885 2.15501158912318
988.721804511278 -50.3985527729097 2.15953417378032
989.473684210526 -50.4833512352309 2.16405675843745
990.225563909774 -50.5681496975522 2.16857934309458
990.977443609023 -50.6529481598734 2.17310192775171
991.729323308271 -50.7377466221946 2.17762451240884
992.481203007519 -50.8225450845158 2.18214709706597
993.233082706767 -50.8960370851942 2.18610435864096
993.984962406015 -50.9695290858726 2.19006162021595
994.736842105263 -51.043021086551 2.19401888179094
995.488721804511 -51.1165130872294 2.19797614336593
996.240601503759 -51.1900050879077 2.20193340494092
996.992481203008 -51.2634970885861 2.20589066651591
997.744360902256 -51.3369890892645 2.2098479280909
998.496240601504 -51.4104810899429 2.21380518966589
999.248120300752 -51.4839730906213 2.21776245124088
1000 -51.5574650912997 2.22171971281587
1000.75187969925 -51.6422635536209 2.22567697439086
1001.5037593985 -51.7270620159421 2.22963423596585
1002.25563909774 -51.8118604782633 2.23359149754084
1003.00751879699 -51.8966589405845 2.23754875911583
1003.75939849624 -51.9814574029058 2.24150602069082
1004.51127819549 -52.066255865227 2.24546328226581
1005.26315789474 -52.1510543275482 2.24942054384081
1006.01503759398 -52.2358527898694 2.25337780541579
1006.76691729323 -52.3206512521906 2.25733506699078
1007.51879699248 -52.4054497145118 2.26129232856578
1008.27067669173 -52.4845949460116 2.2725987902086
1009.02255639098 -52.5637401775114 2.28390525185143
1009.77443609023 -52.6428854090112 2.29521171349426
1010.52631578947 -52.7220306405111 2.30651817513709
1011.27819548872 -52.8011758720109 2.31782463677992
1012.03007518797 -52.8803211035107 2.32913109842275
1012.78195488722 -52.9594663350105 2.34043756006558
1013.53383458647 -53.0386115665103 2.35174402170841
1014.28571428571 -53.1177567980101 2.36305048335123
1015.03759398496 -53.1969020295099 2.37435694499406
1015.78947368421 -53.2809938379784 2.37923285657753
1016.54135338346 -53.3650856464469 2.384108768161
1017.29323308271 -53.4491774549155 2.38898467974447
1018.04511278195 -53.533269263384 2.39386059132794
1018.7969924812 -53.6173610718526 2.39873650291141
1019.54887218045 -53.7014528803211 2.40361241449488
1020.3007518797 -53.7855446887896 2.40848832607835
1021.05263157895 -53.8696364972582 2.41336423766182
1021.8045112782 -53.9537283057267 2.41824014924529
1022.55639097744 -54.0378201141953 2.42311606082876
1023.30827067669 -54.1219119226638 2.42799197241223
1024.06015037594 -54.2060037311323 2.4328678839957
1024.81203007519 -54.2900955396009 2.43774379557917
1025.56390977444 -54.3741873480694 2.44261970716264
1026.31578947368 -54.458279156538 2.44749561874611
1027.06766917293 -54.5423709650065 2.45237153032958
1027.81954887218 -54.626462773475 2.45724744191305
1028.57142857143 -54.7105545819436 2.46212335349652
1029.32330827068 -54.7946463904121 2.46699926507999
1030.07518796992 -54.8787381988807 2.47187517666346
1030.82706766917 -54.9628300073492 2.47675108824693
1031.57894736842 -55.0469218158177 2.4816269998304
1032.33082706767 -55.1310136242863 2.48650291141387
1033.08270676692 -55.2151054327548 2.49137882299734
1033.83458646617 -55.2991972412234 2.49625473458081
1034.58646616541 -55.3832890496919 2.50113064616428
1035.33834586466 -55.4673808581604 2.50600655774775
1036.09022556391 -55.551472666629 2.51088246933122
1036.84210526316 -55.6355644750975 2.51575838091469
1037.59398496241 -55.7196562835661 2.52063429249816
1038.34586466165 -55.8037480920346 2.52551020408163
1039.0977443609 -55.8878399005031 2.5303861156651
1039.84962406015 -55.9719317089717 2.53526202724857
1040.6015037594 -56.0560235174402 2.54013793883204
1041.35338345865 -56.1401153259088 2.54501385041551
1042.10526315789 -56.2242071343773 2.54988976199898
1042.85714285714 -56.3082989428458 2.55476567358245
1043.60902255639 -56.3923907513144 2.55964158516592
1044.36090225564 -56.4764825597829 2.56451749674939
1045.11278195489 -56.5605743682515 2.56939340833286
1045.86466165414 -56.64466617672 2.57426931991633
1046.61654135338 -56.7287579851885 2.5791452314998
1047.36842105263 -56.8128497936571 2.58402114308327
1048.12030075188 -56.8969416021256 2.58889705466674
1048.87218045113 -56.9810334105942 2.59377296625021
1049.62406015038 -57.0651252190627 2.59864887783368
1050.37593984962 -57.1492170275312 2.60352478941715
1051.12781954887 -57.2333088359998 2.60840070100062
1051.87969924812 -57.3174006444683 2.61327661258409
1052.63157894737 -57.4014924529368 2.61815252416756
1053.38345864662 -57.4855842614054 2.62302843575103
1054.13533834586 -57.5696760698739 2.6279043473345
1054.88721804511 -57.6537678783425 2.63278025891797
1055.63909774436 -57.737859686811 2.63765617050144
1056.39097744361 -57.8219514952795 2.64253208208491
1057.14285714286 -57.9060433037481 2.64740799366838
1057.89473684211 -57.9901351122166 2.65228390525185
1058.64661654135 -58.0742269206852 2.65715981683532
1059.3984962406 -58.1583187291537 2.66203572841879
1060.15037593985 -58.2424105376222 2.66691164000226
1060.9022556391 -58.3265023460908 2.67178755158573
1061.65413533835 -58.4105941545593 2.6766634631692
1062.40601503759 -58.4946859630279 2.68153937475267
1063.15789473684 -58.5787777714964 2.68641528633614
1063.90977443609 -58.6628695799649 2.69129119791961
1064.66165413534 -58.7469613884335 2.69616710950308
1065.41353383459 -58.831053196902 2.70104302108655
1066.16541353383 -58.9151450053706 2.70591893267002
1066.91729323308 -58.9992368138391 2.71079484425349
1067.66917293233 -59.0833286223076 2.71567075583696
1068.42105263158 -59.1674204307762 2.72054666742043
1069.17293233083 -59.2515122392447 2.7254225790039
1069.92481203008 -59.3356040477133 2.73029849058737
1070.67669172932 -59.4196958561818 2.73517440217084
1071.42857142857 -59.5037876646503 2.74005031375431
1072.18045112782 -59.5878794731189 2.74492622533778
1072.93233082707 -59.6719712815874 2.74980213692125
1073.68421052632 -59.756063090056 2.75467804850472
1074.43609022556 -59.8401548985245 2.75955396008819
1075.18796992481 -59.924246706993 2.76442987167166
1075.93984962406 -60.0373113234213 2.77290971790378
1076.69172932331 -60.1503759398496 2.7813895641359
1077.44360902256 -60.2634405562779 2.78986941036802
1078.1954887218 -60.3765051727062 2.79834925660015
1078.94736842105 -60.4895697891345 2.80682910283227
1079.6992481203 -60.6026344055628 2.81530894906439
1080.45112781955 -60.7156990219911 2.82378879529651
1081.2030075188 -60.8287636384193 2.83226864152863
1081.95488721805 -60.9418282548476 2.84074848776076
1082.70676691729 -61.0548928712759 2.84922833399288
1083.45864661654 -61.1114251794901 2.86279608796427
1084.21052631579 -61.1679574877042 2.87636384193567
1084.96240601504 -61.2244897959184 2.88993159590706
1085.71428571429 -61.2810221041325 2.90349934987846
1086.46616541353 -61.3375544123466 2.91706710384985
1087.21804511278 -61.3940867205608 2.93063485782124
1087.96992481203 -61.4506190287749 2.94420261179264
1088.72180451128 -61.5071513369891 2.95777036576403
1089.47368421053 -61.5636836452032 2.97133811973543
1090.22556390977 -61.6202159534174 2.98490587370682
1090.97744360902 -61.7332805698457 2.98603651987111
1091.72932330827 -61.846345186274 2.98716716603539
1092.48120300752 -61.9594098027022 2.98829781219967
1093.23308270677 -62.0724744191305 2.98942845836395
1093.98496240602 -62.1855390355588 2.99055910452824
1094.73684210526 -62.2986036519871 2.99168975069252
1095.48872180451 -62.4116682684154 2.9928203968568
1096.24060150376 -62.5247328848437 2.99395104302109
1096.99248120301 -62.637797501272 2.99508168918537
1097.74436090226 -62.7508621177003 2.99621233534965
1098.4962406015 -62.8639267341286 2.99112442761038
1099.24812030075 -62.9769913505568 2.98603651987111
1100 -63.0900559669851 2.98094861213183
1100.75187969925 -63.2031205834134 2.97586070439256
1101.5037593985 -63.3161851998417 2.97077279665329
1102.25563909774 -63.42924981627 2.96568488891401
1103.00751879699 -63.5423144326983 2.96059698117474
1103.75939849624 -63.6553790491266 2.95550907343547
1104.51127819549 -63.7684436655549 2.9504211656962
1105.26315789474 -63.8815082819832 2.94533325795692
1106.01503759398 -63.9380405901973 2.94929051953191
1106.76691729323 -63.9945728984114 2.9532477811069
1107.51879699248 -64.0511052066256 2.95720504268189
1108.27067669173 -64.1076375148397 2.96116230425688
1109.02255639098 -64.1641698230539 2.96511956583187
1109.77443609023 -64.220702131268 2.96907682740686
1110.52631578947 -64.2772344394822 2.97303408898185
1111.27819548872 -64.3337667476963 2.97699135055684
1112.03007518797 -64.3902990559104 2.98094861213183
1112.78195488722 -64.4468313641246 2.98490587370682
1113.53383458647 -64.5033636723387 3.00582282774606
1114.28571428571 -64.5598959805529 3.02673978178529
1115.03759398496 -64.616428288767 3.04765673582452
1115.78947368421 -64.6729605969812 3.06857368986376
1116.54135338346 -64.7294929051953 3.08949064390299
1117.29323308271 -64.7860252134095 3.11040759794222
1118.04511278195 -64.8425575216236 3.13132455198146
1118.7969924812 -64.8990898298377 3.15224150602069
1119.54887218045 -64.9556221380519 3.17315846005992
1120.3007518797 -65.012154446266 3.19407541409916
1121.05263157895 -65.1252190626943 3.20820849115269
1121.8045112782 -65.2382836791226 3.22234156820623
1122.55639097744 -65.3513482955509 3.23647464525977
1123.30827067669 -65.4644129119792 3.2506077223133
1124.06015037594 -65.5774775284075 3.26474079936684
1124.81203007519 -65.6905421448358 3.27887387642037
1125.56390977444 -65.8036067612641 3.29300695347391
1126.31578947368 -65.9166713776923 3.30714003052745
1127.06766917293 -66.0297359941206 3.32127310758098
1127.81954887218 -66.1428006105489 3.33540618463452
1128.57142857143 -66.2558652269772 3.32918763073096
1129.32330827068 -66.3689298434055 3.32296907682741
1130.07518796992 -66.4819944598338 3.31675052292385
1130.82706766917 -66.5950590762621 3.31053196902029
1131.57894736842 -66.7081236926904 3.30431341511674
1132.33082706767 -66.8211883091187 3.29809486121318
1133.08270676692 -66.9342529255469 3.29187630730963
1133.83458646617 -67.0473175419752 3.28565775340607
1134.58646616541 -67.1603821584035 3.27943919950252
1135.33834586466 -67.2734467748318 3.27322064559896
1136.09022556391 -67.329979083046 3.28791904573464
1136.84210526316 -67.3865113912601 3.30261744587031
1137.59398496241 -67.4430436994742 3.31731584600599
1138.34586466165 -67.4995760076884 3.33201424614167
1139.0977443609 -67.5561083159025 3.34671264627735
1139.84962406015 -67.6126406241167 3.36141104641302
1140.6015037594 -67.6691729323308 3.3761094465487
1141.35338345865 -67.725705240545 3.39080784668438
1142.10526315789 -67.7822375487591 3.40550624682006
1142.85714285714 -67.8387698569733 3.42020464695573
1143.60902255639 -67.9518344734015 3.42133529312002
1144.36090225564 -68.0648990898298 3.4224659392843
1145.11278195489 -68.1779637062581 3.42359658544858
1145.86466165414 -68.2910283226864 3.42472723161287
1146.61654135338 -68.4040929391147 3.42585787777715
1147.36842105263 -68.517157555543 3.42698852394143
1148.12030075188 -68.6302221719713 3.42811917010571
1148.87218045113 -68.7432867883996 3.42924981627
1149.62406015038 -68.8563514048278 3.43038046243428
1150.37593984962 -68.9694160212561 3.43151110859856
1151.12781954887 -69.0824806376844 3.43151110859856
1151.87969924812 -69.1955452541127 3.43151110859856
1152.63157894737 -69.308609870541 3.43151110859856
1153.38345864662 -69.4216744869693 3.43151110859856
1154.13533834586 -69.5347391033976 3.43151110859856
1154.88721804511 -69.6478037198259 3.43151110859856
1155.63909774436 -69.7608683362542 3.43151110859856
1156.39097744361 -69.8739329526825 3.43151110859856
1157.14285714286 -69.9869975691107 3.43151110859856
1157.89473684211 -70.100062185539 3.43151110859856
1158.64661654135 -70.1565944937532 3.44225224715925
1159.3984962406 -70.2131268019673 3.45299338571994
1160.15037593985 -70.2696591101815 3.46373452428063
1160.9022556391 -70.3261914183956 3.47447566284131
1161.65413533835 -70.3827237266098 3.485216801402
1162.40601503759 -70.4392560348239 3.49595793996269
1163.15789473684 -70.495788343038 3.50669907852338
1163.90977443609 -70.5523206512522 3.51744021708406
1164.66165413534 -70.6088529594663 3.52818135564475
1165.41353383459 -70.6653852676805 3.53892249420544
1166.16541353383 -70.7784498841088 3.55079427893041
1166.91729323308 -70.8915145005371 3.56266606365538
1167.66917293233 -71.0045791169653 3.57453784838035
1168.42105263158 -71.1176437333936 3.58640963310532
1169.17293233083 -71.2307083498219 3.59828141783029
1169.92481203008 -71.3437729662502 3.61015320255526
1170.67669172932 -71.4568375826785 3.62202498728023
1171.42857142857 -71.5699021991068 3.6338967720052
1172.18045112782 -71.6829668155351 3.64576855673017
1172.93233082707 -71.7960314319634 3.65764034145514
1173.68421052632 -71.9090960483916 3.6638588953587
1174.43609022556 -72.0221606648199 3.67007744926225
1175.18796992481 -72.1352252812482 3.67629600316581
1175.93984962406 -72.2482898976765 3.68251455706937
1176.69172932331 -72.3613545141048 3.68873311097292
1177.44360902256 -72.4744191305331 3.69495166487648
1178.1954887218 -72.5874837469614 3.70117021878003
1178.94736842105 -72.7005483633897 3.70738877268359
1179.6992481203 -72.813612979818 3.71360732658714
1180.45112781955 -72.9266775962463 3.7198258804907
1181.2030075188 -72.9832099044604 3.72717508055854
1181.95488721805 -73.0397422126745 3.73452428062638
1182.70676691729 -73.0962745208887 3.74187348069422
1183.45864661654 -73.1528068291028 3.74922268076206
1184.21052631579 -73.209339137317 3.75657188082989
1184.96240601504 -73.2658714455311 3.76392108089773
1185.71428571429 -73.3224037537452 3.77127028096557
1186.46616541353 -73.3789360619594 3.77861948103341
1187.21804511278 -73.4354683701736 3.78596868110125
1187.96992481203 -73.4920006783877 3.79331788116909
1188.72180451128 -73.605065294816 3.79727514274408
1189.47368421053 -73.7181299112443 3.80123240431907
1190.22556390977 -73.8311945276726 3.80518966589406
1190.97744360902 -73.9442591441009 3.80914692746905
1191.72932330827 -74.0573237605291 3.81310418904404
1192.48120300752 -74.1703883769574 3.81706145061903
1193.23308270677 -74.2834529933857 3.82101871219402
1193.98496240602 -74.396517609814 3.82497597376901
1194.73684210526 -74.5095822262423 3.828933235344
1195.48872180451 -74.6226468426706 3.83289049691899
1196.24060150376 -74.7357114590989 3.83967437390469
1196.99248120301 -74.8487760755272 3.84645825089038
1197.74436090226 -74.9618406919554 3.85324212787608
1198.4962406015 -75.0749053083837 3.86002600486178
1199.24812030075 -75.187969924812 3.86680988184748
1200 -75.3010345412403 3.87359375883317
1200.75187969925 -75.4140991576686 3.88037763581887
1201.5037593985 -75.5271637740969 3.88716151280457
1202.25563909774 -75.6402283905252 3.89394538979026
1203.00751879699 -75.7532930069535 3.90072926677596
1203.75939849624 -75.8098253151676 3.89959862061168
1204.51127819549 -75.8663576233817 3.8984679744474
1205.26315789474 -75.9228899315959 3.89733732828311
1206.01503759398 -75.97942223981 3.89620668211883
1206.76691729323 -76.0359545480242 3.89507603595455
1207.51879699248 -76.0924868562383 3.89394538979026
1208.27067669173 -76.1490191644525 3.89281474362598
1209.02255639098 -76.2055514726666 3.8916840974617
1209.77443609023 -76.2620837808808 3.89055345129742
1210.52631578947 -76.3186160890949 3.88942280513313
1211.27819548872 -76.4316807055232 3.90016394369382
1212.03007518797 -76.5447453219515 3.91090508225451
1212.78195488722 -76.6578099383798 3.9216462208152
1213.53383458647 -76.7708745548081 3.93238735937588
1214.28571428571 -76.8839391712363 3.94312849793657
1215.03759398496 -76.9970037876646 3.95386963649726
1215.78947368421 -77.1100684040929 3.96461077505795
1216.54135338346 -77.2231330205212 3.97535191361863
1217.29323308271 -77.3361976369495 3.98609305217932
1218.04511278195 -77.4492622533778 3.99683419074001
1218.7969924812 -77.5623268698061 4.01153259087569
1219.54887218045 -77.6753914862344 4.02623099101136
1220.3007518797 -77.7884561026627 4.04092939114704
1221.05263157895 -77.901520719091 4.05562779128272
1221.8045112782 -78.0145853355192 4.0703261914184
1222.55639097744 -78.1276499519475 4.08502459155407
1223.30827067669 -78.2407145683758 4.09972299168975
1224.06015037594 -78.3537791848041 4.11442139182543
1224.81203007519 -78.4668438012324 4.12911979196111
1225.56390977444 -78.5799084176607 4.14381819209678
1226.31578947368 -78.692973034089 4.1494714229182
1227.06766917293 -78.8060376505173 4.15512465373961
1227.81954887218 -78.9191022669455 4.16077788456103
1228.57142857143 -79.0321668833738 4.16643111538244
1229.32330827068 -79.1452314998021 4.17208434620385
1230.07518796992 -79.2582961162304 4.17773757702527
1230.82706766917 -79.3713607326587 4.18339080784668
1231.57894736842 -79.484425349087 4.1890440386681
1232.33082706767 -79.5974899655153 4.19469726948951
1233.08270676692 -79.7105545819436 4.20035050031093
1233.83458646617 -79.7670868901577 4.20656905421448
1234.58646616541 -79.8236191983719 4.21278760811804
1235.33834586466 -79.880151506586 4.21900616202159
1236.09022556391 -79.9366838148002 4.22522471592515
1236.84210526316 -79.9932161230143 4.23144326982871
1237.59398496241 -80.0497484312284 4.23766182373226
1238.34586466165 -80.1062807394426 4.24388037763582
1239.0977443609 -80.1628130476567 4.25009893153937
1239.84962406015 -80.2193453558709 4.25631748544293
1240.6015037594 -80.275877664085 4.26253603934649
1241.35338345865 -80.3889422805133 4.26762394708576
1242.10526315789 -80.5020068969416 4.27271185482503
1242.85714285714 -80.6150715133699 4.2777997625643
1243.60902255639 -80.7281361297982 4.28288767030358
1244.36090225564 -80.8412007462265 4.28797557804285
1245.11278195489 -80.9542653626547 4.29306348578212
1245.86466165414 -81.067329979083 4.2981513935214
1246.61654135338 -81.1803945955113 4.30323930126067
1247.36842105263 -81.2934592119396 4.30832720899994
1248.12030075188 -81.4065238283679 4.31341511673922
1248.87218045113 -81.5195884447962 4.32811351687489
1249.62406015038 -81.6326530612245 4.34281191701057
1250.37593984962 -81.7457176776528 4.35751031714625
1251.12781954887 -81.8587822940811 4.37220871728193
1251.87969924812 -81.9718469105094 4.3869071174176
1252.63157894737 -82.0849115269376 4.40160551755328
1253.38345864662 -82.1979761433659 4.41630391768896
1254.13533834586 -82.3110407597942 4.43100231782464
1254.88721804511 -82.4241053762225 4.44570071796031
1255.63909774436 -82.5371699926508 4.46039911809599
1256.39097744361 -82.6502346090791 4.45531121035672
1257.14285714286 -82.7632992255074 4.45022330261745
1257.89473684211 -82.8763638419357 4.44513539487817
1258.64661654135 -82.989428458364 4.4400474871389
1259.3984962406 -83.1024930747922 4.43495957939963
1260.15037593985 -83.2155576912205 4.42987167166035
1260.9022556391 -83.3286223076488 4.42478376392108
1261.65413533835 -83.4416869240771 4.41969585618181
1262.40601503759 -83.5547515405054 4.41460794844253
1263.15789473684 -83.6678161569337 4.40952004070326
1263.90977443609 -83.7243484651478 4.42026117926395
1264.66165413534 -83.780880773362 4.43100231782464
1265.41353383459 -83.8374130815761 4.44174345638532
1266.16541353383 -83.8939453897903 4.45248459494601
1266.91729323308 -83.9504776980044 4.4632257335067
1267.66917293233 -84.0070100062186 4.47396687206739
1268.42105263158 -84.0635423144327 4.48470801062807
1269.17293233083 -84.1200746226468 4.49544914918876
1269.92481203008 -84.176606930861 4.50619028774945
1270.67669172932 -84.2331392390751 4.51693142631014
1271.42857142857 -84.3462038555034 4.52823788795296
1272.18045112782 -84.4592684719317 4.53954434959579
1272.93233082707 -84.57233308836 4.55085081123862
1273.68421052632 -84.6853977047883 4.56215727288145
1274.43609022556 -84.7984623212166 4.57346373452428
1275.18796992481 -84.9115269376449 4.58477019616711
1275.93984962406 -85.0245915540732 4.59607665780994
1276.69172932331 -85.1376561705014 4.60738311945277
1277.44360902256 -85.2507207869297 4.6186895810956
1278.1954887218 -85.363785403358 4.62999604273842
1278.94736842105 -85.4768500197863 4.6418678274634
1279.6992481203 -85.5899146362146 4.65373961218836
1280.45112781955 -85.7029792526429 4.66561139691334
1281.2030075188 -85.8160438690712 4.67748318163831
1281.95488721805 -85.9291084854995 4.68935496636328
1282.70676691729 -86.0421731019277 4.70122675108825
1283.45864661654 -86.155237718356 4.71309853581322
1284.21052631579 -86.2683023347843 4.72497032053819
1284.96240601504 -86.3813669512126 4.73684210526316
1285.71428571429 -86.4944315676409 4.74871388998813
1286.46616541353 -86.6074961840692 4.76510825937023
1287.21804511278 -86.7205608004975 4.78150262875233
1287.96992481203 -86.8336254169258 4.79789699813443
1288.72180451128 -86.9466900333541 4.81429136751654
1289.47368421053 -87.0597546497823 4.83068573689864
1290.22556390977 -87.1728192662106 4.84708010628074
1290.97744360902 -87.2858838826389 4.86347447566284
1291.72932330827 -87.3989484990672 4.87986884504494
1292.48120300752 -87.5120131154955 4.89626321442704
1293.23308270677 -87.6250777319238 4.91265758380915
1293.98496240602 -87.7381423483521 4.91265758380915
1294.73684210526 -87.8512069647804 4.91265758380915
1295.48872180451 -87.9642715812086 4.91265758380915
1296.24060150376 -88.077336197637 4.91265758380915
1296.99248120301 -88.1904008140652 4.91265758380915
1297.74436090226 -88.3034654304935 4.91265758380915
1298.4962406015 -88.4165300469218 4.91265758380915
1299.24812030075 -88.5295946633501 4.91265758380915
1300 -88.6426592797784 4.91265758380915
1300.75187969925 -88.7557238962067 4.91265758380915
1301.5037593985 -88.868788512635 4.92792130702697
1302.25563909774 -88.9818531290633 4.94318503024478
1303.00751879699 -89.0949177454915 4.9584487534626
1303.75939849624 -89.2079823619198 4.97371247668042
1304.51127819549 -89.3210469783481 4.98897619989824
1305.26315789474 -89.4341115947764 5.00423992311606
1306.01503759398 -89.5471762112047 5.01950364633388
1306.76691729323 -89.660240827633 5.0347673695517
1307.51879699248 -89.7733054440613 5.05003109276952
1308.27067669173 -89.8863700604896 5.06529481598734
1309.02255639098 -89.9429023687037 5.07320933913732
1309.77443609023 -89.9994346769178 5.0811238622873
1310.52631578947 -90.055966985132 5.08903838543728
1311.27819548872 -90.1124992933461 5.09695290858726
1312.03007518797 -90.1690316015603 5.10486743173724
1312.78195488722 -90.2255639097744 5.11278195488722
1313.53383458647 -90.2820962179886 5.1206964780372
1314.28571428571 -90.3386285262027 5.12861100118718
1315.03759398496 -90.3951608344169 5.13652552433716
1315.78947368421 -90.451693142631 5.14444004748714
1316.54135338346 -90.5647577590593 5.13652552433716
1317.29323308271 -90.6778223754876 5.12861100118718
1318.04511278195 -90.7908869919159 5.1206964780372
1318.7969924812 -90.9039516083442 5.11278195488722
1319.54887218045 -91.0170162247724 5.10486743173724
1320.3007518797 -91.1300808412007 5.09695290858726
1321.05263157895 -91.243145457629 5.08903838543728
1321.8045112782 -91.3562100740573 5.0811238622873
1322.55639097744 -91.4692746904856 5.07320933913732
1323.30827067669 -91.5823393069139 5.06529481598734
1324.06015037594 -91.6954039233422 5.09356097009441
1324.81203007519 -91.8084685397705 5.12182712420148
1325.56390977444 -91.9215331561988 5.15009327830855
1326.31578947368 -92.0345977726271 5.17835943241563
1327.06766917293 -92.1476623890553 5.2066255865227
1327.81954887218 -92.2607270054836 5.23489174062977
1328.57142857143 -92.3737916219119 5.26315789473684
1329.32330827068 -92.4868562383402 5.29142404884391
1330.07518796992 -92.5999208547685 5.31969020295099
1330.82706766917 -92.7129854711968 5.34795635705806
1331.57894736842 -92.8260500876251 5.36548137260444
1332.33082706767 -92.9391147040534 5.38300638815083
1333.08270676692 -93.0521793204816 5.40053140369721
1333.83458646617 -93.1652439369099 5.4180564192436
1334.58646616541 -93.2783085533382 5.43558143478998
1335.33834586466 -93.3913731697665 5.45310645033637
1336.09022556391 -93.5044377861948 5.47063146588275
1336.84210526316 -93.6175024026231 5.48815648142914
1337.59398496241 -93.7305670190514 5.50568149697552
1338.34586466165 -93.8436316354797 5.52320651252191
1339.0977443609 -93.956696251908 5.52546780485047
1339.84962406015 -94.0697608683362 5.52772909717904
1340.6015037594 -94.1828254847645 5.5299903895076
1341.35338345865 -94.2958901011928 5.53225168183617
1342.10526315789 -94.4089547176211 5.53451297416473
1342.85714285714 -94.5220193340494 5.5367742664933
1343.60902255639 -94.6350839504777 5.53903555882187
1344.36090225564 -94.748148566906 5.54129685115043
1345.11278195489 -94.8612131833343 5.543558143479
1345.86466165414 -94.9742777997626 5.54581943580756
1346.61654135338 -95.0873424161908 5.57352026683249
1347.36842105263 -95.2004070326191 5.60122109785743
1348.12030075188 -95.3134716490474 5.62892192888236
1348.87218045113 -95.4265362654757 5.65662275990729
1349.62406015038 -95.539600881904 5.68432359093222
1350.37593984962 -95.6526654983323 5.71202442195715
1351.12781954887 -95.7657301147606 5.73972525298208
1351.87969924812 -95.8787947311889 5.76742608400701
1352.63157894737 -95.9918593476172 5.79512691503194
1353.38345864662 -96.1049239640454 5.82282774605687
1354.13533834586 -96.2179885804737 5.81717451523546
1354.88721804511 -96.331053196902 5.81152128441404
1355.63909774436 -96.4441178133303 5.80586805359263
1356.39097744361 -96.5571824297586 5.80021482277121
1357.14285714286 -96.6702470461869 5.7945615919498
1357.89473684211 -96.7833116626152 5.78890836112838
1358.64661654135 -96.8963762790435 5.78325513030697
1359.3984962406 -97.0094408954718 5.77760189948556
1360.15037593985 -97.1225055119 5.77194866866414
1360.9022556391 -97.2355701283283 5.76629543784273
1361.65413533835 -97.4051670529708 5.76629543784273
1362.40601503759 -97.5747639776132 5.76629543784273
1363.15789473684 -97.7443609022556 5.76629543784273
1363.90977443609 -97.9139578268981 5.76629543784273
1364.66165413534 -98.0835547515405 5.76629543784273
1365.41353383459 -98.2531516761829 5.76629543784273
1366.16541353383 -98.4227486008254 5.76629543784273
1366.91729323308 -98.5923455254678 5.76629543784273
1367.66917293233 -98.7619424501102 5.76629543784273
1368.42105263158 -98.9315393747527 5.76629543784273
1369.17293233083 -98.9880716829668 5.78325513030697
1369.92481203008 -99.0446039911809 5.80021482277121
1370.67669172932 -99.1011362993951 5.81717451523546
1371.42857142857 -99.1576686076092 5.8341342076997
1372.18045112782 -99.2142009158234 5.85109390016394
1372.93233082707 -99.2707332240375 5.86805359262819
1373.68421052632 -99.3272655322517 5.88501328509243
1374.43609022556 -99.3837978404658 5.90197297755667
1375.18796992481 -99.44033014868 5.91893267002092
1375.93984962406 -99.4968624568941 5.93589236248516
1376.69172932331 -99.6664593815365 5.94154559330657
1377.44360902256 -99.836056306179 5.94719882412799
1378.1954887218 -100.005653230821 5.9528520549494
1378.94736842105 -100.175250155464 5.95850528577082
1379.6992481203 -100.344847080106 5.96415851659223
1380.45112781955 -100.514444004749 5.96981174741365
1381.2030075188 -100.684040929391 5.97546497823506
1381.95488721805 -100.853637854034 5.98111820905648
1382.70676691729 -101.023234778676 5.98677143987789
1383.45864661654 -101.192831703318 5.9924246706993
1384.21052631579 -101.249364011533 6.02069082480638
1384.96240601504 -101.305896319747 6.04895697891345
1385.71428571429 -101.362428627961 6.07722313302052
1386.46616541353 -101.418960936175 6.10548928712759
1387.21804511278 -101.475493244389 6.13375544123466
1387.96992481203 -101.532025552603 6.16202159534174
1388.72180451128 -101.588557860817 6.19028774944881
1389.47368421053 -101.645090169032 6.21855390355588
1390.22556390977 -101.701622477246 6.24682005766295
1390.97744360902 -101.75815478546 6.27508621177003
1391.72932330827 -101.871219401888 6.2637797501272
1392.48120300752 -101.984284018316 6.25247328848437
1393.23308270677 -102.097348634745 6.24116682684154
1393.98496240602 -102.210413251173 6.22986036519871
1394.73684210526 -102.323477867601 6.21855390355588
1395.48872180451 -102.43654248403 6.20724744191305
1396.24060150376 -102.549607100458 6.19594098027022
1396.99248120301 -102.662671716886 6.1846345186274
1397.74436090226 -102.775736333314 6.17332805698457
1398.4962406015 -102.888800949743 6.16202159534174
1399.24812030075 -103.058397874385 6.19594098027022
1400 -103.227994799028 6.22986036519871
1400.75187969925 -103.39759172367 6.2637797501272
1401.5037593985 -103.567188648312 6.29769913505568
1402.25563909774 -103.736785572955 6.33161851998417
1403.00751879699 -103.906382497597 6.36553790491266
1403.75939849624 -104.07597942224 6.39945728984114
1404.51127819549 -104.245576346882 6.43337667476963
1405.26315789474 -104.415173271525 6.46729605969812
1406.01503759398 -104.584770196167 6.5012154446266
1406.76691729323 -104.697834812595 6.49556221380519
1407.51879699248 -104.810899429024 6.48990898298378
1408.27067669173 -104.923964045452 6.48425575216236
1409.02255639098 -105.03702866188 6.47860252134095
1409.77443609023 -105.150093278309 6.47294929051953
1410.52631578947 -105.263157894737 6.46729605969812
1411.27819548872 -105.376222511165 6.4616428288767
1412.03007518797 -105.489287127593 6.45598959805529
1412.78195488722 -105.602351744022 6.45033636723387
1413.53383458647 -105.71541636045 6.44468313641246
1414.28571428571 -105.771948668664 6.45598959805529
1415.03759398496 -105.828480976878 6.46729605969812
1415.78947368421 -105.885013285092 6.47860252134095
1416.54135338346 -105.941545593307 6.48990898298378
1417.29323308271 -105.998077901521 6.5012154446266
1418.04511278195 -106.054610209735 6.51252190626943
1418.7969924812 -106.111142517949 6.52382836791226
1419.54887218045 -106.167674826163 6.53513482955509
1420.3007518797 -106.224207134377 6.54644129119792
1421.05263157895 -106.280739442591 6.55774775284075
1421.8045112782 -106.39380405902 6.57470744530499
1422.55639097744 -106.506868675448 6.59166713776923
1423.30827067669 -106.619933291876 6.60862683023348
1424.06015037594 -106.732997908305 6.62558652269772
1424.81203007519 -106.846062524733 6.64254621516196
1425.56390977444 -106.959127141161 6.65950590762621
1426.31578947368 -107.072191757589 6.67646560009045
1427.06766917293 -107.185256374018 6.69342529255469
1427.81954887218 -107.298320990446 6.71038498501894
1428.57142857143 -107.411385606874 6.72734467748318
1429.32330827068 -107.524450223303 6.73865113912601
1430.07518796992 -107.637514839731 6.74995760076884
1430.82706766917 -107.750579456159 6.76126406241167
1431.57894736842 -107.863644072587 6.7725705240545
1432.33082706767 -107.976708689016 6.78387698569733
1433.08270676692 -108.089773305444 6.79518344734015
1433.83458646617 -108.202837921872 6.80648990898298
1434.58646616541 -108.315902538301 6.81779637062581
1435.33834586466 -108.428967154729 6.82910283226864
1436.09022556391 -108.542031771157 6.84040929391147
1436.84210526316 -108.7116286958 6.84040929391147
1437.59398496241 -108.881225620442 6.84040929391147
1438.34586466165 -109.050822545085 6.84040929391147
1439.0977443609 -109.220419469727 6.84040929391147
1439.84962406015 -109.390016394369 6.84040929391147
1440.6015037594 -109.559613319012 6.84040929391147
1441.35338345865 -109.729210243654 6.84040929391147
1442.10526315789 -109.898807168297 6.84040929391147
1442.85714285714 -110.068404092939 6.84040929391147
1443.60902255639 -110.238001017582 6.84040929391147
1444.36090225564 -110.35106563401 6.8517157555543
1445.11278195489 -110.464130250438 6.86302221719713
1445.86466165414 -110.577194866866 6.87432867883996
1446.61654135338 -110.690259483295 6.88563514048279
1447.36842105263 -110.803324099723 6.89694160212561
1448.12030075188 -110.916388716151 6.90824806376844
1448.87218045113 -111.02945333258 6.91955452541127
1449.62406015038 -111.142517949008 6.9308609870541
1450.37593984962 -111.255582565436 6.94216744869693
1451.12781954887 -111.368647181864 6.95347391033976
1451.87969924812 -111.425179490079 6.93651421787551
1452.63157894737 -111.481711798293 6.91955452541127
1453.38345864662 -111.538244106507 6.90259483294703
1454.13533834586 -111.594776414721 6.88563514048279
1454.88721804511 -111.651308722935 6.86867544801854
1455.63909774436 -111.707841031149 6.8517157555543
1456.39097744361 -111.764373339363 6.83475606309006
1457.14285714286 -111.820905647578 6.81779637062581
1457.89473684211 -111.877437955792 6.80083667816157
1458.64661654135 -111.933970264006 6.78387698569733
1459.3984962406 -112.103567188648 6.83475606309006
1460.15037593985 -112.273164113291 6.88563514048279
1460.9022556391 -112.442761037933 6.93651421787551
1461.65413533835 -112.612357962576 6.98739329526825
1462.40601503759 -112.781954887218 7.03827237266098
1463.15789473684 -112.95155181186 7.0891514500537
1463.90977443609 -113.121148736503 7.14003052744644
1464.66165413534 -113.290745661145 7.19090960483916
1465.41353383459 -113.460342585788 7.2417886822319
1466.16541353383 -113.62993951043 7.29266775962463
1466.91729323308 -113.743004126858 7.29832099044604
1467.66917293233 -113.856068743287 7.30397422126745
1468.42105263158 -113.969133359715 7.30962745208887
1469.17293233083 -114.082197976143 7.31528068291028
1469.92481203008 -114.195262592572 7.3209339137317
1470.67669172932 -114.308327209 7.32658714455311
1471.42857142857 -114.421391825428 7.33224037537453
1472.18045112782 -114.534456441857 7.33789360619594
1472.93233082707 -114.647521058285 7.34354683701735
1473.68421052632 -114.760585674713 7.34920006783877
1474.43609022556 -114.873650291141 7.37746622194584
1475.18796992481 -114.98671490757 7.40573237605291
1475.93984962406 -115.099779523998 7.43399853015999
1476.69172932331 -115.212844140426 7.46226468426706
1477.44360902256 -115.325908756855 7.49053083837413
1478.1954887218 -115.438973373283 7.5187969924812
1478.94736842105 -115.552037989711 7.54706314658827
1479.6992481203 -115.665102606139 7.57532930069535
1480.45112781955 -115.778167222568 7.60359545480242
1481.2030075188 -115.891231838996 7.63186160890949
1481.95488721805 -116.060828763638 7.62620837808808
1482.70676691729 -116.230425688281 7.62055514726666
1483.45864661654 -116.400022612923 7.61490191644525
1484.21052631579 -116.569619537566 7.60924868562383
1484.96240601504 -116.739216462208 7.60359545480242
1485.71428571429 -116.908813386851 7.597942223981
1486.46616541353 -117.078410311493 7.59228899315959
1487.21804511278 -117.248007236135 7.58663576233818
1487.96992481203 -117.417604160778 7.58098253151676
1488.72180451128 -117.58720108542 7.57532930069535
1489.47368421053 -117.643733393634 7.58663576233818
1490.22556390977 -117.700265701849 7.597942223981
1490.97744360902 -117.756798010063 7.60924868562383
1491.72932330827 -117.813330318277 7.62055514726666
1492.48120300752 -117.869862626491 7.63186160890949
1493.23308270677 -117.926394934705 7.64316807055232
1493.98496240602 -117.982927242919 7.65447453219515
1494.73684210526 -118.039459551133 7.66578099383798
1495.48872180451 -118.095991859348 7.67708745548081
1496.24060150376 -118.152524167562 7.68839391712364
1496.99248120301 -118.26558878399 7.70535360958788
1497.74436090226 -118.378653400418 7.72231330205212
1498.4962406015 -118.491718016847 7.73927299451636
1499.24812030075 -118.604782633275 7.75623268698061
1500 -118.717847249703 7.77319237944485
1500.75187969925 -118.830911866131 7.79015207190909
1501.5037593985 -118.94397648256 7.80711176437334
1502.25563909774 -119.057041098988 7.82407145683758
1503.00751879699 -119.170105715416 7.84103114930183
1503.75939849624 -119.283170331845 7.85799084176607
