15.707963267949
15.3248422126331
14.9599650170943
14.612058853906
14.2799666072263
13.9626340159546
13.6590984938687
13.3684793769778
13.0899693899575
12.8228271575094
12.5663706143592
12.3199711905482
12.0830486676531
11.85506661732
11.6355283466289
11.4239732857811
11.2199737628207
11.0231321178589
10.8330781158269
10.6494666223383
10.471975511966
10.3003037822616
10.1341698502897
9.97331001139617
9.8174770424681
9.66643893412244
9.51997773815089
9.37788851817849
9.23997839291115
9.10606566257911
8.97597901025655
8.84955677067547
8.72664625997165
8.60710316051998
8.49079095564809
8.37758040957278
8.26734908839419
8.15998091841505
8.05536577843537
7.95339912301213
7.85398163397448
