300 
0 3.13358991000227372 0 4.10888968439797e-05
0 3.12322301777233102 0 9.56427723282176e-05
0 3.11279490344116549 0 1.50266982703887e-04
0 3.10235295642650133 0 2.04881786701909e-04
0 3.09190576234889658 0 2.59475606729776e-04
0 3.08145602920542894 0 3.14041488985938e-04
0 3.07100487708697001 0 3.68573207953211e-04
0 3.06055285229513130 0 4.23064714540562e-04
0 3.05010025279497299 0 4.77510017217489e-04
0 3.03964725484393128 0 5.31903149023215e-04
0 3.02919396934518392 0 5.86238156852061e-04
0 3.01874046955613107 0 6.40509097713954e-04
0 3.00828680580666585 0 6.94710037495622e-04
0 2.99783301381509659 0 7.48835050733300e-04
0 2.98737911963035785 0 8.02878220822485e-04
0 2.97692514269587649 0 8.56833640428160e-04
0 2.96647109781808638 0 9.10695412008863e-04
0 2.95601699647071836 0 9.64457648384031e-04
0 2.94556284768238008 0 1.01811447333281e-03
0 2.93510865865484716 0 1.07166002221050e-03
0 2.92465443520282919 0 1.12508844256954e-03
0 2.91420018207250031 0 1.17839389479175e-03
0 2.90374590317617365 0 1.23157055271579e-03
0 2.89329160176769973 0 1.28461260427027e-03
0 2.88283728057539967 0 1.33751425210674e-03
0 2.87238294190403654 0 1.39026971422595e-03
0 2.86192858771393777 0 1.44287322461534e-03
0 2.85147421968303849 0 1.49531903387278e-03
0 2.84101983925593604 0 1.54760140983319e-03
0 2.83056544768311813 0 1.59971463820108e-03
0 2.82011104605249097 0 1.65165302316556e-03
0 2.80965663531498233 0 1.70341088802948e-03
0 2.79920221630544663 0 1.75498257582589e-03
0 2.78874778975984672 0 1.80636244993912e-03
0 2.77829335632948826 0 1.85754489471593e-03
0 2.76783891659284897 0 1.90852431608486e-03
0 2.75738447106548534 0 1.95929514216325e-03
0 2.74693002020836863 0 2.00985182386752e-03
0 2.73647556443492102 0 2.06018883552122e-03
0 2.72602110411699794 0 2.11030067545483e-03
0 2.71556663958998890 0 2.16018186661099e-03
0 2.70511217115718150 0 2.20982695714325e-03
0 2.69465769909351538 0 2.25923052100652e-03
0 2.68420322364882402 0 2.30838715855702e-03
0 2.67374874505063520 0 2.35729149713895e-03
0 2.66329426350661747 0 2.40593819167046e-03
0 2.65283977920668956 0 2.45432192523068e-03
0 2.64238529232489405 0 2.50243740963997e-03
0 2.63193080302101468 0 2.55027938603505e-03
0 2.62147631144201521 0 2.59784262545101e-03
0 2.61102181772330333 0 2.64512192938174e-03
0 2.60056732198984264 0 2.69211213035928e-03
0 2.59011282435714518 0 2.73880809251133e-03
0 2.57965832493215608 0 2.78520471212573e-03
0 2.56920382381402090 0 2.83129691820685e-03
0 2.55874932109480646 0 2.87707967303259e-03
0 2.54829481686010562 0 2.92254797269971e-03
0 2.53784031118961240 0 2.96769684767584e-03
0 2.52738580415761493 0 3.01252136333982e-03
0 2.51693129583345110 0 3.05701662052231e-03
0 2.50647678628191928 0 3.10117775604151e-03
0 2.49602227556363898 0 3.14499994323341e-03
0 2.48556776373539456 0 3.18847839247838e-03
0 2.47511325085042744 0 3.23160835172802e-03
0 2.46465873695871363 0 3.27438510702341e-03
0 2.45420422210720934 0 3.31680398300874e-03
0 2.44374970634008459 0 3.35886034344160e-03
0 2.43329518969892256 0 3.40054959170340e-03
0 2.42284067222291055 0 3.44186717129897e-03
0 2.41238615394901013 0 3.48280856635565e-03
0 2.40193163491211958 0 3.52336930211645e-03
0 2.39147711514521211 0 3.56354494542867e-03
0 2.38102259467947430 0 3.60333110522790e-03
0 2.37056807354442389 0 3.64272343302258e-03
0 2.36011355176801985 0 3.68171762336175e-03
0 2.34965902937677473 0 3.72030941431197e-03
0 2.33920450639583732 0 3.75849458791859e-03
0 2.32874998284909074 0 3.79626897067162e-03
0 2.31829545875922571 0 3.83362843395763e-03
0 2.30784093414782365 0 3.87056889451117e-03
0 2.29738640903541746 0 3.90708631486542e-03
0 2.28693188344156262 0 3.94317670378702e-03
0 2.27647735738489398 0 3.97883611671894e-03
0 2.26602283088318002 0 4.01406065620665e-03
0 2.25556830395337826 0 4.04884647232533e-03
0 2.24511377661167844 0 4.08318976310324e-03
0 2.23465924887355083 0 4.11708677493199e-03
0 2.22420472075378761 0 4.15053380298362e-03
0 2.21375019226653835 0 4.18352719160940e-03
0 2.20329566342534910 0 4.21606333474146e-03
0 2.19284113424319882 0 4.24813867629188e-03
0 2.18238660473252288 0 4.27974971052762e-03
0 2.17193207490525220 0 4.31089298247587e-03
0 2.16147754477283005 0 4.34156508827494e-03
0 2.15102301434625476 0 4.37176267557015e-03
0 2.14056848363608321 0 4.40148244386674e-03
0 2.13011395265246950 0 4.43072114489072e-03
0 2.11965942140518271 0 4.45947558295212e-03
0 2.10920488990362198 0 4.48774261528762e-03
0 2.09875035815684230 0 4.51551915240445e-03
0 2.08829582617356690 0 4.54280215842104e-03
0 2.07784129396220774 0 4.56958865139589e-03
0 2.06738676153088274 0 4.59587570365483e-03
0 2.05693222888742300 0 4.62166044211078e-03
0 2.04647769603939711 0 4.64694004857994e-03
0 2.03602316299411701 0 4.67171176008529e-03
0 2.02556862975865570 0 4.69597286916145e-03
0 2.01511409633985483 0 4.71972072415012e-03
0 2.00465956274434021 0 4.74295272949221e-03
0 1.99420502897852803 0 4.76566634600586e-03
0 1.98375049504863976 0 4.78785909116867e-03
0 1.97329596096070770 0 4.80952853938957e-03
0 1.96284142672058892 0 4.83067232226895e-03
0 1.95238689233396956 0 4.85128812886425e-03
0 1.94193235780637385 0 4.87137370593481e-03
0 1.93147782314317285 0 4.89092685819533e-03
0 1.92102328834959524 0 4.90994544855147e-03
0 1.91056875343072763 0 4.92842739833577e-03
0 1.90011421839152783 0 4.94637068753285e-03
0 1.88965968323682754 0 4.96377335500137e-03
0 1.87920514797133853 0 4.98063349868723e-03
0 1.86875061259966135 0 4.99694927583501e-03
0 1.85829607712628886 0 5.01271890318304e-03
0 1.84784154155561442 0 5.02794065716547e-03
0 1.83738700589193171 0 5.04261287409476e-03
0 1.82693247013944560 0 5.05673395034773e-03
0 1.81647793430227389 0 5.07030234253681e-03
0 1.80602339838445314 0 5.08331656768352e-03
0 1.79556886238994218 0 5.09577520337457e-03
0 1.78511432632262657 0 5.10767688792607e-03
0 1.77465979018632458 0 5.11902032052166e-03
0 1.76420525398478834 0 5.12980426136242e-03
0 1.75375071772171109 0 5.14002753180002e-03
0 1.74329618140072595 0 5.14968901446544e-03
0 1.73284164502541738 0 5.15878765338946e-03
0 1.72238710859931632 0 5.16732245412516e-03
0 1.71193257212590844 0 5.17529248384338e-03
0 1.70147803560863808 0 5.18269687144824e-03
0 1.69102349905090810 0 5.18953480766580e-03
0 1.68056896245608645 0 5.19580554513082e-03
0 1.67011442582750824 0 5.20150839847425e-03
0 1.65965988916847595 0 5.20664274439280e-03
0 1.64920535248226852 0 5.21120802171971e-03
0 1.63875081577213777 0 5.21520373148478e-03
0 1.62829627904131602 0 5.21862943697201e-03
0 1.61784174229301803 0 5.22148476376100e-03
0 1.60738720553044145 0 5.22376939977628e-03
0 1.59693266875677198 0 5.22548309531334e-03
0 1.58647813197518683 0 5.22662566307132e-03
0 1.57602359518885393 0 5.22719697817245e-03
0 1.56556905840094007 0 5.22719697817215e-03
0 1.55511452161460695 0 5.22662566307136e-03
0 1.54465998483302203 0 5.22548309531325e-03
0 1.53420544805935255 0 5.22376939977622e-03
0 1.52375091129677531 0 5.22148476376081e-03
0 1.51329637454847687 0 5.21862943697194e-03
0 1.50284183781765579 0 5.21520373148471e-03
0 1.49238730110752549 0 5.21120802171974e-03
0 1.48193276442131694 0 5.20664274439269e-03
0 1.47147822776228532 0 5.20150839847471e-03
0 1.46102369113370667 0 5.19580554513095e-03
0 1.45056915453888546 0 5.18953480766496e-03
0 1.44011461798115592 0 5.18269687144881e-03
0 1.42966008146388512 0 5.17529248384351e-03
0 1.41920554499047746 0 5.16732245412416e-03
0 1.40875100856437618 0 5.15878765339023e-03
0 1.39829647218906694 0 5.14968901446508e-03
0 1.38784193586808247 0 5.14002753180020e-03
0 1.37738739960500411 0 5.12980426136219e-03
0 1.36693286340346876 0 5.11902032052156e-03
0 1.35647832726716588 0 5.10767688792576e-03
0 1.34602379119985094 0 5.09577520337596e-03
0 1.33556925520533953 0 5.08331656768325e-03
0 1.32511471928751901 0 5.07030234253676e-03
0 1.31466018345034774 0 5.05673395034753e-03
0 1.30420564769786207 0 5.04261287409476e-03
0 1.29375111203417914 0 5.02794065716591e-03
0 1.28329657646350404 0 5.01271890318292e-03
0 1.27284204099013221 0 4.99694927583455e-03
0 1.26238750561845525 0 4.98063349868695e-03
0 1.25193297035296580 0 4.96377335500123e-03
0 1.24147843519826440 0 4.94637068753273e-03
0 1.23102390015906549 0 4.92842739833579e-03
0 1.22056936524019766 0 4.90994544855124e-03
0 1.21011483044662005 0 4.89092685819557e-03
0 1.19966029578341993 0 4.87137370593464e-03
0 1.18920576125582356 0 4.85128812886424e-03
0 1.17875122686920397 0 4.83067232226934e-03
0 1.16829669262908453 0 4.80952853938931e-03
0 1.15784215854115380 0 4.78785909116875e-03
0 1.14738762461126487 0 4.76566634600600e-03
0 1.13693309084545247 0 4.74295272949187e-03
0 1.12647855724993762 0 4.71972072415078e-03
0 1.11602402383113675 0 4.69597286916140e-03
0 1.10556949059567544 0 4.67171176008503e-03
0 1.09511495755039623 0 4.64694004858055e-03
0 1.08466042470236967 0 4.62166044211147e-03
0 1.07420589205891059 0 4.59587570365488e-03
0 1.06375135962758449 0 4.56958865139541e-03
0 1.05329682741622621 0 4.54280215842105e-03
0 1.04284229543295082 0 4.51551915240415e-03
0 1.03238776368617113 0 4.48774261528805e-03
0 1.02193323218461085 0 4.45947558295200e-03
0 1.01147870093732295 0 4.43072114489028e-03
0 1.00102416995371035 0 4.40148244386627e-03
0 0.99056963924353869 0 4.37176267557050e-03
0 0.98011510881696240 0 4.34156508827533e-03
0 0.96966057868454114 0 4.31089298247512e-03
0 0.95920604885726990 0 4.27974971052887e-03
0 0.94875151934659430 0 4.24813867629152e-03
0 0.93829699016444335 0 4.21606333474227e-03
0 0.92784246132325521 0 4.18352719160915e-03
0 0.91738793283600539 0 4.15053380298295e-03
0 0.90693340471624262 0 4.11708677493238e-03
0 0.89647887697811490 0 4.08318976310294e-03
0 0.88602434963641519 0 4.04884647232548e-03
0 0.87556982270661288 0 4.01406065620666e-03
0 0.86511529620489969 0 3.97883611671887e-03
0 0.85466077014822994 0 3.94317670378711e-03
0 0.84420624455437610 0 3.90708631486555e-03
0 0.83375171944196924 0 3.87056889451158e-03
0 0.82329719483056740 0 3.83362843395740e-03
0 0.81284267074070238 0 3.79626897067165e-03
0 0.80238814719395635 0 3.75849458791919e-03
0 0.79193362421301772 0 3.72030941431159e-03
0 0.78147910182177238 0 3.68171762336175e-03
0 0.77102458004537044 0 3.64272343302298e-03
0 0.76057005891031848 0 3.60333110522823e-03
0 0.75011553844458045 0 3.56354494542856e-03
0 0.73966101867767375 0 3.52336930211657e-03
0 0.72920649964078288 0 3.48280856635548e-03
0 0.71875198136688245 0 3.44186717129893e-03
0 0.70829746389086934 0 3.40054959170326e-03
0 0.69784294724970752 0 3.35886034344159e-03
0 0.68738843148258311 0 3.31680398300802e-03
0 0.67693391663107938 0 3.27438510702387e-03
0 0.66647940273936468 0 3.23160835172866e-03
0 0.65602488985439855 0 3.18847839247832e-03
0 0.64557037802615469 0 3.14499994323285e-03
0 0.63511586730787539 0 3.10117775604147e-03
0 0.62466135775634257 0 3.05701662052261e-03
0 0.61420684943218007 0 3.01252136333959e-03
0 0.60375234240018150 0 2.96769684767545e-03
0 0.59329783672968850 0 2.92254797269925e-03
0 0.58284333249498743 0 2.87707967303248e-03
0 0.57238882977577255 0 2.83129691820745e-03
0 0.56193432865763904 0 2.78520471212560e-03
0 0.55147982923264727 0 2.73880809251080e-03
0 0.54102533159995092 0 2.69211213035906e-03
0 0.53057083586649012 0 2.64512192938156e-03
0 0.52011634214777824 0 2.59784262545055e-03
0 0.50966185056878022 0 2.55027938603567e-03
0 0.49920736126490045 0 2.50243740964027e-03
0 0.48875287438310383 0 2.45432192523031e-03
0 0.47829839008317621 0 2.40593819167047e-03
0 0.46784390853915719 0 2.35729149713842e-03
0 0.45738942994096954 0 2.30838715855696e-03
0 0.44693495449627829 0 2.25923052100707e-03
0 0.43648048243261339 0 2.20982695714282e-03
0 0.42602601399980489 0 2.16018186661147e-03
0 0.41557154947279701 0 2.11030067545464e-03
0 0.40511708915487343 0 2.06018883552124e-03
0 0.39466263338142382 0 2.00985182386821e-03
0 0.38420818252430650 0 1.95929514216318e-03
0 0.37375373699694409 0 1.90852431608492e-03
0 0.36329929726030419 0 1.85754489471606e-03
0 0.35284486382994723 0 1.80636244993824e-03
0 0.34239043728434648 0 1.75498257582552e-03
0 0.33193601827481295 0 1.70341088802978e-03
0 0.32148160753730387 0 1.65165302316539e-03
0 0.31102720590667726 0 1.59971463820116e-03
0 0.30057281433385796 0 1.54760140983405e-03
0 0.29011843390675579 0 1.49531903387245e-03
0 0.27966406587585285 0 1.44287322461499e-03
0 0.26920971168575775 0 1.39026971422633e-03
0 0.25875537301439433 0 1.33751425210644e-03
0 0.24830105182209419 0 1.28461260427041e-03
0 0.23784675041361913 0 1.23157055271548e-03
0 0.22739247151729522 0 1.17839389479220e-03
0 0.21693821838696467 0 1.12508844256906e-03
0 0.20648399493494612 0 1.07166002221028e-03
0 0.19602980590741315 0 1.01811447333318e-03
0 0.18557565711907481 0 9.64457648384426e-04
0 0.17512155577170740 0 9.10695412008711e-04
0 0.16466751089391884 0 8.56833640427718e-04
0 0.15421353395943732 0 8.02878220821742e-04
0 0.14375963977470357 0 7.48835050733980e-04
0 0.13330584778312657 0 6.94710037495625e-04
0 0.12285218403366413 0 6.40509097713880e-04
0 0.11239868424460527 0 5.86238156852380e-04
0 0.10194539874585003 0 5.31903149023641e-04
0 0.09149240079481175 0 4.77510017217317e-04
0 0.08103980129466197 0 4.23064714540903e-04
0 0.07058777650281851 0 3.68573207952986e-04
0 0.06013662438436972 0 3.14041488986904e-04
0 0.04968689124089870 0 2.59475606729253e-04
0 0.03923969716331462 0 2.04881786701872e-04
0 0.02879775014863536 0 1.50266982704266e-04
0 0.01836963581742595 0 9.56427723281571e-05
0 0.00800274358749191 0 4.10888968436678e-05
