26 
 0.00000000  1.57079633  0.00000000  0.04761905
 3.14159265  1.57079633  0.00000000  0.04761905
 1.57079633  1.57079633  0.00000000  0.04761905
-1.57079633  1.57079633  0.00000000  0.04761905
 1.57079633  0.00000000  0.00000000  0.04761905
 1.57079633  3.14159265  0.00000000  0.04761905
 1.57079633  0.78539816  0.00000000  0.03809524
 1.57079633  2.35619449  0.00000000  0.03809524
-1.57079633  0.78539816  0.00000000  0.03809524
-1.57079633  2.35619449  0.00000000  0.03809524
 0.00000000  0.78539816  0.00000000  0.03809524
 0.00000000  2.35619449  0.00000000  0.03809524
 3.14159265  0.78539816  0.00000000  0.03809524
 3.14159265  2.35619449  0.00000000  0.03809524
 0.78539816  1.57079633  0.00000000  0.03809524
-0.78539816  1.57079633  0.00000000  0.03809524
 2.35619449  1.57079633  0.00000000  0.03809524
-2.35619449  1.57079633  0.00000000  0.03809524
 0.78539816  0.95531662  0.00000000  0.03214286
 0.78539816  2.18627604  0.00000000  0.03214286
-0.78539816  0.95531662  0.00000000  0.03214286
-0.78539816  2.18627604  0.00000000  0.03214286
 2.35619449  0.95531662  0.00000000  0.03214286
 2.35619449  2.18627604  0.00000000  0.03214286
-2.35619449  0.95531662  0.00000000  0.03214286
-2.35619449  2.18627604  0.00000000  0.03214286
