500 
 0.000000e+00  0.000000e+00   0.260934715
 1.190230e-01  0.000000e+00   0.232207754
 1.364421e-01  1.176627e-01   0.188748443
 3.448959e-03  1.268082e-01   0.228023506
-1.247717e-01  6.307374e-02   0.220319442
-1.156045e-01 -7.102841e-02   0.222884453
-9.487734e-04 -1.352623e-01   0.223137040
 1.158953e-01 -1.328778e-01   0.192350465
 2.095236e-01 -6.414241e-02   0.141677537
 2.270671e-01  5.576385e-02   0.115835525
 1.370328e-01  1.993553e-01   0.097807986
 4.823654e-03  2.148620e-01   0.147979586
-1.309306e-01  1.651061e-01   0.153896351
-2.176422e-01  4.661738e-03   0.143864779
-1.895007e-01 -1.270003e-01   0.126678065
-8.463207e-02 -2.027592e-01   0.140758885
 3.942681e-02 -2.331649e-01   0.110302188
 1.461414e-01 -2.047896e-01   0.069215856
 2.277491e-01 -1.246518e-01   0.026061405
 2.607029e-01 -7.287273e-03  -0.008235065
 2.281009e-01  1.262762e-01   0.010547838
 1.222042e-01  2.300631e-01  -0.014967816
-8.808548e-03  2.581946e-01   0.036672321
-1.368248e-01  2.179785e-01   0.043026397
-2.272434e-01  1.071799e-01   0.070425969
-2.576840e-01 -3.473944e-02   0.021887400
-2.029511e-01 -1.638372e-01   0.007426388
-9.130804e-02 -2.436381e-01   0.019754657
 2.047807e-02 -2.584186e-01  -0.029789317
 1.256888e-01 -2.173667e-01  -0.070999792
 1.975648e-01 -1.306658e-01  -0.109460111
 2.283030e-01 -4.381334e-03  -0.126275409
 1.986241e-01  1.314687e-01  -0.106542740
 8.801786e-02  2.026942e-01  -0.138761854
-1.991729e-02  2.457726e-01  -0.085358386
-1.543655e-01  1.963015e-01  -0.075656651
-2.374816e-01  9.569120e-02  -0.050325266
-2.372860e-01 -5.518223e-02  -0.093473083
-1.464020e-01 -1.905295e-01  -0.101744208
-3.469920e-02 -2.146868e-01  -0.144195909
 6.666000e-02 -1.638727e-01  -0.191804907
 1.306582e-01 -6.318671e-02  -0.216847425
 1.411513e-01  7.053815e-02  -0.207816305
 2.284899e-02  1.301985e-01  -0.224973776
-8.694255e-02  1.694005e-01  -0.178413563
-1.949140e-01  6.347653e-02  -0.161450228
-1.615517e-01 -8.803340e-02  -0.185035392
-5.127931e-02 -1.018348e-01  -0.234706252
 2.053502e-02 -8.790791e-04  -0.260123943
-1.044223e-01  4.168857e-02  -0.235467550
 0.000000e+00  0.000000e+00   1.349366333
 6.155014e-01  0.000000e+00   1.200811192
 7.055801e-01  6.084667e-01   0.976070949
 1.783553e-02  6.557605e-01   1.179173276
-6.452292e-01  3.261719e-01   1.139333404
-5.978234e-01 -3.673078e-01   1.152597793
-4.906372e-03 -6.994791e-01   1.153903994
 5.993271e-01 -6.871480e-01   0.994698011
 1.083505e+00 -3.316983e-01   0.732654140
 1.174227e+00  2.883705e-01   0.599017870
 7.086351e-01  1.030922e+00   0.505792428
 2.494446e-02  1.111112e+00   0.765243795
-6.770788e-01  8.538096e-01   0.795841039
-1.125489e+00  2.410715e-02   0.743964979
-9.799611e-01 -6.567541e-01   0.655087675
-4.376561e-01 -1.048524e+00   0.727903531
 2.038870e-01 -1.205761e+00   0.570403438
 7.557378e-01 -1.059024e+00   0.357934537
 1.177754e+00 -6.446095e-01   0.134770809
 1.348168e+00 -3.768452e-02  -0.042585822
 1.179573e+00  6.530093e-01   0.054545819
 6.319521e-01  1.189720e+00  -0.077402760
-4.555146e-02  1.335197e+00   0.189642820
-7.075592e-01  1.127228e+00   0.222501522
-1.175139e+00  5.542573e-01   0.364192365
-1.332556e+00 -1.796473e-01   0.113185860
-1.049517e+00 -8.472477e-01   0.038403928
-4.721794e-01 -1.259921e+00   0.102156850
 1.058978e-01 -1.336355e+00  -0.154048885
 6.499719e-01 -1.124064e+00  -0.367159765
 1.021663e+00 -6.757093e-01  -0.566048822
 1.180619e+00 -2.265710e-02  -0.653005429
 1.027141e+00  6.798615e-01  -0.550962285
 4.551650e-01  1.048188e+00  -0.717576326
-1.029979e-01  1.270959e+00  -0.441412067
-7.982672e-01  1.015130e+00  -0.391241687
-1.228083e+00  4.948459e-01  -0.260246017
-1.227072e+00 -2.853627e-01  -0.483375435
-7.570856e-01 -9.852814e-01  -0.526147736
-1.794393e-01 -1.110206e+00  -0.745677346
 3.447175e-01 -8.474313e-01  -0.991876779
 6.756700e-01 -3.267561e-01  -1.121378635
 7.299326e-01  3.647725e-01  -1.074676191
 1.181585e-01  6.732928e-01  -1.163402269
-4.496042e-01  8.760172e-01  -0.922626395
-1.007955e+00  3.282549e-01  -0.834904251
-8.354289e-01 -4.552453e-01  -0.956869725
-2.651797e-01 -5.266164e-01  -1.213731624
 1.061923e-01 -4.545964e-03  -1.345173604
-5.399970e-01  2.155833e-01  -1.217668505
 0.000000e+00  0.000000e+00   3.205904317
 1.462345e+00  0.000000e+00   2.852958230
 1.676359e+00  1.445631e+00   2.319007071
 4.237471e-02  1.557994e+00   2.801549589
-1.532974e+00  7.749386e-01   2.706895667
-1.420344e+00 -8.726715e-01   2.738409986
-1.165685e-02 -1.661864e+00   2.741513336
 1.423917e+00 -1.632567e+00   2.363262347
 2.574256e+00 -7.880685e-01   1.740683025
 2.789798e+00  6.851276e-01   1.423182073
 1.683617e+00  2.449325e+00   1.201691556
 5.926453e-02  2.639845e+00   1.818111455
-1.608644e+00  2.028531e+00   1.890806196
-2.674002e+00  5.727519e-02   1.767555985
-2.328249e+00 -1.560355e+00   1.556396030
-1.039809e+00 -2.491146e+00   1.729396246
 4.844069e-01 -2.864718e+00   1.355198214
 1.795527e+00 -2.516093e+00   0.850402037
 2.798178e+00 -1.531501e+00   0.320196457
 3.203056e+00 -8.953312e-02  -0.101177914
 2.802500e+00  1.551458e+00   0.129593182
 1.501429e+00  2.826608e+00  -0.183898054
-1.082239e-01  3.172239e+00   0.450564625
-1.681061e+00  2.678134e+00   0.528632272
-2.791965e+00  1.316837e+00   0.865269754
-3.165965e+00 -4.268168e-01   0.268913659
-2.493505e+00 -2.012941e+00   0.091242324
-1.121832e+00 -2.993394e+00   0.242710285
 2.515984e-01 -3.174991e+00  -0.365998449
 1.544242e+00 -2.670618e+00  -0.872319879
 2.427327e+00 -1.605390e+00  -1.344852260
 2.804983e+00 -5.383008e-02  -1.551448908
 2.440342e+00  1.615255e+00  -1.309008773
 1.081408e+00  2.490348e+00  -1.704860264
-2.447085e-01  3.019619e+00  -1.048732887
-1.896571e+00  2.411806e+00  -0.929535133
-2.917753e+00  1.175684e+00  -0.618307874
-2.915350e+00 -6.779817e-01  -1.148431939
-1.798729e+00 -2.340890e+00  -1.250052899
-4.263224e-01 -2.637692e+00  -1.771624327
 8.190002e-01 -2.013377e+00  -2.356559498
 1.605297e+00 -7.763265e-01  -2.664237665
 1.734217e+00  8.666480e-01  -2.553279236
 2.807280e-01  1.599649e+00  -2.764079897
-1.068196e+00  2.081293e+00  -2.192030340
-2.394759e+00  7.798873e-01  -1.983614885
-1.984861e+00 -1.081599e+00  -2.273387669
-6.300295e-01 -1.251166e+00  -2.883655356
 2.522980e-01 -1.080057e-02  -3.195942983
-1.282957e+00  5.121955e-01  -2.893008830
 0.000000e+00  0.000000e+00   5.666046059
 2.584516e+00  0.000000e+00   5.042256766
 2.962761e+00  2.554977e+00   4.098563019
 7.489215e-02  2.753566e+00   4.951398245
-2.709345e+00  1.369610e+00   4.784108946
-2.510286e+00 -1.542341e+00   4.839806673
-2.060206e-02 -2.937142e+00   4.845291467
 2.516600e+00 -2.885363e+00   4.176778837
 4.549684e+00 -1.392815e+00   3.076445589
 4.930630e+00  1.210880e+00   2.515301262
 2.975589e+00  4.328884e+00   2.123843706
 1.047429e-01  4.665605e+00   3.213290923
-2.843082e+00  3.585182e+00   3.341770039
-4.725974e+00  1.012269e-01   3.123940277
-4.114898e+00 -2.757738e+00   2.750740734
-1.837736e+00 -4.402797e+00   3.056497579
 8.561303e-01 -5.063041e+00   2.395148058
 3.173375e+00 -4.446888e+00   1.502982196
 4.945439e+00 -2.706743e+00   0.565908304
 5.661012e+00 -1.582389e-01  -0.178819660
 4.953078e+00  2.742014e+00   0.229040191
 2.653594e+00  4.995686e+00  -0.325017449
-1.912725e-01  5.606547e+00   0.796318189
-2.971071e+00  4.733277e+00   0.934293262
-4.934459e+00  2.327350e+00   1.529259079
-5.595458e+00 -7.543467e-01   0.475272194
-4.406966e+00 -3.557629e+00   0.161259712
-1.982701e+00 -5.290460e+00   0.428960917
 4.446695e-01 -5.611410e+00  -0.646857754
 2.729259e+00 -4.719992e+00  -1.541719316
 4.290006e+00 -2.837332e+00  -2.376862842
 4.957467e+00 -9.513812e-02  -2.741997297
 4.313008e+00  2.854767e+00  -2.313513838
 1.911257e+00  4.401387e+00  -3.013133214
-4.324925e-01  5.336810e+00  -1.853507857
-3.351958e+00  4.262573e+00  -1.642840321
-5.156774e+00  2.077879e+00  -1.092783984
-5.152527e+00 -1.198250e+00  -2.029713808
-3.179034e+00 -4.137238e+00  -2.209316500
-7.534731e-01 -4.661800e+00  -3.131130577
 1.447483e+00 -3.558400e+00  -4.164932367
 2.837167e+00 -1.372063e+00  -4.708716114
 3.065018e+00  1.531695e+00  -4.512610584
 4.961525e-01  2.827185e+00  -4.885175120
-1.887907e+00  3.678433e+00  -3.874147087
-4.232445e+00  1.378356e+00  -3.505798111
-3.508001e+00 -1.911594e+00  -4.017936273
-1.113501e+00 -2.211284e+00  -5.096510205
 4.459061e-01 -1.908869e-02  -5.648440611
-2.267470e+00  9.052432e-01  -5.113041331
 0.000000e+00  0.000000e+00   8.511256610
 3.882334e+00  0.000000e+00   7.574230916
 4.450514e+00  3.837962e+00   6.156660435
 1.124993e-01  4.136272e+00   7.437747700
-4.069845e+00  2.057361e+00   7.186453917
-3.770828e+00 -2.316829e+00   7.270120311
-3.094741e-02 -4.412031e+00   7.278359300
 3.780313e+00 -4.334251e+00   6.274152401
 6.834313e+00 -2.092219e+00   4.621285740
 7.406550e+00  1.818924e+00   3.778362242
 4.469783e+00  6.502638e+00   3.190333893
 1.573396e-01  7.008443e+00   4.826848092
-4.270739e+00  5.385485e+00   5.019843122
-7.099126e+00  1.520581e-01   4.692629932
-6.181198e+00 -4.142539e+00   4.132027875
-2.760558e+00 -6.613666e+00   4.591320818
 1.286037e+00 -7.605452e+00   3.597873989
 4.766888e+00 -6.679897e+00   2.257706171
 7.428797e+00 -4.065936e+00   0.850079710
 8.503695e+00 -2.376987e-01  -0.268614127
 7.440271e+00  4.118919e+00   0.344052946
 3.986098e+00  7.504275e+00  -0.488225277
-2.873202e-01  8.421880e+00   1.196190144
-4.462997e+00  7.110097e+00   1.403449535
-7.412303e+00  3.496031e+00   2.297178015
-8.405223e+00 -1.133143e+00   0.713930590
-6.619928e+00 -5.344096e+00   0.242236434
-2.978317e+00 -7.947070e+00   0.644364060
 6.679607e-01 -8.429185e+00  -0.971678006
 4.099760e+00 -7.090140e+00  -2.315895174
 6.444236e+00 -4.262101e+00  -3.570406835
 7.446864e+00 -1.429118e-01  -4.118893913
 6.478789e+00  4.288291e+00  -3.475247067
 2.870996e+00  6.611547e+00  -4.526180994
-6.496690e-01  8.016694e+00  -2.784248634
-5.035147e+00  6.403029e+00  -2.467794190
-7.746253e+00  3.121288e+00  -1.641526527
-7.739874e+00 -1.799953e+00  -3.048936575
-4.775390e+00 -6.214756e+00  -3.318726934
-1.131830e+00 -7.002727e+00  -4.703430849
 2.174338e+00 -5.345254e+00  -6.256357214
 4.261853e+00 -2.061045e+00  -7.073202501
 4.604119e+00  2.300837e+00  -6.778622388
 7.452960e-01  4.246859e+00  -7.338270569
-2.835921e+00  5.525562e+00  -5.819553823
-6.357772e+00  2.070499e+00  -5.266238050
-5.269548e+00 -2.871503e+00  -6.035546890
-1.672646e+00 -3.321683e+00  -7.655727772
 6.698182e-01 -2.867410e-02  -8.484810570
-3.406083e+00  1.359812e+00  -7.680560020
 0.000000e+00  0.000000e+00  11.488743390
 5.240488e+00  0.000000e+00  10.223918671
 6.007434e+00  5.180593e+00   8.310440528
 1.518549e-01  5.583260e+00  10.039689629
-5.493596e+00  2.777086e+00   9.700485923
-5.089974e+00 -3.127323e+00   9.813421272
-4.177372e-02 -5.955489e+00   9.824542500
 5.102777e+00 -5.850499e+00   8.469034624
 9.225155e+00 -2.824138e+00   6.237946807
 9.997578e+00  2.455237e+00   5.100143988
 6.033444e+00  8.777451e+00   4.306406105
 2.123816e-01  9.460201e+00   6.515420889
-5.764769e+00  7.269486e+00   6.775931232
-9.582608e+00  2.052525e-01   6.334249287
-8.343562e+00 -5.591720e+00   5.577532215
-3.726281e+00 -8.927321e+00   6.197499278
 1.735930e+00 -1.026606e+01   4.856515660
 6.434485e+00 -9.016721e+00   3.047517898
 1.002761e+01 -5.488320e+00   1.147462484
 1.147854e+01 -3.208527e-01  -0.362583214
 1.004310e+01  5.559837e+00   0.464412740
 5.380552e+00  1.012949e+01  -0.659020775
-3.878332e-01  1.136810e+01   1.614652482
-6.024284e+00  9.597417e+00   1.894417276
-1.000534e+01  4.719045e+00   3.100798149
-1.134562e+01 -1.529549e+00   0.963684414
-8.935773e+00 -7.213617e+00   0.326977831
-4.020219e+00 -1.072719e+01   0.869781475
 9.016329e-01 -1.137796e+01  -1.311599424
 5.533976e+00 -9.570479e+00  -3.126063117
 8.698619e+00 -5.753109e+00  -4.819439691
 1.005199e+01 -1.929066e-01  -5.559803609
 8.745259e+00  5.788461e+00  -4.690990249
 3.875355e+00  8.924460e+00  -6.109571636
-8.769423e-01  1.082117e+01  -3.758260331
-6.796588e+00  8.642996e+00  -3.331100857
-1.045612e+01  4.213206e+00  -2.215780571
-1.044751e+01 -2.429629e+00  -4.115543865
-6.445961e+00 -8.388860e+00  -4.479714790
-1.527778e+00 -9.452486e+00  -6.348828681
 2.934986e+00 -7.215180e+00  -8.445014160
 5.752773e+00 -2.782059e+00  -9.547615846
 6.214775e+00  3.105737e+00  -9.149982983
 1.006022e+00  5.732534e+00  -9.905412485
-3.828010e+00  7.458565e+00  -7.855404152
-8.581906e+00  2.794820e+00  -7.108522321
-7.112990e+00 -3.876039e+00  -8.146957918
-2.257787e+00 -4.483705e+00 -10.333925513
 9.041403e-01 -3.870514e-02 -11.453045751
-4.597630e+00  1.835514e+00 -10.367444809
 0.000000e+00  0.000000e+00  14.333953941
 6.538305e+00  0.000000e+00  12.755892822
 7.495187e+00  6.463577e+00  10.368537943
 1.894620e-01  6.965966e+00  12.526039084
-6.854096e+00  3.464836e+00  12.102830894
-6.350517e+00 -3.901811e+00  12.243734910
-5.211907e-02 -7.430377e+00  12.257610333
 6.366490e+00 -7.299387e+00  10.566408189
 1.150978e+01 -3.523542e+00   7.782786959
 1.247350e+01  3.063282e+00   6.363204968
 7.527639e+00  1.095120e+01   5.372896292
 2.649783e-01  1.180304e+01   8.128978058
-7.192425e+00  9.069789e+00   8.454004314
-1.195576e+01  2.560837e-01   7.902938943
-1.040986e+01 -6.976521e+00   6.958819356
-4.649103e+00 -1.113819e+01   7.732322517
 2.165837e+00 -1.280847e+01   6.059241592
 8.027999e+00 -1.124973e+01   3.802241873
 1.251096e+01 -6.847513e+00   1.431633890
 1.432122e+01 -4.003125e-01  -0.452377681
 1.253029e+01  6.936742e+00   0.579425496
 6.713057e+00  1.263808e+01  -0.822228604
-4.838809e-01  1.418343e+01   2.014524437
-7.516210e+00  1.197424e+01   2.363573549
-1.248319e+01  5.887726e+00   3.868717086
-1.415538e+01 -1.908345e+00   1.202342810
-1.114874e+01 -9.000084e+00   0.407954553
-5.015834e+00 -1.338380e+01   1.085184618
 1.124924e+00 -1.419574e+01  -1.636419676
 6.904476e+00 -1.194063e+01  -3.900238974
 1.085285e+01 -7.177878e+00  -6.012983684
 1.254139e+01 -2.406803e-01  -6.936700225
 1.091104e+01  7.221985e+00  -5.852723478
 4.835094e+00  1.113462e+01  -7.622619416
-1.094119e+00  1.350105e+01  -4.689001108
-8.479777e+00  1.078345e+01  -4.156054726
-1.304560e+01  5.256615e+00  -2.764523114
-1.303485e+01 -3.031331e+00  -5.134766632
-8.042316e+00 -1.046638e+01  -5.589125224
-1.906135e+00 -1.179341e+01  -7.921128952
 3.661841e+00 -9.002034e+00 -10.536439007
 7.177459e+00 -3.471042e+00 -11.912102233
 7.753877e+00  3.874879e+00 -11.415994787
 1.255166e+00  7.152208e+00 -12.358507934
-4.776024e+00  9.305694e+00  -9.800810888
-1.070723e+01  3.486963e+00  -8.868962260
-8.874536e+00 -4.835948e+00 -10.164568534
-2.816932e+00 -5.594103e+00 -12.893143080
 1.128052e+00 -4.829054e-02 -14.289415710
-5.736242e+00  2.290083e+00 -12.934963497
 0.000000e+00  0.000000e+00  16.794095683
 7.660477e+00  0.000000e+00  14.945191358
 8.781588e+00  7.572924e+00  12.148093891
 2.219795e-01  8.161537e+00  14.675887739
-8.030467e+00  4.059508e+00  14.180044173
-7.440458e+00 -4.571480e+00  14.345131597
-6.106428e-02 -8.705656e+00  14.361388464
 7.459173e+00 -8.552184e+00  12.379924679
 1.348521e+01 -4.128288e+00   9.118549522
 1.461433e+01  3.589034e+00   7.455324157
 8.819611e+00  1.283076e+01   6.295048442
 3.104566e-01  1.382880e+01   9.524157526
-8.426864e+00  1.062644e+01   9.904968158
-1.400773e+01  3.000355e-01   9.259323235
-1.219651e+01 -8.173904e+00   8.153164060
-5.447030e+00 -1.304984e+01   9.059423850
 2.537560e+00 -1.500680e+01   7.099191436
 9.405847e+00 -1.318053e+01   4.454822032
 1.465823e+01 -8.022754e+00   1.677345737
 1.677918e+01 -4.690183e-01  -0.530019427
 1.468087e+01  8.127297e+00   0.678872505
 7.865221e+00  1.480716e+01  -0.963347999
-5.669295e-01  1.661774e+01   2.360278001
-8.806220e+00  1.402938e+01   2.769234539
-1.462568e+01  6.898238e+00   4.532706410
-1.658487e+01 -2.235875e+00   1.408701345
-1.306220e+01 -1.054477e+01   0.477971942
-5.876704e+00 -1.568086e+01   1.271435249
 1.317995e+00 -1.663215e+01  -1.917278982
 8.089494e+00 -1.399000e+01  -4.569638412
 1.271553e+01 -8.409820e+00  -7.044994266
 1.469387e+01 -2.819883e-01  -8.127248614
 1.278371e+01  8.461497e+00  -6.857228543
 5.664944e+00  1.304566e+01  -8.930892366
-1.281903e+00  1.581824e+01  -5.493776078
-9.935164e+00  1.263422e+01  -4.869359914
-1.528462e+01  6.158809e+00  -3.238999224
-1.527203e+01 -3.551600e+00  -6.016048501
-9.422622e+00 -1.226273e+01  -6.548388825
-2.233286e+00 -1.381752e+01  -9.280635202
 4.290324e+00 -1.054706e+01 -12.344811876
 8.409329e+00 -4.066778e+00 -13.956580683
 9.084678e+00  4.539926e+00 -13.375326135
 1.470590e+00  8.379744e+00 -14.479603157
-5.595735e+00  1.090283e+01 -11.482927634
-1.254492e+01  4.085431e+00 -10.391145486
-1.039768e+01 -5.665944e+00 -11.909117138
-3.300403e+00 -6.554221e+00 -15.105997928
 1.321660e+00 -5.657867e-02 -16.741913339
-6.720756e+00  2.683131e+00 -15.154995999
 0.000000e+00  0.000000e+00  18.650633667
 8.507320e+00  0.000000e+00  16.597338396
 9.752367e+00  8.410088e+00  13.491030013
 2.465187e-01  9.063771e+00  16.298264052
-8.918211e+00  4.508274e+00  15.747606436
-8.262979e+00 -5.076844e+00  15.930943790
-6.781476e-02 -9.668040e+00  15.948997805
 8.283763e+00 -9.497603e+00  13.748489015
 1.497596e+01 -4.584659e+00  10.126578407
 1.622990e+01  3.985791e+00   8.279488360
 9.794593e+00  1.424917e+01   6.990947570
 3.447767e-01  1.535753e+01  10.577025186
-9.358429e+00  1.180116e+01  10.999933314
-1.555625e+01  3.332035e-01  10.282914241
-1.354480e+01 -9.077505e+00   9.054472416
-6.049183e+00 -1.449246e+01  10.060916566
 2.818080e+00 -1.666575e+01   7.883986211
 1.044564e+01 -1.463759e+01   4.947289531
 1.627865e+01 -8.909646e+00   1.862771385
 1.863406e+01 -5.208669e-01  -0.588611519
 1.630379e+01  9.025746e+00   0.753919867
 8.734698e+00  1.644405e+01  -1.069843293
-6.296019e-01  1.845478e+01   2.621199806
-9.779722e+00  1.558029e+01   3.075365289
-1.624251e+01  7.660818e+00   5.033783799
-1.841828e+01 -2.483045e+00   1.564429144
-1.450618e+01 -1.171046e+01   0.530810337
-6.526356e+00 -1.741434e+01   1.411988684
 1.463696e+00 -1.847079e+01  -2.129228546
 8.983763e+00 -1.553656e+01  -5.074798525
 1.412119e+01 -9.339500e+00  -7.823797703
 1.631824e+01 -3.131613e-01  -9.025692093
 1.419691e+01  9.396891e+00  -7.615275031
 6.291186e+00  1.448782e+01  -9.918176304
-1.423613e+00  1.756690e+01  -6.101096898
-1.103347e+01  1.403089e+01  -5.407653360
-1.697429e+01  6.839648e+00  -3.597061082
-1.696031e+01 -3.944219e+00  -6.681105005
-1.046426e+01 -1.361833e+01  -7.272293988
-2.480169e+00 -1.534501e+01 -10.306582184
 4.764606e+00 -1.171300e+01 -13.709494595
 9.338956e+00 -4.516349e+00 -15.499439712
 1.008896e+01  5.041802e+00 -14.853929180
 1.633160e+00  9.306100e+00 -16.080280785
-6.214327e+00  1.210811e+01 -12.752331580
-1.393172e+01  4.537064e+00 -11.539856120
-1.154711e+01 -6.292297e+00 -13.225635083
-3.665253e+00 -7.278771e+00 -16.775921660
 1.467766e+00 -6.283327e-02 -18.592682718
-7.463715e+00  2.979743e+00 -16.830336324
 0.000000e+00  0.000000e+00  19.739065285
 9.003798e+00  0.000000e+00  17.565941833
 1.032151e+01  8.900892e+00  14.278352519
 2.609052e-01  9.592724e+00  17.249413822
-9.438669e+00  4.771372e+00  16.666620399
-8.745198e+00 -5.373124e+00  16.860657130
-7.177236e-02 -1.023226e+01  16.879764759
 8.767195e+00 -1.005187e+01  14.550836561
 1.584994e+01 -4.852215e+00  10.717555010
 1.717706e+01  4.218397e+00   8.762670705
 1.036619e+01  1.508073e+01   7.398932012
 3.648975e-01  1.625378e+01  11.194289395
-9.904577e+00  1.248987e+01  11.641878003
-1.646409e+01  3.526489e-01  10.883014440
-1.433526e+01 -9.607259e+00   9.582882026
-6.402207e+00 -1.533823e+01  10.648061212
 2.982540e+00 -1.763835e+01   8.344087462
 1.105523e+01 -1.549183e+01   5.236008212
 1.722865e+01 -9.429604e+00   1.971480789
 1.972153e+01 -5.512641e-01  -0.622962276
 1.725526e+01  9.552479e+00   0.797917848
 9.244446e+00  1.740370e+01  -1.132278236
-6.663449e-01  1.953179e+01   2.774170305
-1.035046e+01  1.648954e+01   3.254840415
-1.719040e+01  8.107896e+00   5.327550196
-1.949316e+01 -2.627952e+00   1.655727604
-1.535275e+01 -1.239388e+01   0.561787877
-6.907227e+00 -1.843062e+01   1.494390878
 1.549116e+00 -1.954873e+01  -2.253488113
 9.508047e+00 -1.644325e+01  -5.370958499
 1.494529e+01 -9.884544e+00  -8.280386415
 1.727056e+01 -3.314371e-01  -9.552422113
 1.502542e+01  9.945284e+00  -8.059694576
 6.658333e+00  1.533331e+01 -10.496990776
-1.506694e+00  1.859209e+01  -6.457150579
-1.167737e+01  1.484972e+01  -5.723238396
-1.796489e+01  7.238802e+00  -3.806981832
-1.795010e+01 -4.174399e+00  -7.071007357
-1.107495e+01 -1.441309e+01  -7.696697516
-2.624909e+00 -1.624053e+01 -10.908063620
 5.042664e+00 -1.239656e+01 -14.509566467
 9.883968e+00 -4.779918e+00 -16.403970922
 1.067774e+01  5.336036e+00 -15.720789066
 1.728469e+00  9.849194e+00 -17.018709278
-6.576989e+00  1.281473e+01 -13.496544412
-1.474476e+01  4.801842e+00 -12.213310143
-1.222099e+01 -6.659509e+00 -13.997469416
-3.879153e+00 -7.703553e+00 -17.754947032
 1.553423e+00 -6.650016e-02 -19.677732379
-7.899290e+00  3.153637e+00 -17.812537279
