     60     60
      1      1 -1.705209294873842E-006 -1.489480125746305E-005
      1     11 -1.152838253738663E-009 -6.627003798396926E-009
      1     20 -6.508684827371175E-006 -2.261319714770544E-007
      2      2 -9.603744197962688E-007 -1.247599322651893E-005
      2     12 -7.354396931055005E-010 -9.493617452002522E-009
      3      3 -1.705209294873842E-006 -1.489480125746305E-005
      3     13 -1.152838253738663E-009 -6.627003798396926E-009
      3     22  6.508684827371175E-006  2.261319714770544E-007
      4      4 -6.572868177205220E-010 -6.424777886789516E-009
      4     25 -2.404529146782934E-009 -6.885098205229685E-011
      5      5 -2.328991518387669E-009 -1.649744684293388E-008
      5     16 -4.245400471019527E-006 -1.515460648496937E-007
      5     26 -9.733825045694187E-009 -3.340064317347443E-010
      6      6 -1.836206872016984E-009 -2.370608016124892E-008
      7      7 -2.328991518387669E-009 -1.649744684293388E-008
      7     18  4.245400471019527E-006  1.515460648496937E-007
      7     28  9.733825045694187E-009  3.340064317347443E-010
      8      8 -6.572868177205220E-010 -6.424777886789516E-009
      8     29  2.404529146782934E-009  6.885098205229685E-011
      9      9 -1.582793873036715E-013 -1.639992987716587E-012
     10     10 -6.226995594186217E-013 -4.837790864420056E-012
     10     19 -1.750361015794935E-009 -4.885346920555570E-011
     11      1 -1.148914840570952E-009 -6.623527172865427E-009
     11     11 -2.241474319874795E-012 -1.717231623531082E-011
     11     20 -7.420962162503353E-009 -2.545161026150005E-010
     12      2 -7.299717855611627E-010 -9.458750829820806E-009
     12     12 -2.028477839590528E-012 -2.599775824160643E-011
     13      3 -1.148914840570952E-009 -6.623527172865427E-009
     13     13 -2.241474319874795E-012 -1.717231623531082E-011
     13     22  7.420962162503353E-009  2.545161026150005E-010
     14     14 -6.226995594186217E-013 -4.837790864420056E-012
     14     23  1.750361015794935E-009  4.885346920555570E-011
     15     15 -1.582793873036715E-013 -1.639992987716587E-012
     16      5  4.266453432520390E-006  1.495321306719428E-007
     16     16 -1.207906359261118E-004  3.285534089775642E-003
     16     26 -1.032050873888178E-007  2.845866458274666E-006
     17     17 -4.734273523605650E-003  2.005158406506372E-002
     17     27 -5.029801483696715E-006  2.135391305206048E-005
     18      7 -4.266453432520390E-006 -1.495321306719428E-007
     18     18 -1.207906359261118E-004  3.285534089775642E-003
     18     28 -1.032050873888178E-007  2.845866458274666E-006
     19     10  1.757876512316610E-009  4.832245787559266E-011
     19     19 -7.827807383088388E-008  2.765679953985763E-006
     20      1  6.508682045099549E-006  2.261365428337362E-007
     20     11  7.463060928179453E-009  2.521121493938368E-010
     20     20 -2.920236129607931E-007  8.432624193332509E-006
     21     21 -1.076659180908549E-006  1.772581597032338E-005
     22      3 -6.508682045099549E-006 -2.261365428337362E-007
     22     13 -7.463060928179453E-009 -2.521121493938368E-010
     22     22 -2.920236129607931E-007  8.432624193332509E-006
     23     14 -1.757876512316610E-009 -4.832245787559266E-011
     23     23 -7.827807383088388E-008  2.765679953985763E-006
     24     24 -3.209938468526609E-011  1.192852333539206E-009
     25      4  2.419455804178680E-009  6.636928708656782E-011
     25     25 -1.106966912489594E-010  3.854988785046073E-009
     26      5  9.780209705409167E-009  3.245341000410031E-010
     26     16 -1.037643604368556E-007  2.828881131334175E-006
     26     26 -3.980168402839598E-010  1.169931939124606E-008
     27     17 -5.001712895759411E-006  2.118911134080425E-005
     27     27 -5.924409254747614E-009  3.693229413924603E-008
     28      7 -9.780209705409167E-009 -3.245341000410031E-010
     28     18 -1.037643604368556E-007  2.828881131334175E-006
     28     28 -3.980168402839598E-010  1.169931939124606E-008
     29      8 -2.419455804178680E-009 -6.636928708656782E-011
     29     29 -1.106966912489594E-010  3.854988785046073E-009
     30     30 -3.209938468526609E-011  1.192852333539206E-009
     31     31 -1.519000562473020E-006 -1.429009920545975E-005
     31     32  2.633388955157930E-007  8.551777805345326E-007
     31     33 -1.862087324008214E-007 -6.047020520032985E-007
     31     39 -4.912636118413132E-010 -3.344384017976189E-009
     31     40 -7.476457581687471E-010 -5.572480490071775E-009
     31     41 -1.328598724224198E-010 -1.973016868009931E-009
     31     42  4.393994827044782E-010  2.991307819489762E-009
     31     43 -2.994544199835514E-010 -5.121092531823533E-010
     31     44  1.637529057275751E-010 -3.333739736913926E-010
     31     45 -6.685184871566891E-011  1.360993648078239E-010
     31     49 -3.254342413685579E-006 -1.130659857385269E-007
     31     50 -1.627170849491085E-006 -5.653298045375285E-008
     31     51  3.985739180913539E-006  1.384769861620954E-007
     31     52 -1.627171325960030E-006 -5.653299700776717E-008
     31     53 -3.561173875903060E-023  0.000000000000000E+000
     32     31  2.633388955157930E-007  8.551777805345326E-007
     32     32 -1.332791884597913E-006 -1.368539733052554E-005
     32     33 -2.633388955157930E-007 -8.551777805345322E-007
     32     39  9.454278420239917E-011 -1.924735534515388E-010
     32     40 -9.064654818647842E-011 -2.323765968566854E-009
     32     41 -5.954822124858343E-010 -5.133267357744552E-009
     32     42 -4.375447626565943E-010 -1.856943165511001E-009
     32     43  5.954822124858343E-010  5.133267357744552E-009
     32     44 -9.064654818647841E-011 -2.323765968566853E-009
     32     45 -9.454278420239915E-011  1.924735534515389E-010
     32     49  2.301167757477287E-006  7.994973108998195E-008
     32     50  2.301167589020069E-006  7.994972523725384E-008
     32     51  1.289527724582403E-023  0.000000000000000E+000
     32     52  2.301167589020069E-006  7.994972523725384E-008
     32     53 -2.301167757477287E-006 -7.994973108998195E-008
     33     31 -1.862087324008214E-007 -6.047020520032985E-007
     33     32 -2.633388955157930E-007 -8.551777805345322E-007
     33     33 -1.519000562473020E-006 -1.429009920545975E-005
     33     39 -6.685184871566890E-011  1.360993648078240E-010
     33     40 -1.637529057275750E-010  3.333739736913927E-010
     33     41 -2.994544199835514E-010 -5.121092531823532E-010
     33     42 -4.393994827044782E-010 -2.991307819489762E-009
     33     43 -1.328598724224198E-010 -1.973016868009931E-009
     33     44  7.476457581687472E-010  5.572480490071776E-009
     33     45 -4.912636118413132E-010 -3.344384017976189E-009
     33     49 -4.696205038224767E-023  0.000000000000000E+000
     33     50  1.627171325960030E-006  5.653299700776717E-008
     33     51  3.985739180913539E-006  1.384769861620954E-007
     33     52  1.627170849491085E-006  5.653298045375285E-008
     33     53 -3.254342413685579E-006 -1.130659857385269E-007
     34     34 -1.394699882337130E-009 -1.182215125511933E-008
     34     35 -6.389736709348486E-010 -5.758411468356933E-009
     34     36  4.216106847256955E-010  1.761288459264988E-009
     34     37 -1.968786793987222E-010  7.220769902847667E-010
     34     38  9.843934690562333E-011 -3.610385215722446E-010
     34     46 -2.122700235509758E-006 -7.577303242484667E-008
     34     47  1.500975840834319E-006  5.357962898097936E-008
     34     48 -1.058791184067875E-022 -1.654361225106055E-024
     34     54 -3.460534566828782E-009 -1.124719220587481E-010
     34     55 -3.036006960512083E-009 -1.033239044043803E-010
     34     56  2.167202106997718E-009  6.896655755945040E-011
     34     57  2.338017974141841E-009  8.490224281207184E-011
     34     58 -2.566583714410476E-009 -9.076914641033209E-011
     34     59  8.116250937183189E-010  2.870372649385377E-011
     34     60  1.609424837719815E-025  6.058451752097371E-027
     35     34 -6.389736709348486E-010 -5.758411468356930E-009
     35     35 -1.517307982654156E-009 -1.542343329440519E-008
     35     36 -1.804845715883624E-010 -2.645648161972152E-009
     35     37  2.416887578871849E-011  3.962321298228883E-009
     35     38  1.968786793987221E-010 -7.220769902847660E-010
     35     46 -1.061349884666147E-006 -3.788650789196443E-008
     35     47  1.500975730955231E-006  5.357962505867721E-008
     35     48  1.061350195451127E-006  3.788651898590976E-008
     35     54 -2.577996408963394E-010 -1.407350818618979E-011
     35     55 -8.116245589825025E-010 -2.870370758252297E-011
     35     56  1.416419374898863E-009  5.265211340813204E-011
     35     57  3.984286370326574E-009  1.320412815673274E-010
     35     58 -2.366892708198691E-009 -7.986784454209630E-011
     35     59 -8.116250343032230E-010 -2.870372439259461E-011
     35     60  9.940336710242292E-010  3.515474181317430E-011
     36     34  4.216106847256954E-010  1.761288459264987E-009
     36     35 -1.804845715883624E-010 -2.645648161972153E-009
     36     36 -1.984747814250798E-009 -1.505936052164670E-008
     36     37  1.804845715883623E-010  2.645648161972153E-009
     36     38  4.216106847256954E-010  1.761288459264987E-009
     36     46  2.599766226942295E-006  9.280263285211955E-008
     36     48  2.599766226942295E-006  9.280263285211955E-008
     36     54  2.434875102909668E-009  8.611117317778382E-011
     36     55  4.712367841004821E-009  1.617001699976059E-010
     36     56  2.817315910647056E-009  9.336728559281946E-011
     36     57 -1.550963648536927E-025 -3.231174267785264E-027
     36     58  2.817315910647056E-009  9.336728559281946E-011
     36     59 -4.712367841004821E-009 -1.617001699976059E-010
     36     60  2.434875102909668E-009  8.611117317778382E-011
     37     34 -1.968786793987221E-010  7.220769902847658E-010
     37     35  2.416887578871849E-011  3.962321298228883E-009
     37     36  1.804845715883623E-010  2.645648161972152E-009
     37     37 -1.517307982654156E-009 -1.542343329440519E-008
     37     38  6.389736709348486E-010  5.758411468356930E-009
     37     46 -1.061350195451127E-006 -3.788651898590976E-008
     37     47  1.500975730955231E-006  5.357962505867721E-008
     37     48  1.061349884666147E-006  3.788650789196443E-008
     37     54 -9.940336710242294E-010 -3.515474181317430E-011
     37     55 -8.116250343032231E-010 -2.870372439259460E-011
     37     56  2.366892708198691E-009  7.986784454209630E-011
     37     57  3.984286370326574E-009  1.320412815673274E-010
     37     58 -1.416419374898863E-009 -5.265211340813204E-011
     37     59 -8.116245589825024E-010 -2.870370758252297E-011
     37     60  2.577996408963394E-010  1.407350818618979E-011
     38     34  9.843934690562333E-011 -3.610385215722446E-010
     38     35  1.968786793987222E-010 -7.220769902847669E-010
     38     36  4.216106847256955E-010  1.761288459264987E-009
     38     37  6.389736709348486E-010  5.758411468356932E-009
     38     38 -1.394699882337130E-009 -1.182215125511933E-008
     38     46 -1.058791184067875E-022 -1.654361225106055E-024
     38     47 -1.500975840834319E-006 -5.357962898097936E-008
     38     48 -2.122700235509758E-006 -7.577303242484667E-008
     38     54  1.428954123640446E-025  6.866245319043687E-027
     38     55 -8.116250937183190E-010 -2.870372649385377E-011
     38     56 -2.566583714410476E-009 -9.076914641033209E-011
     38     57 -2.338017974141841E-009 -8.490224281207185E-011
     38     58  2.167202106997718E-009  6.896655755945042E-011
     38     59  3.036006960512083E-009  1.033239044043803E-010
     38     60 -3.460534566828782E-009 -1.124719220587481E-010
     39     31 -4.892987059598080E-010 -3.339676121198734E-009
     39     32  9.463540317742824E-011 -1.881958652505079E-010
     39     33 -6.691734022577282E-011  1.330745822516437E-010
     39     39 -7.825630990264708E-013 -6.595882538848970E-012
     39     40 -7.039257638554644E-013 -6.229670106871499E-012
     39     41  1.632780417716202E-014 -9.117048217983989E-013
     39     42  2.468337533112838E-013  2.287534046912867E-012
     39     43 -1.696872404746482E-013 -3.600004222942906E-013
     39     44  9.338124549690138E-014 -2.849406780755989E-013
     39     45 -3.812273662627504E-014  1.163265532236749E-013
     39     49 -2.600233670088959E-009 -8.404593158284024E-011
     39     50 -2.282437893961736E-010 -1.210644082297972E-011
     39     51  1.871852090014984E-009  6.629472176324528E-011
     39     52 -7.641804716917343E-010 -2.706470880789707E-011
     39     53  1.227846221758400E-025  4.543838814073028E-027
     40     31 -7.443836069452860E-010 -5.562322802955894E-009
     40     32 -8.932305157513446E-011 -2.312316069513928E-009
     40     33 -1.639133264980703E-010  3.259648003882693E-010
     40     39 -7.039257638554644E-013 -6.229670106871498E-012
     40     40 -1.336236931813785E-012 -1.285939237288655E-011
     40     41 -5.330254212577052E-013 -6.296215482531222E-012
     40     42  3.877337079178351E-013  3.804827970453993E-012
     40     43 -8.456585499164745E-014  1.691448470247841E-012
     40     44  1.240392883468342E-013 -1.511697355423606E-012
     40     45 -9.338124549690139E-014  2.849406780755989E-013
     40     49 -2.309442019480328E-009 -7.850807829387201E-011
     40     50 -6.239503312606867E-010 -2.209822764611750E-011
     40     51  3.592657897759623E-009  1.232170794412097E-010
     40     52 -6.239506966716613E-010 -2.209824058774842E-011
     40     53 -6.239507423480379E-010 -2.209824220545245E-011
     41     31 -1.317268308588415E-010 -1.965118753710495E-009
     41     32 -5.924927134228662E-010 -5.120868565098377E-009
     41     33 -2.991161817887468E-010 -5.187036330665444E-010
     41     39  1.632780417716198E-014 -9.117048217983991E-013
     41     40 -5.330254212577053E-013 -6.296215482531223E-012
     41     41 -1.261258249992494E-012 -1.196728466219627E-011
     41     42 -3.772853286578602E-013 -2.003417138500812E-012
     41     43  5.197670392087720E-013  6.144435577837052E-012
     41     44  8.456585499164752E-014 -1.691448470247842E-012
     41     45 -1.696872404746482E-013 -3.600004222942902E-013
     41     49  1.619511501380400E-009  5.112555234443911E-011
     41     50  1.104417529406879E-009  4.119213434057986E-011
     41     51  2.127842017594638E-009  7.027252790531380E-011
     41     52  1.796308267872032E-009  6.050315663993310E-011
     41     53 -1.973105349131291E-009 -6.988077253966299E-011
     42     31  4.376420175678070E-010  2.987096948115633E-009
     42     32 -4.364263088294026E-010 -1.859704752404305E-009
     42     33 -4.376420175678071E-010 -2.987096948115633E-009
     42     39  2.468337533112839E-013  2.287534046912868E-012
     42     40  3.877337079178351E-013  3.804827970453994E-012
     42     41 -3.772853286578603E-013 -2.003417138500812E-012
     42     42 -1.313267811119207E-012 -1.045283926863780E-011
     42     43  3.772853286578603E-013  2.003417138500812E-012
     42     44  3.877337079178351E-013  3.804827970453995E-012
     42     45 -2.468337533112839E-013 -2.287534046912868E-012
     42     49  1.810832907271198E-009  6.593268298221182E-011
     42     50  3.009223039869667E-009  9.938036202593657E-011
     42     51 -5.169878828456423E-026 -8.077935669463161E-028
     42     52  3.009223039869667E-009  9.938036202593658E-011
     42     53 -1.810832907271198E-009 -6.593268298221182E-011
     43     31 -2.991161817887468E-010 -5.187036330665445E-010
     43     32  5.924927134228662E-010  5.120868565098377E-009
     43     33 -1.317268308588415E-010 -1.965118753710495E-009
     43     39 -1.696872404746481E-013 -3.600004222942902E-013
     43     40 -8.456585499164750E-014  1.691448470247843E-012
     43     41  5.197670392087721E-013  6.144435577837052E-012
     43     42  3.772853286578602E-013  2.003417138500812E-012
     43     43 -1.261258249992495E-012 -1.196728466219627E-011
     43     44  5.330254212577053E-013  6.296215482531224E-012
     43     45  1.632780417716196E-014 -9.117048217983991E-013
     43     49 -1.973105349131291E-009 -6.988077253966299E-011
     43     50 -1.796308267872032E-009 -6.050315663993310E-011
     43     51  2.127842017594638E-009  7.027252790531380E-011
     43     52 -1.104417529406879E-009 -4.119213434057986E-011
     43     53  1.619511501380400E-009  5.112555234443912E-011
     44     31  1.639133264980703E-010 -3.259648003882692E-010
     44     32 -8.932305157513442E-011 -2.312316069513928E-009
     44     33  7.443836069452860E-010  5.562322802955894E-009
     44     39  9.338124549690138E-014 -2.849406780755991E-013
     44     40  1.240392883468342E-013 -1.511697355423606E-012
     44     41  8.456585499164743E-014 -1.691448470247841E-012
     44     42  3.877337079178351E-013  3.804827970453995E-012
     44     43  5.330254212577053E-013  6.296215482531222E-012
     44     44 -1.336236931813784E-012 -1.285939237288655E-011
     44     45  7.039257638554644E-013  6.229670106871499E-012
     44     49  6.239507423480378E-010  2.209824220545245E-011
     44     50 -6.239506966716614E-010 -2.209824058774843E-011
     44     51 -3.592657897759623E-009 -1.232170794412097E-010
     44     52 -6.239503312606868E-010 -2.209822764611750E-011
     44     53  2.309442019480328E-009  7.850807829387201E-011
     45     31 -6.691734022577282E-011  1.330745822516437E-010
     45     32 -9.463540317742824E-011  1.881958652505080E-010
     45     33 -4.892987059598079E-010 -3.339676121198734E-009
     45     39 -3.812273662627503E-014  1.163265532236749E-013
     45     40 -9.338124549690140E-014  2.849406780755986E-013
     45     41 -1.696872404746482E-013 -3.600004222942906E-013
     45     42 -2.468337533112838E-013 -2.287534046912867E-012
     45     43  1.632780417716198E-014 -9.117048217983989E-013
     45     44  7.039257638554644E-013  6.229670106871499E-012
     45     45 -7.825630990264709E-013 -6.595882538848971E-012
     45     49  1.049181794901802E-025  5.048709793414476E-027
     45     50  7.641804716917345E-010  2.706470880789706E-011
     45     51  1.871852090014984E-009  6.629472176324528E-011
     45     52  2.282437893961736E-010  1.210644082297972E-011
     45     53 -2.600233670088959E-009 -8.404593158284024E-011
     46     34  2.133226716260190E-006  7.476606533597122E-008
     46     35  1.066613123885474E-006  3.738302445809940E-008
     46     36 -2.612658480255188E-006 -9.156935507435923E-008
     46     37  1.066613436211639E-006  3.738303540461446E-008
     46     38  5.614587603921042E-023  4.963083675318166E-024
     46     46 -1.274161442278620E-003  7.477046890437768E-003
     46     47 -1.631112517383144E-003  5.927693815619358E-003
     46     48  1.153370806352508E-003 -4.191512800662127E-003
     46     54 -5.345239377608301E-007  3.143531059292751E-006
     46     55 -1.268515414185818E-006  6.575119031572152E-006
     46     56 -1.151816700013479E-006  4.814771721922090E-006
     46     57  4.780928360842165E-007 -2.811659911826107E-006
     46     58  1.113114796964634E-006 -3.747571930276558E-006
     46     59 -1.186924628619472E-006  4.325264050366038E-006
     46     60  4.845599860156176E-007 -1.765781783630972E-006
     47     34 -1.508419187299870E-006 -5.286759567187938E-008
     47     35 -1.508419076875891E-006 -5.286759180170170E-008
     47     36  6.746589032222719E-023  0.000000000000000E+000
     47     37 -1.508419076875891E-006 -5.286759180170170E-008
     47     38  1.508419187299870E-006  5.286759567187938E-008
     47     46 -1.631112517383144E-003  5.927693815619357E-003
     47     47 -2.427531910900635E-003  1.166855846373947E-002
     47     48  1.631112517383144E-003 -5.927693815619357E-003
     47     54 -6.852712538412487E-007  2.497192363795041E-006
     47     55 -1.707411485418669E-006  6.912290548267167E-006
     47     56 -1.665403198539383E-006  7.815281000535217E-006
     47     57  5.813254088235557E-007 -1.362192345864611E-006
     47     58  1.665403198539383E-006 -7.815281000535219E-006
     47     59 -1.707411485418669E-006  6.912290548267168E-006
     47     60  6.852712538412487E-007 -2.497192363795041E-006
     48     34  7.813756413396481E-023  4.963083675318166E-024
     48     35 -1.066613436211638E-006 -3.738303540461446E-008
     48     36 -2.612658480255189E-006 -9.156935507435923E-008
     48     37 -1.066613123885474E-006 -3.738302445809940E-008
     48     38  2.133226716260190E-006  7.476606533597122E-008
     48     46  1.153370806352508E-003 -4.191512800662127E-003
     48     47  1.631112517383144E-003 -5.927693815619358E-003
     48     48 -1.274161442278620E-003  7.477046890437768E-003
     48     54  4.845599860156176E-007 -1.765781783630972E-006
     48     55  1.186924628619472E-006 -4.325264050366038E-006
     48     56  1.113114796964634E-006 -3.747571930276558E-006
     48     57 -4.780928360842165E-007  2.811659911826108E-006
     48     58 -1.151816700013479E-006  4.814771721922090E-006
     48     59  1.268515414185818E-006 -6.575119031572152E-006
     48     60 -5.345239377608301E-007  3.143531059292750E-006
     49     31  3.254341022549767E-006  1.130682714168678E-007
     49     32 -2.301166773795648E-006 -7.995134730875475E-008
     49     33  1.058791184067875E-022  6.617444900424221E-024
     49     39  2.613875871581022E-009  8.322014459564507E-011
     49     40  2.322392485767926E-009  7.776220568538473E-011
     49     41 -1.627744609643036E-009 -5.061515743891612E-011
     49     42 -1.821932127447902E-009 -6.533375561299376E-011
     49     43  1.984775833837188E-009  6.923448743986535E-011
     49     44 -6.276412739250831E-010 -2.189386889717232E-011
     49     45 -1.518651905859074E-025 -4.745787205809607E-027
     49     49 -2.520308974086834E-007  6.293297104326941E-006
     49     50 -2.406328521514589E-007  4.221761664529851E-006
     49     51 -1.097668438962551E-008 -5.899935247285791E-007
     49     52  1.337600825865047E-007 -1.388289544856487E-006
     49     53 -6.688004618921284E-008  6.941448232431856E-007
     50     31  1.627170153923331E-006  5.653412329267232E-008
     50     32 -2.301166605338502E-006 -7.995134145590830E-008
     50     33 -1.627170630392073E-006 -5.653413984702128E-008
     50     39  2.304626060706562E-010  1.201872409776680E-011
     50     40  6.276408604062406E-010  2.189385447248786E-011
     50     41 -1.111398565222236E-009 -4.082369498246654E-011
     50     42 -3.025467767953568E-009 -9.841787609592358E-011
     50     43  1.806260063376142E-009  5.992481668955810E-011
     50     44  6.276412279785411E-010  2.189386729442946E-011
     50     45 -7.687004313134293E-010 -2.681440364673163E-011
     50     49 -2.406328521514589E-007  4.221761664529852E-006
     50     50 -5.061073698556685E-007  9.792466916236737E-006
     50     51 -1.528452435882455E-007  2.290293483724926E-006
     50     52  3.209565342834622E-007 -4.193315050002221E-006
     50     53 -1.337600825865047E-007  1.388289544856488E-006
     51     31 -3.985737477127087E-006 -1.384797855349211E-007
     51     33 -3.985737477127087E-006 -1.384797855349211E-007
     51     39 -1.882923683935623E-009 -6.568160188328836E-011
     51     40 -3.613038875223007E-009 -1.220532705804788E-010
     51     41 -2.139328774981295E-009 -6.959194757740496E-011
     51     42  1.550963648536927E-025  2.423380700838948E-027
     51     43 -2.139328774981295E-009 -6.959194757740496E-011
     51     44  3.613038875223007E-009  1.220532705804788E-010
     51     45 -1.882923683935623E-009 -6.568160188328836E-011
     51     49 -1.097668438962552E-008 -5.899935247285791E-007
     51     50 -1.528452435882455E-007  2.290293483724925E-006
     51     51 -3.009860199632001E-007  7.950896223832588E-006
     51     52  1.528452435882455E-007 -2.290293483724925E-006
     51     53 -1.097668438962552E-008 -5.899935247285789E-007
     52     31  1.627170630392073E-006  5.653413984702128E-008
     52     32 -2.301166605338502E-006 -7.995134145590830E-008
     52     33 -1.627170153923331E-006 -5.653412329267232E-008
     52     39  7.687004313134294E-010  2.681440364673163E-011
     52     40  6.276412279785410E-010  2.189386729442945E-011
     52     41 -1.806260063376143E-009 -5.992481668955810E-011
     52     42 -3.025467767953568E-009 -9.841787609592358E-011
     52     43  1.111398565222236E-009  4.082369498246655E-011
     52     44  6.276408604062406E-010  2.189385447248786E-011
     52     45 -2.304626060706561E-010 -1.201872409776680E-011
     52     49  1.337600825865047E-007 -1.388289544856488E-006
     52     50  3.209565342834622E-007 -4.193315050002220E-006
     52     51  1.528452435882455E-007 -2.290293483724926E-006
     52     52 -5.061073698556684E-007  9.792466916236734E-006
     52     53  2.406328521514589E-007 -4.221761664529852E-006
     53     31  1.058791184067875E-022  6.617444900424221E-024
     53     32  2.301166773795648E-006  7.995134730875475E-008
     53     33  3.254341022549767E-006  1.130682714168678E-007
     53     39 -1.536575434418434E-025 -4.846761401677897E-027
     53     40  6.276412739250830E-010  2.189386889717232E-011
     53     41  1.984775833837188E-009  6.923448743986535E-011
     53     42  1.821932127447902E-009  6.533375561299375E-011
     53     43 -1.627744609643036E-009 -5.061515743891611E-011
     53     44 -2.322392485767927E-009 -7.776220568538473E-011
     53     45  2.613875871581022E-009  8.322014459564507E-011
     53     49 -6.688004618921284E-008  6.941448232431856E-007
     53     50 -1.337600825865047E-007  1.388289544856487E-006
     53     51 -1.097668438962551E-008 -5.899935247285788E-007
     53     52  2.406328521514589E-007 -4.221761664529851E-006
     53     53 -2.520308974086834E-007  6.293297104326940E-006
     54     34  3.478618011055336E-009  1.090392442943711E-010
     54     35  2.577006881468306E-010  1.387689116050168E-011
     54     36 -2.445827715436428E-009 -8.376828991501990E-011
     54     37  9.985050566917203E-010  3.419826365637546E-011
     54     38 -1.938704560671159E-025 -6.563322731438818E-027
     54     46 -5.319512577225704E-007  3.121077918014399E-006
     54     47 -6.812500270255702E-007  2.477067887595722E-006
     54     48  4.817165490574081E-007 -1.751551629000886E-006
     54     54 -3.579053398613242E-010  5.496459729591041E-009
     54     55 -6.558377463568258E-010  6.085728207842973E-009
     54     56 -5.031671255810278E-010  2.199176393227810E-009
     54     57  2.386850630187119E-010 -2.063447992095153E-009
     54     58  4.747870013256212E-010 -1.580569694287949E-009
     54     59 -5.157891374101134E-010  2.064558768634740E-009
     54     60  2.105700490023110E-010 -8.428526495584239E-010
     55     34  3.050691235231936E-009  1.003605978222903E-010
     55     35  8.152754276866565E-010  2.792274695229767E-011
     55     36 -4.734823718163846E-009 -1.571143970795287E-010
     55     37  8.152759051454760E-010  2.792276330500664E-011
     55     38  8.152759648278345E-010  2.792276534909546E-011
     55     46 -1.261992589198740E-006  6.526834336335577E-006
     55     47 -1.697717853881945E-006  6.858248310291755E-006
     55     48  1.179959659465959E-006 -4.290407435113106E-006
     55     54 -6.558377463568258E-010  6.085728207842973E-009
     55     55 -1.542980544115930E-009  1.330456015544377E-008
     55     56 -1.330799651755083E-009  8.529724946125557E-009
     55     57  5.445210141962153E-010 -4.179552337980542E-009
     55     58  1.222318479632110E-009 -5.414940853599140E-009
     55     59 -1.282182749681481E-009  5.545165910837806E-009
     55     60  5.157891374101135E-010 -2.064558768634739E-009
     56     34 -2.178900470555350E-009 -6.680153966747119E-011
     56     35 -1.422140811360844E-009 -5.131577256236088E-011
     56     36 -2.831580835724439E-009 -9.059134004806897E-011
     56     37 -2.378514422790269E-009 -7.755052788767411E-011
     56     38  2.578128781715093E-009  8.829953060959185E-011
     56     46 -1.145348969143584E-006  4.777457506437061E-006
     56     47 -1.656454179435289E-006  7.756505513101434E-006
     56     48  1.106437338727314E-006 -3.716627211617080E-006
     56     54 -5.031671255810278E-010  2.199176393227810E-009
     56     55 -1.330799651755083E-009  8.529724946125557E-009
     56     56 -1.398407619713677E-009  1.241728658858949E-008
     56     57  3.850507801677499E-010 -2.763466478423207E-010
     56     58  1.265727788788954E-009 -8.083127403396742E-009
     56     59 -1.222318479632110E-009  5.414940853599138E-009
     56     60  4.747870013256212E-010 -1.580569694287949E-009
     57     34 -2.347972041676448E-009 -8.267556320324325E-011
     57     35 -4.004460020837245E-009 -1.281155017295321E-010
     57     36  0.000000000000000E+000  3.231174267785264E-027
     57     37 -4.004460020837245E-009 -1.281155017295321E-010
     57     38  2.347972041676448E-009  8.267556320324324E-011
     57     46  4.757917605279902E-007 -2.791577209486574E-006
     57     47  5.775574717668300E-007 -1.349393135066933E-006
     57     48 -4.757917605279902E-007  2.791577209486573E-006
     57     54  2.386850630187119E-010 -2.063447992095152E-009
     57     55  5.445210141962153E-010 -4.179552337980543E-009
     57     56  3.850507801677498E-010 -2.763466478423206E-010
     57     57 -4.074480798021262E-010  7.990002211660128E-009
     57     58 -3.850507801677498E-010  2.763466478423205E-010
     57     59  5.445210141962153E-010 -4.179552337980543E-009
     57     60 -2.386850630187118E-010  2.063447992095152E-009
     58     34  2.578128781715093E-009  8.829953060959185E-011
     58     35  2.378514422790269E-009  7.755052788767411E-011
     58     36 -2.831580835724439E-009 -9.059134004806898E-011
     58     37  1.422140811360844E-009  5.131577256236088E-011
     58     38 -2.178900470555350E-009 -6.680153966747119E-011
     58     46  1.106437338727314E-006 -3.716627211617080E-006
     58     47  1.656454179435289E-006 -7.756505513101432E-006
     58     48 -1.145348969143584E-006  4.777457506437061E-006
     58     54  4.747870013256212E-010 -1.580569694287949E-009
     58     55  1.222318479632110E-009 -5.414940853599140E-009
     58     56  1.265727788788954E-009 -8.083127403396742E-009
     58     57 -3.850507801677499E-010  2.763466478423204E-010
     58     58 -1.398407619713677E-009  1.241728658858949E-008
     58     59  1.330799651755083E-009 -8.529724946125557E-009
     58     60 -5.031671255810278E-010  2.199176393227810E-009
     59     34 -8.152759648278344E-010 -2.792276534909546E-011
     59     35  8.152759051454761E-010  2.792276330500664E-011
     59     36  4.734823718163846E-009  1.571143970795287E-010
     59     37  8.152754276866566E-010  2.792274695229767E-011
     59     38 -3.050691235231936E-009 -1.003605978222903E-010
     59     46 -1.179959659465959E-006  4.290407435113106E-006
     59     47 -1.697717853881945E-006  6.858248310291755E-006
     59     48  1.261992589198740E-006 -6.526834336335577E-006
     59     54 -5.157891374101135E-010  2.064558768634739E-009
     59     55 -1.282182749681481E-009  5.545165910837806E-009
     59     56 -1.222318479632110E-009  5.414940853599138E-009
     59     57  5.445210141962153E-010 -4.179552337980543E-009
     59     58  1.330799651755083E-009 -8.529724946125557E-009
     59     59 -1.542980544115930E-009  1.330456015544377E-008
     59     60  6.558377463568258E-010 -6.085728207842973E-009
     60     34 -1.985469141365711E-025 -6.260400143833950E-027
     60     35 -9.985050566917203E-010 -3.419826365637546E-011
     60     36 -2.445827715436428E-009 -8.376828991501989E-011
     60     37 -2.577006881468306E-010 -1.387689116050167E-011
     60     38  3.478618011055336E-009  1.090392442943711E-010
     60     46  4.817165490574081E-007 -1.751551629000886E-006
     60     47  6.812500270255702E-007 -2.477067887595722E-006
     60     48 -5.319512577225704E-007  3.121077918014399E-006
     60     54  2.105700490023110E-010 -8.428526495584239E-010
     60     55  5.157891374101135E-010 -2.064558768634740E-009
     60     56  4.747870013256212E-010 -1.580569694287948E-009
     60     57 -2.386850630187119E-010  2.063447992095152E-009
     60     58 -5.031671255810278E-010  2.199176393227810E-009
     60     59  6.558377463568258E-010 -6.085728207842974E-009
     60     60 -3.579053398613242E-010  5.496459729591041E-009
