     96     96
     25     25 -1.207906359261118E-004  3.285534089775642E-003
     26     26 -4.734273523605650E-003  2.005158406506372E-002
     27     27 -1.207906359261118E-004  3.285534089775642E-003
     73     73 -1.274161442278620E-003  7.477046890437768E-003
     73     74 -1.631112517383144E-003  5.927693815619358E-003
     73     75  1.153370806352508E-003 -4.191512800662127E-003
     74     73 -1.631112517383144E-003  5.927693815619357E-003
     74     74 -2.427531910900635E-003  1.166855846373947E-002
     74     75  1.631112517383144E-003 -5.927693815619357E-003
     75     73  1.153370806352508E-003 -4.191512800662127E-003
     75     74  1.631112517383144E-003 -5.927693815619358E-003
     75     75 -1.274161442278620E-003  7.477046890437768E-003
