     96     96
      1      1  1.000000000000000E+000  0.000000000000000E+000
      2      2  1.000000000000000E+000  0.000000000000000E+000
      3      3  1.000000000000000E+000  0.000000000000000E+000
      4      4  1.000000000000000E+000  0.000000000000000E+000
      5      5  1.000000000000000E+000  0.000000000000000E+000
      6      6  1.000000000000000E+000  0.000000000000000E+000
      7      7  1.000000000000000E+000  0.000000000000000E+000
      8      8  1.000000000000000E+000  0.000000000000000E+000
      9      9  1.000000000000000E+000  0.000000000000000E+000
     10     10  1.000000000000000E+000  0.000000000000000E+000
     11     11  1.000000000000000E+000  0.000000000000000E+000
     12     12  1.000000000000000E+000  0.000000000000000E+000
     13     13  1.000000000000000E+000  0.000000000000000E+000
     14     14  1.000000000000000E+000  0.000000000000000E+000
     15     15  1.000000000000000E+000  0.000000000000000E+000
     16     16  1.000000000000000E+000  0.000000000000000E+000
     17     17  1.000000000000000E+000  0.000000000000000E+000
     18     18  1.000000000000000E+000  0.000000000000000E+000
     19     19  1.000000000000000E+000  0.000000000000000E+000
     20     20  1.000000000000000E+000  0.000000000000000E+000
     21     21  1.000000000000000E+000  0.000000000000000E+000
     22     22  1.000000000000000E+000  0.000000000000000E+000
     23     23  1.000000000000000E+000  0.000000000000000E+000
     24     24  1.000000000000000E+000  0.000000000000000E+000
     25     25  1.000000000000000E+000  0.000000000000000E+000
     25     50 -3.147886209819114E-003 -1.378137840514444E-003
     25     53  2.265367423085124E-004 -1.431708857318106E-003
     25     54 -2.147391318446602E-019 -3.397779033467204E-020
     25     55  2.265367423085126E-004 -1.431708857318106E-003
     25     58  6.088001077881695E-004  6.788360757260781E-005
     25     60  6.669071040943142E-004  7.436276630469173E-005
     25     61 -1.573732753611123E-024 -1.126844316455412E-025
     25     62  6.088001077881695E-004  6.788360757260797E-005
     25     63  5.953003282475730E-022  4.262545784413276E-023
     25     65 -3.009236078230301E-005  2.766829143739115E-004
     25     67 -3.412152985406013E-005  3.137289357659780E-004
     25     68  8.591132757406225E-020  9.343817526627396E-021
     25     69 -3.412152985406017E-005  3.137289357659780E-004
     25     71 -3.009236078230311E-005  2.766829143739115E-004
     25     73 -2.202916567397647E-003 -2.617081646271504E-003
     25     74 -3.052064722460377E-019  3.252606517456513E-019
     25     75 -4.722499430605981E-003 -4.148506447948049E-004
     25     76  5.205843212736054E-004 -1.771943193772178E-003
     25     77 -4.005331807787075E-019 -1.629404796843504E-019
     25     78  4.316145965071394E-004 -2.727797859499066E-003
     25     79 -4.005331807787075E-019 -1.629404796843504E-019
     25     80  5.366512057061329E-004 -4.909769683456692E-003
     25     81  7.973696454601423E-004  9.955269716474851E-005
     25     82  6.409651251822704E-020 -3.231015345960380E-019
     25     83  1.403851646810090E-003  1.592829531460825E-004
     25     84  7.527390596294426E-020 -4.315315483032422E-019
     25     85  2.190063422092492E-003  2.414527186543450E-004
     25     86  6.507428917431792E-020 -3.230315225774694E-019
     25     87  3.842354757721049E-003  4.177948305400173E-004
     25     88 -4.157060090977370E-005  3.802853095684104E-004
     25     89  2.406526675574364E-019  4.262402957406676E-020
     25     90 -7.826894754280723E-005  7.189095616193644E-004
     25     91  3.212923524046465E-019  5.093887088089458E-020
     25     92 -1.186930636709559E-004  1.091318258810766E-003
     25     93  3.212923524046465E-019  5.093887088089458E-020
     25     94 -1.719580015662641E-004  1.581791338361394E-003
     25     95  2.406526675574364E-019  4.262402957406676E-020
     25     96 -2.894485384247357E-004  2.663255901677377E-003
     26     26  1.000000000000000E+000  0.000000000000000E+000
     26     49  1.767778321030904E-002  1.229678016453405E-002
     26     50  6.618064550300332E-019  0.000000000000000E+000
     26     51 -1.767778321030904E-002 -1.229678016453405E-002
     26     52 -4.429453058264147E-003  1.205819082777182E-002
     26     56  4.429453058264150E-003 -1.205819082777182E-002
     26     57 -6.339687584368509E-003 -2.003938929622452E-003
     26     59 -1.636900295627813E-003 -5.174148067496323E-004
     26     61  1.636900295627813E-003  5.174148067496325E-004
     26     62  4.727555989956453E-020  3.385085292139474E-021
     26     63  6.339687584368509E-003  2.003938929622454E-003
     26     64  1.042295798798776E-003 -3.328783014742238E-003
     26     66  3.939507823127114E-004 -1.258161717929118E-003
     26     70 -3.939507823127117E-004  1.258161717929118E-003
     26     72 -1.042295798798777E-003  3.328783014742237E-003
     26     73  2.168404344971009E-018 -1.734723475976807E-018
     26     74  1.816508756522229E-002 -1.047744359212817E-002
     26     75  4.336808689942018E-019 -1.734723475976807E-018
     26     76  1.539893546019309E-018  1.548350481675292E-018
     26     77 -2.765504116714689E-003  1.362648539684216E-002
     26     78  3.450570659733941E-018  9.315518557689731E-019
     26     79 -2.765504116714691E-003  1.362648539684216E-002
     26     80  1.667928424615809E-018 -2.960602763683684E-019
     26     81 -7.142899388766119E-019  8.226973095792238E-019
     26     82 -1.058449420125400E-002 -3.265428110108188E-003
     26     83 -3.882703955798080E-019  8.460413791853504E-019
     26     84 -1.159473246761889E-002 -3.577097271635438E-003
     26     85 -1.620009403307731E-019  8.622430150126392E-019
     26     86 -1.058449420125400E-002 -3.265428110108190E-003
     26     87  1.565663099734452E-019  8.850534759749863E-019
     26     88  1.157839528406042E-020 -1.616411945470472E-019
     26     89  2.148759056670181E-003 -6.866882750556673E-003
     26     90 -6.349863829041283E-019 -2.079547756832889E-019
     26     91  2.436463753434450E-003 -7.786313160090920E-003
     26     92 -2.700685780058452E-018 -8.452020760549090E-019
     26     93  2.436463753434451E-003 -7.786313160090920E-003
     26     94 -9.582687719982228E-019 -2.311115662514097E-019
     26     95  2.148759056670183E-003 -6.866882750556670E-003
     26     96 -1.293129556376377E-018 -9.262716227248339E-020
     27     27  1.000000000000000E+000  0.000000000000000E+000
     27     50  3.147886209819114E-003  1.378137840514444E-003
     27     53 -2.265367423085122E-004  1.431708857318106E-003
     27     54  2.147391318446603E-019  3.397779033467202E-020
     27     55 -2.265367423085124E-004  1.431708857318106E-003
     27     58 -6.088001077881695E-004 -6.788360757260774E-005
     27     60 -6.669071040943142E-004 -7.436276630469165E-005
     27     61  1.573732753619040E-024  1.126844316461081E-025
     27     62 -6.088001077881695E-004 -6.788360757260789E-005
     27     63 -4.070182289091525E-022 -2.914384141065924E-023
     27     65  3.009236078230297E-005 -2.766829143739115E-004
     27     67  3.412152985406009E-005 -3.137289357659780E-004
     27     68 -8.591132757406225E-020 -9.343817526627386E-021
     27     69  3.412152985406013E-005 -3.137289357659780E-004
     27     71  3.009236078230307E-005 -2.766829143739115E-004
     27     73 -4.722499430605982E-003 -4.148506447948037E-004
     27     74 -1.284743967481641E-019  5.421010862427522E-019
     27     75 -2.202916567397647E-003 -2.617081646271504E-003
     27     76  5.366512057061310E-004 -4.909769683456693E-003
     27     77 -4.138701472991763E-019  2.918564094519759E-020
     27     78  4.316145965071391E-004 -2.727797859499066E-003
     27     79 -4.138701472991763E-019  2.918564094519759E-020
     27     80  5.205843212736056E-004 -1.771943193772178E-003
     27     81  3.842354757721050E-003  4.177948305400154E-004
     27     82  9.759921968759719E-021 -3.269922128637258E-019
     27     83  2.190063422092492E-003  2.414527186543444E-004
     27     84  1.754127850413524E-020 -4.356653939626604E-019
     27     85  1.403851646810090E-003  1.592829531460825E-004
     27     86  9.031709754018658E-021 -3.270443552489861E-019
     27     87  7.973696454601420E-004  9.955269716474869E-005
     27     88 -2.894485384247340E-004  2.663255901677377E-003
     27     89  2.428236166731977E-019  1.231630559649541E-020
     27     90 -1.719580015662635E-004  1.581791338361394E-003
     27     91  3.236442139467213E-019  1.810550323852562E-020
     27     92 -1.186930636709558E-004  1.091318258810766E-003
     27     93  3.236442139467213E-019  1.810550323852562E-020
     27     94 -7.826894754280731E-005  7.189095616193644E-004
     27     95  2.428236166731977E-019  1.231630559649541E-020
     27     96 -4.157060090977385E-005  3.802853095684103E-004
     28     28  1.000000000000000E+000  0.000000000000000E+000
     29     29  1.000000000000000E+000  0.000000000000000E+000
     30     30  1.000000000000000E+000  0.000000000000000E+000
     31     31  1.000000000000000E+000  0.000000000000000E+000
     32     32  1.000000000000000E+000  0.000000000000000E+000
     33     33  1.000000000000000E+000  0.000000000000000E+000
     34     34  1.000000000000000E+000  0.000000000000000E+000
     35     35  1.000000000000000E+000  0.000000000000000E+000
     36     36  1.000000000000000E+000  0.000000000000000E+000
     37     37  1.000000000000000E+000  0.000000000000000E+000
     38     38  1.000000000000000E+000  0.000000000000000E+000
     39     39  1.000000000000000E+000  0.000000000000000E+000
     40     40  1.000000000000000E+000  0.000000000000000E+000
     41     41  1.000000000000000E+000  0.000000000000000E+000
     42     42  1.000000000000000E+000  0.000000000000000E+000
     43     43  1.000000000000000E+000  0.000000000000000E+000
     44     44  1.000000000000000E+000  0.000000000000000E+000
     45     45  1.000000000000000E+000  0.000000000000000E+000
     46     46  1.000000000000000E+000  0.000000000000000E+000
     47     47  1.000000000000000E+000  0.000000000000000E+000
     48     48  1.000000000000000E+000  0.000000000000000E+000
     49     49  1.000000000000000E+000  0.000000000000000E+000
     50     50  1.000000000000000E+000  0.000000000000000E+000
     51     51  1.000000000000000E+000  0.000000000000000E+000
     52     52  1.000000000000000E+000  0.000000000000000E+000
     53     53  1.000000000000000E+000  0.000000000000000E+000
     54     54  1.000000000000000E+000  0.000000000000000E+000
     55     55  1.000000000000000E+000  0.000000000000000E+000
     56     56  1.000000000000000E+000  0.000000000000000E+000
     57     57  1.000000000000000E+000  0.000000000000000E+000
     58     58  1.000000000000000E+000  0.000000000000000E+000
     59     59  1.000000000000000E+000  0.000000000000000E+000
     60     60  1.000000000000000E+000  0.000000000000000E+000
     61     61  1.000000000000000E+000  0.000000000000000E+000
     62     62  1.000000000000000E+000  0.000000000000000E+000
     63     63  1.000000000000000E+000  0.000000000000000E+000
     64     64  1.000000000000000E+000  0.000000000000000E+000
     65     65  1.000000000000000E+000  0.000000000000000E+000
     66     66  1.000000000000000E+000  0.000000000000000E+000
     67     67  1.000000000000000E+000  0.000000000000000E+000
     68     68  1.000000000000000E+000  0.000000000000000E+000
     69     69  1.000000000000000E+000  0.000000000000000E+000
     70     70  1.000000000000000E+000  0.000000000000000E+000
     71     71  1.000000000000000E+000  0.000000000000000E+000
     72     72  1.000000000000000E+000  0.000000000000000E+000
     73      1 -5.137094349494240E-003 -3.860323014332345E-003
     73      2  1.041283524189539E-002  6.837459402174421E-003
     73      3  5.137094349494240E-003  3.860323014332344E-003
     73      4 -1.452779776068776E-003  3.547359822920378E-003
     73      5  1.679316624728186E-003 -4.979068939923338E-003
     73      6  7.468005356596666E-019  2.518773228531562E-019
     73      7  1.679316624728186E-003 -4.979068939923339E-003
     73      8  1.452779776068775E-003 -3.547359822920378E-003
     73      9  1.868605635897459E-003  6.669293529968173E-004
     73     10 -2.134510332290496E-003 -6.124291838783634E-004
     73     11  4.824719005640125E-004  1.722004184835709E-004
     73     12 -2.338238916446705E-003 -6.708825577693181E-004
     73     13 -4.824719005640125E-004 -1.722004184835708E-004
     73     14 -2.134510332290496E-003 -6.124291838783633E-004
     73     15 -1.868605635897459E-003 -6.669293529968167E-004
     73     16  3.472287012953530E-004 -9.812581564191652E-004
     73     17 -2.756201480647318E-004  9.705372616661909E-004
     73     18  1.312401130987766E-004 -3.708807219769761E-004
     73     19 -3.125238720420346E-004  1.100485813924442E-003
     73     20 -3.013563190141799E-019 -8.558133370823483E-020
     73     21 -3.125238720420345E-004  1.100485813924442E-003
     73     22 -1.312401130987765E-004  3.708807219769761E-004
     73     23 -2.756201480647313E-004  9.705372616661913E-004
     73     24 -3.472287012953525E-004  9.812581564191654E-004
     73     25  1.708459894438542E-003 -4.685884945381319E-003
     73     26  5.531521234940026E-003 -2.925729469304968E-003
     73     27 -8.633875892442168E-003  1.653952654315015E-003
     73     28  4.531523860648916E-004 -2.261290592983248E-003
     73     29  9.737366360560008E-004 -4.033233491502138E-003
     73     30 -4.316145965071374E-004  2.727797859499066E-003
     73     31  9.737366360560008E-004 -4.033233491502138E-003
     73     32 -1.510387913044625E-003  8.943003470212115E-003
     73     33 -3.024604788510169E-003 -1.234858715969906E-003
     73     34 -3.120628829283974E-003 -1.089542276615320E-003
     73     35  4.170220913169196E-004 -1.852605921912262E-004
     73     36 -3.418477606799543E-003 -1.193533764515489E-003
     73     37  3.176892977585661E-003  5.859962639916518E-004
     73     38 -3.120628829283974E-003 -1.089542276615320E-003
     73     39  7.664329191691360E-003  1.752206243674666E-003
     73     40 -9.708395171601609E-004  2.482413627246843E-003
     73     41 -7.158820074229046E-004  2.024233682533343E-003
     73     42 -3.043861092027055E-004  3.630889334180891E-004
     73     43 -8.117338970171574E-004  2.295265251198728E-003
     73     44  1.186930636709547E-004 -1.091318258810766E-003
     73     45 -8.117338970171572E-004  2.295265251198728E-003
     73     46  5.546130583117751E-004 -2.663789833398847E-003
     73     47 -7.158820074229039E-004  2.024233682533343E-003
     73     48  1.301858656494666E-003 -5.525954838492630E-003
     73     73  1.000000000000000E+000  0.000000000000000E+000
     74      1 -1.041283417823277E-002 -6.837458602874079E-003
     74      2  1.027418869898848E-002  7.720646028664687E-003
     74      3  1.041283417823277E-002  6.837458602874077E-003
     74      4 -2.374912045403457E-003  7.041466088330558E-003
     74      5  2.054540862457810E-003 -5.016724372191419E-003
     74      6  7.524483982073846E-019  3.081564515637716E-019
     74      7  2.054540862457809E-003 -5.016724372191419E-003
     74      8  2.374912045403456E-003 -7.041466088330558E-003
     74      9  3.697079957903163E-003  1.060758324424011E-003
     74     10 -2.157679933789300E-003 -7.701036829663509E-004
     74     11  9.545819404370790E-004  2.738866216563387E-004
     74     12 -2.363619943225306E-003 -8.436063175569547E-004
     74     13 -9.545819404370790E-004 -2.738866216563386E-004
     74     14 -2.157679933789300E-003 -7.701036829663502E-004
     74     15 -3.697079957903163E-003 -1.060758324424009E-003
     74     16  5.512402242339203E-004 -1.941074320157680E-003
     74     17 -3.472287012953527E-004  9.812581564191652E-004
     74     18  2.083492208540621E-004 -7.336571324901420E-004
     74     19 -3.937203392963294E-004  1.112642165930928E-003
     74     20 -3.046852065354567E-019 -1.078161214529769E-019
     74     21 -3.937203392963293E-004  1.112642165930928E-003
     74     22 -2.083492208540619E-004  7.336571324901420E-004
     74     23 -3.472287012953526E-004  9.812581564191652E-004
     74     24 -5.512402242339195E-004  1.941074320157680E-003
     74     25  5.531521234940023E-003 -2.925729469304966E-003
     74     26  1.034233464154992E-002 -6.339836993908538E-003
     74     27 -5.531521234940025E-003  2.925729469304970E-003
     74     28  1.377071556889954E-003 -5.703853503899713E-003
     74     29  1.388432459016070E-003 -7.922631475391245E-003
     74     30  2.485327184725031E-018  2.107809077960104E-019
     74     31  1.388432459016068E-003 -7.922631475391243E-003
     74     32 -1.377071556889949E-003  5.703853503899713E-003
     74     33 -5.405087683884025E-003 -1.887142580092000E-003
     74     34 -6.171258264676751E-003 -1.724582532942190E-003
     74     35 -1.395587638964912E-003 -4.872581189743488E-004
     74     36 -6.760274719507287E-003 -1.889185511143667E-003
     74     37  1.395587638964912E-003  4.872581189743469E-004
     74     38 -6.171258264676750E-003 -1.724582532942188E-003
     74     39  5.405087683884027E-003  1.887142580091998E-003
     74     40 -1.431764014845810E-003  4.048467365066684E-003
     74     41 -1.136348938600250E-003  4.004183813741421E-003
     74     42 -5.411559313447728E-004  1.530176834132486E-003
     74     43 -1.288498583197915E-003  4.540317674978565E-003
     74     44 -1.758309946447487E-018 -3.288053688793027E-019
     74     45 -1.288498583197914E-003  4.540317674978565E-003
     74     46  5.411559313447715E-004 -1.530176834132486E-003
     74     47 -1.136348938600249E-003  4.004183813741421E-003
     74     48  1.431764014845807E-003 -4.048467365066684E-003
     74     74  1.000000000000000E+000  0.000000000000000E+000
     75      1  5.137094349494238E-003  3.860323014332346E-003
     75      2 -1.041283524189539E-002 -6.837459402174420E-003
     75      3 -5.137094349494238E-003 -3.860323014332345E-003
     75      4  1.452779776068776E-003 -3.547359822920378E-003
     75      5 -1.679316624728186E-003  4.979068939923338E-003
     75      6 -7.468005356596666E-019 -2.518773228531562E-019
     75      7 -1.679316624728186E-003  4.979068939923338E-003
     75      8 -1.452779776068776E-003  3.547359822920378E-003
     75      9 -1.868605635897459E-003 -6.669293529968178E-004
     75     10  2.134510332290496E-003  6.124291838783637E-004
     75     11 -4.824719005640124E-004 -1.722004184835709E-004
     75     12  2.338238916446705E-003  6.708825577693181E-004
     75     13  4.824719005640124E-004  1.722004184835709E-004
     75     14  2.134510332290496E-003  6.124291838783633E-004
     75     15  1.868605635897459E-003  6.669293529968169E-004
     75     16 -3.472287012953531E-004  9.812581564191652E-004
     75     17  2.756201480647318E-004 -9.705372616661912E-004
     75     18 -1.312401130987766E-004  3.708807219769760E-004
     75     19  3.125238720420346E-004 -1.100485813924442E-003
     75     20  3.013563190141798E-019  8.558133370823484E-020
     75     21  3.125238720420345E-004 -1.100485813924442E-003
     75     22  1.312401130987765E-004 -3.708807219769761E-004
     75     23  2.756201480647314E-004 -9.705372616661912E-004
     75     24  3.472287012953526E-004 -9.812581564191654E-004
     75     25 -8.633875892442168E-003  1.653952654315012E-003
     75     26 -5.531521234940026E-003  2.925729469304967E-003
     75     27  1.708459894438542E-003 -4.685884945381321E-003
     75     28 -1.510387913044629E-003  8.943003470212114E-003
     75     29 -9.737366360560024E-004  4.033233491502137E-003
     75     30 -4.316145965071406E-004  2.727797859499065E-003
     75     31 -9.737366360560025E-004  4.033233491502138E-003
     75     32  4.531523860648887E-004 -2.261290592983248E-003
     75     33  7.664329191691359E-003  1.752206243674671E-003
     75     34  3.120628829283974E-003  1.089542276615322E-003
     75     35  3.176892977585661E-003  5.859962639916535E-004
     75     36  3.418477606799543E-003  1.193533764515490E-003
     75     37  4.170220913169195E-004 -1.852605921912250E-004
     75     38  3.120628829283974E-003  1.089542276615321E-003
     75     39 -3.024604788510170E-003 -1.234858715969903E-003
     75     40  1.301858656494670E-003 -5.525954838492628E-003
     75     41  7.158820074229056E-004 -2.024233682533342E-003
     75     42  5.546130583117768E-004 -2.663789833398846E-003
     75     43  8.117338970171586E-004 -2.295265251198727E-003
     75     44  1.186930636709568E-004 -1.091318258810765E-003
     75     45  8.117338970171583E-004 -2.295265251198728E-003
     75     46 -3.043861092027046E-004  3.630889334180890E-004
     75     47  7.158820074229050E-004 -2.024233682533343E-003
     75     48 -9.708395171601584E-004  2.482413627246842E-003
     75     75  1.000000000000000E+000  0.000000000000000E+000
     76     76  1.000000000000000E+000  0.000000000000000E+000
     77     77  1.000000000000000E+000  0.000000000000000E+000
     78     78  1.000000000000000E+000  0.000000000000000E+000
     79     79  1.000000000000000E+000  0.000000000000000E+000
     80     80  1.000000000000000E+000  0.000000000000000E+000
     81     81  1.000000000000000E+000  0.000000000000000E+000
     82     82  1.000000000000000E+000  0.000000000000000E+000
     83     83  1.000000000000000E+000  0.000000000000000E+000
     84     84  1.000000000000000E+000  0.000000000000000E+000
     85     85  1.000000000000000E+000  0.000000000000000E+000
     86     86  1.000000000000000E+000  0.000000000000000E+000
     87     87  1.000000000000000E+000  0.000000000000000E+000
     88     88  1.000000000000000E+000  0.000000000000000E+000
     89     89  1.000000000000000E+000  0.000000000000000E+000
     90     90  1.000000000000000E+000  0.000000000000000E+000
     91     91  1.000000000000000E+000  0.000000000000000E+000
     92     92  1.000000000000000E+000  0.000000000000000E+000
     93     93  1.000000000000000E+000  0.000000000000000E+000
     94     94  1.000000000000000E+000  0.000000000000000E+000
     95     95  1.000000000000000E+000  0.000000000000000E+000
     96     96  1.000000000000000E+000  0.000000000000000E+000
