38 
 0.00000000  1.57079633  0.00000000  0.00952381
 3.14159265  1.57079633  0.00000000  0.00952381
 1.57079633  1.57079633  0.00000000  0.00952381
-1.57079633  1.57079633  0.00000000  0.00952381
 1.57079633  0.00000000  0.00000000  0.00952381
 1.57079633  3.14159265  0.00000000  0.00952381
 0.78539816  0.95531662  0.00000000  0.03214286
 0.78539816  2.18627604  0.00000000  0.03214286
-0.78539816  0.95531662  0.00000000  0.03214286
-0.78539816  2.18627604  0.00000000  0.03214286
 2.35619449  0.95531662  0.00000000  0.03214286
 2.35619449  2.18627604  0.00000000  0.03214286
-2.35619449  0.95531662  0.00000000  0.03214286
-2.35619449  2.18627604  0.00000000  0.03214286
 1.09313802  1.57079633  0.00000000  0.02857143
-1.09313802  1.57079633  0.00000000  0.02857143
 2.04845464  1.57079633  0.00000000  0.02857143
-2.04845464  1.57079633  0.00000000  0.02857143
 0.47765831  1.57079633  0.00000000  0.02857143
-0.47765831  1.57079633  0.00000000  0.02857143
 2.66393434  1.57079633  0.00000000  0.02857143
-2.66393434  1.57079633  0.00000000  0.02857143
 0.00000000  0.47765831  0.00000000  0.02857143
 0.00000000  2.66393434  0.00000000  0.02857143
 3.14159265  0.47765831  0.00000000  0.02857143
 3.14159265  2.66393434  0.00000000  0.02857143
 0.00000000  1.09313802  0.00000000  0.02857143
 0.00000000  2.04845464  0.00000000  0.02857143
 3.14159265  1.09313802  0.00000000  0.02857143
 3.14159265  2.04845464  0.00000000  0.02857143
 1.57079633  0.47765831  0.00000000  0.02857143
 1.57079633  2.66393434  0.00000000  0.02857143
-1.57079633  0.47765831  0.00000000  0.02857143
-1.57079633  2.66393434  0.00000000  0.02857143
 1.57079633  1.09313802  0.00000000  0.02857143
 1.57079633  2.04845464  0.00000000  0.02857143
-1.57079633  1.09313802  0.00000000  0.02857143
-1.57079633  2.04845464  0.00000000  0.02857143
