# Wavelength | Total | n= 1 | ...
  300.000000 -2.78810879503057861E-13 -7.02359756032950421E-13 -1.40471951206590165E-13  5.23258018244548117E-13  3.84651710139920614E-14  2.20859220158798909E-15  8.67821979442873747E-17  2.20287861600243228E-18  6.11997943133514924E-20
  302.000000 -6.69298991485136529E-14 -3.98583230510759583E-13 -7.11755768769212531E-14  3.71892389181914012E-13  2.90262899451194858E-14  1.82804460142874107E-15  8.02593251221387742E-17  1.88404760903363035E-18  4.11379737870929625E-20
  304.000000  5.07183726499786173E-14 -6.05819939326384401E-13 -2.88485685393516766E-14  6.34668507865735775E-13  4.74423724807305986E-14  3.16059451465674880E-15  1.12001917384815678E-16  3.33627671649914918E-18  6.74604899540958153E-20
  306.000000 -4.12269083388869540E-13 -8.76882108212018089E-13 -1.75376421642403779E-13  5.91895423043112427E-13  4.52713223836022522E-14  2.71171224870253052E-15  1.08184161566761123E-16  2.74310684080883433E-18  6.15217277332880093E-20
  308.000000 -3.14401141838446751E-13 -9.17994814571379363E-13 -0.00000000000000000E+00  5.58014993131594662E-13  4.26839826835734738E-14  2.80149784720269672E-15  9.03991392025789498E-17  2.73914722254768438E-18  6.07841369159796293E-20
  310.000000 -6.37220498995860262E-13 -1.07994836087626437E-12 -2.84986373009014139E-13  6.76842635896408883E-13  4.79273957897560977E-14  2.83616809590205499E-15  1.05366436987645960E-16  2.61905186969953841E-18  4.96184942032170668E-20
  312.000000 -6.92910722365914867E-13 -1.15470191443036350E-12 -2.58288586122581404E-13  6.71360405840680207E-13  4.56990375262839208E-14  2.90626590112365677E-15  1.10787477464858620E-16  3.21963427982718600E-18  6.18071976930470272E-20
  314.000000 -1.51467893069499054E-13 -9.54109216746919153E-13 -6.15554333385110694E-14  8.10800473505698436E-13  4.99536768596704851E-14  3.32780304440832790E-15  1.11772103382611089E-16  2.96729545071844473E-18  6.42073204174006635E-20
  316.000000 -7.38586572015948796E-13 -1.52738086849906155E-12 -7.79275953315845546E-14  8.08498801565191975E-13  5.44884357982565361E-14  3.60624406618698486E-15  1.25031839738710603E-16  3.31270462217845058E-18  6.58407010927923984E-20
  318.000000  2.57926147252919394E-13 -5.68203423752608708E-13 -0.00000000000000000E+00  7.73387993441050618E-13  4.96314839540852756E-14  3.00177996896214545E-15  1.05486170282848174E-16  2.76561580594501753E-18  6.18553411823743186E-20
  320.000000 -2.77243133915939832E-13 -8.31094495316500967E-13 -3.03669142519490854E-13  8.01127145725761795E-13  5.26925896970497910E-14  3.57032875983416409E-15  1.27455127603028014E-16  2.92292659701619474E-18  6.16832061131911027E-20
  322.000000 -6.07262781042474470E-13 -1.10044353071719786E-12 -3.56025848173211074E-13  7.91955224771659740E-13  5.37325942733006667E-14  3.39779640257636525E-15  1.17601783192368748E-16  3.31671367705839902E-18  6.39035280224280760E-20
  324.000000 -2.81640714687541034E-13 -8.52001716214306900E-13 -4.75154803273363300E-13  9.78982741227016235E-13  6.27864846459010883E-14  3.60514266610081157E-15  1.37661697678346701E-16  3.69472628931331767E-18  7.98371437656416307E-20
  326.000000  1.70709584061710138E-13 -5.97151883457263015E-13 -2.15638180137344776E-13  9.20609153663279976E-13  5.90283600075484339E-14  3.72976945437377220E-15  1.28736019865014928E-16  3.55337041806082254E-18  7.51408324353429345E-20
  328.000000 -8.32439484828469702E-14 -6.71668195493768294E-13 -3.69417507521572723E-13  8.92059322140161116E-13  6.19194117720817721E-14  3.72135500768718397E-15  1.38295329482178293E-16  3.29909665792634154E-18  7.11864239044402175E-20
  330.000000 -4.62663623529676204E-13 -9.51837941375854252E-13 -6.45890031647901345E-13  1.06125681186883761E-12  6.95155081348018683E-14  4.13308536904624224E-15  1.54672991149909191E-16  4.18767559813292312E-18  8.34546455536953117E-20
  332.000000 -1.79865212224073730E-13 -8.25780285322409784E-13 -3.44075118884337376E-13  9.20400943015602693E-13  6.56565217089839261E-14  3.78432229144028361E-15  1.44609360592200779E-16  3.70331791594858371E-18  9.22881385671805499E-20
  334.000000 -2.10569474505123225E-13 -6.26819559552094398E-13 -6.79054522848102770E-13  1.02728761148815515E-12  6.37973900672596249E-14  4.06385293871936342E-15  1.51438034458030702E-16  4.21897936938397240E-18  9.63871124608662199E-20
  336.000000 -6.12843949574155263E-13 -7.04832062374186067E-13 -1.03962729200192476E-12  1.05724809356127950E-12  6.95883999082326511E-14  4.59233536733669360E-15  1.81589490557085462E-16  4.89089892277269331E-18  9.55756272018715082E-20
  338.000000 -2.65504038803575796E-13 -6.41923103745827150E-13 -5.88429511767008187E-13  8.98246565311001322E-13  6.24788437565111734E-14  3.95281425103902887E-15  1.65936301717540470E-16  4.32488916635133688E-18  9.21998243364203463E-20
  340.000000 -3.34648803944858275E-13 -1.22691323782751417E-12 -8.48013561439605926E-13  1.62611111116477586E-12  1.06917933236692313E-13  6.97420145834678276E-15  2.67155800574106198E-16  7.42562481488334092E-18  1.68037058159313816E-19
  342.000000 -1.46077349027615065E-15 -7.30229391152338304E-13 -6.57206452037104070E-13  1.28474733505864471E-12  9.48442470930282858E-14  6.13055741900659736E-15  2.45307257684146007E-16  7.45149086506845191E-18  1.71379937390227968E-19
  344.000000  5.58161179906814076E-13  3.69397529288512036E-13 -1.16360221725881295E-12  1.25826033413899425E-12  8.80205050257782742E-14  5.82369273774552396E-15  2.53680382576615840E-16  7.47394510012778157E-18  1.81646920241726905E-19
  346.000000  1.00468204898313258E-12 -0.00000000000000000E+00 -7.47410671584362364E-13  1.61861123564988355E-12  1.24665764361922838E-13  8.41430043785006945E-15  3.88397288271254324E-16  1.27187816344103391E-17  3.04047932241157843E-19
  348.000000 -2.24980863069650934E-13 -7.56076230174350761E-13 -7.18272418665633142E-13  1.14829077457729495E-12  9.37711730782641883E-14  6.93823615763632938E-15  3.55153414890648288E-16  1.21364625848764898E-17  3.12079661724411111E-19
  350.000000  7.51128535197493808E-13  1.52958346869397691E-13 -8.79510494499039750E-13  1.34794543178657114E-12  1.20021515341368552E-13  9.18179529700030936E-15  5.13033395709679836E-16  1.84283625189334355E-17  4.78643966355526601E-19
  352.000000 -2.77506318947048509E-13 -6.18845747281825037E-13 -1.16033577615342285E-12  1.36097717077995202E-12  1.28800292860780321E-13  1.12204507325382856E-14  6.53104949079275175E-16  2.35765455142200308E-17  6.08620335468656967E-19
  354.000000  8.90502503012411675E-14 -4.69423547664135112E-13 -1.64298241682447047E-12  1.95837636291131061E-12  2.21111937978516473E-13  2.07364070203806934E-14  1.18962749544095355E-15  4.09490550556006261E-17  9.30329141606835738E-19
  356.000000  3.54925564171714394E-13 -4.74742752216490659E-13 -6.32990336288654481E-13  1.26598067257730856E-12  1.77255838799581662E-13  1.83345627725210257E-14  1.05728436671596524E-15  2.96999263970389966E-17  5.94234335216659633E-19
  358.000000  2.51134163424501098E-13 -0.00000000000000000E+00 -1.44027577235531333E-12  1.41027002709791100E-12  2.53486035455763721E-13  2.61842127600199777E-14  1.42658845923649393E-15  4.23005750723478137E-17  7.71431810917032886E-19
  360.000000  2.77038448638241106E-13  4.85471063369975656E-13 -2.34644347295488059E-12  1.77247508032475358E-12  3.31232860945139383E-13  3.25370900575061294E-14  1.71843220094829423E-15  4.66218536444551986E-17  7.72841154585664909E-19
  362.000000  3.36413077616917958E-12  3.10890774315032398E-12 -2.29077412653181763E-12  2.12970407076004912E-12  3.85897008619861843E-13  2.89297919182087137E-14  1.43219572702878011E-15  3.35439241845282904E-17  5.48601340470206479E-19
  364.000000  4.28716266423494469E-12  4.79775269124428895E-12 -3.18471514849836408E-12  2.25411656614494605E-12  3.96312208769606652E-13  2.26666793374331076E-14  1.00960631111645544E-15  1.97367462855483820E-17  3.24179632344443186E-19
  366.000000  2.45509714184835345E-12  3.84704352003635102E-12 -4.64154163830472856E-12  2.71801987828655265E-12  5.05708506200430777E-13  2.47923350150950019E-14  1.05694108895678586E-15  1.73135217194534624E-17  2.86003975715437257E-19
  368.000000  4.45956287187379333E-12  6.42563905571242563E-12 -7.52476152576849927E-12  4.68183898302731002E-12  8.30947155847680012E-13  4.42142490020302759E-14  1.66051777680725412E-15  2.40532781049730024E-17  3.82997933370615580E-19
  370.000000  3.44636579874291850E-12  6.49567275170598156E-12 -1.02563253974304979E-11  6.18584625532526903E-12  9.61196641250078299E-13  5.82176673560202730E-14  1.72947813894494626E-15  2.80241400059387952E-17  3.78257116059072049E-19
  372.000000  4.85179650143857249E-12  8.12121167378951088E-12 -1.30889741338203303E-11  8.74758172309774587E-12  9.95914879045580566E-13  7.43413671466483480E-14  1.68643059161494359E-15  3.42370828499119112E-17  3.24504952089039684E-19
  374.000000 -1.45615584763978366E-13  2.96913003554258645E-12 -1.43653497307869243E-11  1.00426457084528655E-11  1.12536305000631806E-12  8.08780071650304499E-14  1.68196033583860032E-15  3.50850838152359600E-17  2.99436492416977980E-19
  376.000000  2.60249652162262588E-12  3.00097034448274781E-12 -1.23128047957453878E-11  1.08564515403346421E-11  9.79521685279811910E-13  7.69614946096631518E-14  1.36666450817506100E-15  2.93533837743392490E-17  2.34769199915743183E-19
  378.000000 -1.39131554995179656E-13 -1.78410615788465607E-13 -7.53784851706268684E-12  7.00261666969728841E-12  5.30876119440874775E-13  4.28168054980620260E-14  8.00450078942144434E-16  1.73960605921123461E-17  1.37080213078748812E-19
  380.000000  1.64165232156423213E-12 -3.60607106741895958E-13 -4.68789238764463937E-12  6.24864502151190375E-12  4.10789248060957863E-13  3.01753139247520998E-14  5.31199218989562933E-16  1.09470908077050153E-17  8.61433547728658976E-20
  382.000000  4.45571689728317188E-13 -1.09323888041975770E-12 -3.18861340122429357E-12  4.46975271421619698E-12  2.38701165052588642E-13  1.86554791453465136E-14  3.08086480297125235E-16  6.47141255806012041E-18  5.50653811383078764E-20
  384.000000  3.72774673326793545E-12  1.47295516708401710E-12 -3.63635806873866137E-12  5.63865649899349257E-12  2.35003955490577031E-13  1.72302895350003426E-14  2.53551871927895201E-16  5.33903158296922676E-18  0.00000000000000000E+00
  386.000000  1.99572476378069796E-12  3.72084601635147851E-13 -2.79063451226361373E-12  4.24408998740091113E-12  1.58790010658749831E-13  1.12273757893906529E-14  1.63895202045663980E-16  3.40535806516986599E-18  0.00000000000000000E+00
  388.000000  3.30711216891765258E-12  1.12785116919706119E-12 -2.72564032555956453E-12  4.74637367037096663E-12  1.48232392435974457E-13  1.01565576938038991E-14  1.35974107080454996E-16  2.73067233108228747E-18  0.00000000000000000E+00
  390.000000  6.90082166026190677E-12  4.93787002881405413E-12 -3.03868924850095589E-12  4.84884592973687881E-12  1.43273159452330897E-13  9.39215836943779249E-15  1.27123595255113205E-16  2.50879490635925754E-18  0.00000000000000000E+00
  392.000000  6.09539844231430624E-12  3.83741900625945932E-12 -2.97399972985108299E-12  5.08458018329378400E-12  1.38937802399481905E-13  8.35278047550830009E-15  1.06312772876584338E-16  2.08696427634471239E-18  0.00000000000000000E+00
  394.000000  1.84037111230845922E-12  7.75335246844664513E-13 -4.36126076350124273E-12  5.26985675589733699E-12  1.47741494180239652E-13  8.59202915986539534E-15  1.04419588461251385E-16  1.93013913446645355E-18  0.00000000000000000E+00
  396.000000  2.21832927740754864E-12  3.91613324451777653E-13 -3.03500326450129620E-12  4.71771676800503881E-12  1.37007298325049046E-13  6.90773014932644364E-15  8.58751190100967277E-17  1.54585863993397912E-18  0.00000000000000000E+00
  398.000000  5.90778430895073012E-13 -3.95579003714286969E-13 -3.85689528621430603E-12  4.69750066910716907E-12  1.39360474208915411E-13  6.31371517769081367E-15  7.66296244902274514E-17  1.23270540165529343E-18  0.00000000000000000E+00
  400.000000  4.37488164606393515E-12  2.79695262846899396E-12 -2.49727913256160365E-12  3.93945783161592646E-12  1.30326754730558584E-13  5.35000595415723966E-15  7.24956291152717059E-17  1.06222678480999049E-18  0.00000000000000000E+00
  402.000000 -9.86374905663716123E-13 -1.61428118775394096E-12 -4.43927326632333521E-12  4.89959563626879432E-12  1.61585763422635557E-13  5.91475326857627678E-15  8.23391155255099565E-17  1.05633802669645477E-18  0.00000000000000000E+00
  404.000000 -3.67966091901995696E-12 -4.89115093080209356E-12 -3.66836319810156613E-12  4.70645903367545124E-12  1.67576053211888116E-13  5.73430526504456744E-15  8.29175021590170484E-17  9.00229162256944588E-19  0.00000000000000000E+00
  406.000000 -6.03893324706309428E-12 -6.58626404951878784E-12 -4.73387728559163018E-12  5.07476790534211273E-12  2.00795830855385400E-13  5.55881851560986298E-15  8.46728579509606013E-17  8.60476264447493002E-19  0.00000000000000000E+00
  408.000000 -1.18822438658933480E-12 -1.66282829409093666E-12 -5.19633841903418031E-12  5.41718280184313425E-12  2.47638002782097691E-13  6.01334084624561044E-15  1.07239497554683404E-16  9.41566753021711781E-19  0.00000000000000000E+00
  410.000000 -1.42542067558129853E-11 -1.25937786655081571E-11 -7.34637088821309112E-12  5.43106704950039312E-12  2.49251869421515603E-13  5.51836157243615602E-15  1.04740376261506789E-16  7.77037662072028488E-19  0.00000000000000000E+00
  412.000000 -9.16677582946651182E-12 -8.47796298155073131E-12 -6.99431945977935947E-12  5.99418476429954125E-12  3.05504720721896454E-13  5.69522583408769184E-15  1.21177168069831452E-16  7.23839976204245636E-19  0.00000000000000000E+00
  414.000000 -9.45566124552862353E-12 -9.41652039249961994E-12 -4.92227202335207179E-12  4.59456641310173374E-12  2.84234457870194576E-13  4.22726913732728474E-15  1.02456986623131374E-16  5.73227195764064451E-19  0.00000000000000000E+00
  416.000000 -2.35279478597054762E-11 -2.59301482538748350E-11 -3.02518396295205391E-12  5.09149265193271564E-12  3.30879495947882007E-13  4.89632544924470716E-15  1.15298572763148719E-16  5.85218822601158430E-19  0.00000000000000000E+00
  418.000000 -1.51693806402848482E-11 -1.91987223629385069E-11 -8.72669198315377716E-13  4.63605511605049178E-12  2.62056424298809993E-13  3.81000479687484776E-15  8.88938701105711391E-17  4.81952759065688006E-19  0.00000000000000000E+00
  420.000000 -2.41524185084832822E-11 -2.99553626509029218E-11  4.40520038983862505E-13  5.05909732270534180E-12  2.98985768646276582E-13  4.23137458099890057E-15  1.09124260068950001E-16  5.13243087352083061E-19  0.00000000000000000E+00
  422.000000 -2.39189488489650473E-11 -3.73569383916204189E-11  7.56033276973270767E-12  5.52432403670726082E-12  3.48093216621137526E-13  5.11492634958247124E-15  1.24003034117676200E-16  5.90210572151856457E-19  0.00000000000000000E+00
  424.000000 -1.82665276836003341E-11 -3.86097733868439263E-11  1.45909027334003179E-11  5.42949938252492775E-12  3.18299140157711390E-13  4.44765230603034856E-15  9.63344020847928746E-17  4.60452518645304461E-19  0.00000000000000000E+00
  426.000000 -1.55219483990726195E-11 -4.16940529631889253E-11  2.06204283676640921E-11  5.25424376676056155E-12  2.93205567341549197E-13  4.13357612920780726E-15  9.28152942019423390E-17  4.70926697585388018E-19  0.00000000000000000E+00
  428.000000 -2.04508794576347994E-11 -5.30655433518230657E-11  2.72189640468402723E-11  5.10355575878255187E-12  2.88370556923506449E-13  3.69781909687808688E-15  7.53382651359290533E-17  3.74279914958342846E-19  0.00000000000000000E+00
  430.000000 -1.70665169926492092E-11 -5.17156541003917076E-11  2.97826757988862914E-11  4.58139513863682148E-12  2.81151561903549022E-13  3.83990580486753731E-15  7.43376259958946392E-17  3.64884971176859219E-19  0.00000000000000000E+00
  432.000000 -1.63435510198798578E-11 -5.59262665002211555E-11  3.49539165626382214E-11  4.36923957032977848E-12  2.56237695634965092E-13  3.24812853800150694E-15  7.31695622014912554E-17  3.53638126445431139E-19  0.00000000000000000E+00
  434.000000 -2.08939947522567416E-11 -7.24381362770870559E-11  4.60969958126917540E-11  5.15210364551927967E-12  2.91229824470330174E-13  3.73583210855695116E-15  7.60635244845326626E-17  3.46515894922971241E-19  0.00000000000000000E+00
  436.000000 -1.64222054754312850E-11 -7.59556438373488601E-11  5.45931190080944920E-11  4.65079967636891863E-12  2.86270813412859556E-13  3.18360380807064226E-15  6.49668865839216580E-17  2.93346643948933112E-19  0.00000000000000000E+00
  438.000000 -1.17823460030741916E-11 -6.51559704353721023E-11  4.88669778265290799E-11  4.21447740752694104E-12  2.88903174860999756E-13  3.20099892946002702E-15  6.47361598369779560E-17  2.88291597338631585E-19  0.00000000000000000E+00
  440.000000 -7.25382030932940749E-12 -5.89837352877989896E-11  4.76221141462967319E-11  3.84512311238341303E-12  2.59914080717960331E-13  2.70743834081208652E-15  5.59631009223547309E-17  2.37629751156770637E-19  0.00000000000000000E+00
  442.000000 -2.83261156194542031E-12 -5.36666284499141326E-11  4.70802695037883105E-11  3.52187249202561543E-12  2.29407684646960724E-13  2.41758001003051958E-15  4.94066161114541561E-17  2.20881688283371234E-19  0.00000000000000000E+00
  444.000000 -1.17632736957654164E-11 -7.28609356233462469E-11  5.66149161938163466E-11  4.21534973834393390E-12  2.64661271779007298E-13  2.68176867691603076E-15  5.27304174590566778E-17  2.24547178896885496E-19  0.00000000000000000E+00
  446.000000 -5.08499960896844166E-12 -6.25903457675105684E-11  5.31521190247907134E-11  4.13310504975190672E-12  2.17691419140395312E-13  2.38478978924257943E-15  4.56711642072243520E-17  2.03905648544713658E-19  0.00000000000000000E+00
  448.000000  6.84596409266595253E-12 -3.95958989707098467E-11  4.27284859145951228E-11  3.52024457819107516E-12  1.90769650215513294E-13  2.32114291374311616E-15  4.15706132165561431E-17  2.06847129689032062E-19  0.00000000000000000E+00
  450.000000  4.11139985322262251E-12 -3.94445238988104810E-11  4.00766476792401439E-11  3.29889597911726334E-12  1.78155198273436016E-13  2.18758656923592820E-15  3.71349571938197743E-17  1.73875837167630608E-19  0.00000000000000000E+00
  452.000000  4.69834650980568905E-12 -2.95918387221341929E-11  3.12500020988055123E-11  2.91374381814117694E-12  1.24810674836587715E-13  1.60470311568685375E-15  2.38038463425539105E-17  1.33194579964411192E-19  0.00000000000000000E+00
  454.000000  7.65034497115488681E-12 -1.90449798704214772E-11  2.39349071344486157E-11  2.65407236369893889E-12  1.04680032147784857E-13  1.64151611036067195E-15  2.36698130820734599E-17  1.25357585081055770E-19  0.00000000000000000E+00
  456.000000  1.22892989217138751E-11 -1.29818558427082286E-11  2.27182477247394049E-11  2.45438212026202487E-12  9.69835910124198743E-14  1.52131123156737061E-15  1.99015934630904014E-17  1.15583224088224291E-19  0.00000000000000000E+00
  458.000000  1.43109511934075676E-11 -1.62390170588422052E-11  2.71086817030672299E-11  3.32719779960653036E-12  1.12351755341110740E-13  1.71652955744902735E-15  2.03263377091697620E-17  1.38339745023436304E-19  0.00000000000000000E+00
  460.000000  3.62278682258864082E-12 -1.79664249913011826E-11  1.87590613879762410E-11  2.73707255726854027E-12  9.14679696032897393E-14  1.59246509138308549E-15  1.73230973152827744E-17  1.10853058814416037E-19  0.00000000000000000E+00
  462.000000  2.77039990120182753E-12 -1.17266434377505252E-11  1.23929299967136245E-11  2.04050258682448820E-12  6.23992978560167081E-14  1.19916533858791233E-15  1.21960998927096993E-17  9.61197428250535456E-20  0.00000000000000000E+00
  464.000000  6.11580129627679241E-12 -9.14012153810769958E-12  1.29709077709910785E-11  2.22832466726384968E-12  5.56556113878341375E-14  1.02446852477237431E-15  1.02469285158898493E-17  6.92884447510876627E-20  0.00000000000000000E+00
  466.000000  1.22478606550140206E-11 -4.33839317848437743E-12  1.39642030432465913E-11  2.56109245741582661E-12  5.97111609953751842E-14  1.23605247695179727E-15  1.10384916547865772E-17  8.08720020233666249E-20  0.00000000000000000E+00
  468.000000  6.33635534594033045E-12 -7.11053284149224144E-12  1.12811338350598021E-11  2.11521259407371268E-12  4.94751430621408184E-14  1.05733505173498049E-15  9.20587645639075957E-18  7.43087222264277397E-20  0.00000000000000000E+00
  470.000000  9.94149186484532012E-12 -2.75824480191428669E-12  1.05502863673221530E-11  2.10531654021114038E-12  4.30639050494186385E-14  1.06165657239208857E-15  8.19760450336046303E-18  0.00000000000000000E+00  0.00000000000000000E+00
  472.000000  7.89799660765232714E-12 -2.78176917134302169E-12  8.76257288973051347E-12  1.87986744782165004E-12  3.62662289428020657E-14  1.05161027862584403E-15  7.60222175753578259E-18  0.00000000000000000E+00  0.00000000000000000E+00
  474.000000  5.76652711037546376E-12 -3.36647211832446374E-12  7.46936001253240020E-12  1.63282664593211225E-12  3.00333256812597036E-14  7.73734837070651476E-16  5.50971708192383462E-18  0.00000000000000000E+00  0.00000000000000000E+00
  476.000000  7.24998045727522154E-12 -1.69747055021783279E-12  7.17888586862958278E-12  1.73725501623856269E-12  3.04945169238758493E-14  8.09956644654899055E-16  5.64905637823515995E-18  0.00000000000000000E+00  0.00000000000000000E+00
  478.000000  3.56736463337419972E-12 -3.99411827726943520E-12  5.91985387523862735E-12  1.61369510755751737E-12  2.71990650682497635E-14  7.30256588540156571E-16  4.60619070000034693E-18  0.00000000000000000E+00  0.00000000000000000E+00
  480.000000  4.80498556600970711E-12 -3.45223867285315842E-12  6.47294751159967325E-12  1.75758505349685571E-12  2.58819570098142315E-14  8.04695767361189090E-16  5.02098916170406147E-18  0.00000000000000000E+00  0.00000000000000000E+00
  482.000000  7.14400509243436536E-12 -1.16035575438648314E-12  6.59952335307312264E-12  1.67934299609449996E-12  2.47347563000170436E-14  7.55255510681891159E-16  4.48584252638583236E-18  0.00000000000000000E+00  0.00000000000000000E+00
  484.000000  9.72190121903146648E-12  2.04750917167072683E-12  5.90487020044325711E-12  1.74358202900085360E-12  2.51903899381574011E-14  7.45357037503948730E-16  4.07094096784178596E-18  0.00000000000000000E+00  0.00000000000000000E+00
  486.000000  5.83985153040243217E-12  5.89847341994519012E-13  4.01833501733766804E-12  1.21310400609419867E-12  1.79827116288002203E-14  5.79116667350157291E-16  3.33667989380165509E-18  0.00000000000000000E+00  0.00000000000000000E+00
  488.000000  5.87934262673618523E-12  2.97356020872374786E-13  4.25590804873586837E-12  1.30790187305583716E-12  1.75956214743510537E-14  5.78221251066944953E-16  2.84134668684617440E-18  0.00000000000000000E+00  0.00000000000000000E+00
  490.000000  8.00997441834145999E-12  2.69818523877618208E-12  4.04727785816427393E-12  1.24837910787127205E-12  1.56175476162073559E-14  5.12064802662334859E-16  2.60111086116471618E-18  0.00000000000000000E+00  0.00000000000000000E+00
  492.000000  4.57936366006028660E-12  3.02250687972196378E-13  3.24919489570110501E-12  1.01419273815670377E-12  1.32917248952616609E-14  4.31508331198098267E-16  2.10500382320590303E-18  0.00000000000000000E+00  0.00000000000000000E+00
  494.000000  5.46588508774276200E-12  1.82827803118140968E-12  2.66623879547288884E-12  9.59369852299619956E-13  1.16145795743081693E-14  3.81989713031127153E-16  1.83950150356284921E-18  0.00000000000000000E+00  0.00000000000000000E+00
  496.000000  6.87507310487218820E-12  2.15029718076696411E-12  3.51343200071744817E-12  1.19634279532626226E-12  1.45118060992748058E-14  4.87183735931322754E-16  2.13822631019730103E-18  0.00000000000000000E+00  0.00000000000000000E+00
  498.000000  4.96884641152862675E-12  9.29002820987710956E-13  2.99990494277281818E-12  1.02698358726375914E-12  1.25216546407950616E-14  4.31465505429282632E-16  1.94035811337497161E-18  0.00000000000000000E+00  0.00000000000000000E+00
  500.000000  5.37216866701550319E-12  1.87295934942120193E-12  2.46801414272689499E-12  1.01817777133248891E-12  1.25938530473573195E-14  4.21690451058567639E-16  1.86003650190880575E-18  0.00000000000000000E+00  0.00000000000000000E+00
  502.000000  3.79424781383254905E-12  9.43986495783080391E-13  2.08463684485430377E-12  7.57155835159346142E-13  8.17192085684612889E-15  2.95433904361229927E-16  1.28327461115833090E-18  0.00000000000000000E+00  0.00000000000000000E+00
  504.000000  6.25705098719906180E-12  3.17174428068383831E-12  2.19048589384727545E-12  8.85858265894118782E-13  8.62434129055572391E-15  3.36812711385865562E-16  1.39277188884320626E-18  0.00000000000000000E+00  0.00000000000000000E+00
  506.000000  1.73175557373829607E-12 -1.27878671996908446E-12  2.15795258994783018E-12  8.44199045604590966E-13  8.07827304179688991E-15  3.11136686260330842E-16  1.24842690230123025E-18  0.00000000000000000E+00  0.00000000000000000E+00
  508.000000  7.08318726315428600E-12  4.18897597342495107E-12  2.04413971780111787E-12  8.41445444181063597E-13  8.32418156903597491E-15  3.00694464903341017E-16  1.25171321409507075E-18  0.00000000000000000E+00  0.00000000000000000E+00
  510.000000  2.39631007174557376E-12 -3.24771151189635865E-13  1.88773231628976049E-12  8.25248569722102943E-13  7.81500405008020530E-15  2.84173518387309266E-16  1.15935487906436955E-18  0.00000000000000000E+00  0.00000000000000000E+00
  512.000000  4.48339134508158399E-12  2.12760190801024280E-12  1.68776112895043276E-12  6.61039775505586230E-13  6.73765909965120207E-15  2.49962033174837818E-16  9.11482495893455709E-19  0.00000000000000000E+00  0.00000000000000000E+00
  514.000000  1.84405857984252503E-12 -0.00000000000000000E+00  1.28861554239501017E-12  5.50238836602669404E-13  5.01351984463058619E-15  1.89941805107662929E-16  7.39195107222174263E-19  0.00000000000000000E+00  0.00000000000000000E+00
  516.000000  3.54656881722937044E-12  1.66228888179830537E-12  1.35060971646112286E-12  5.28555917884304788E-13  4.92071598921006935E-15  1.92849581213725853E-16  7.35515214262879140E-19  0.00000000000000000E+00  0.00000000000000000E+00
  518.000000  3.49569188385272874E-12  1.34015985193091797E-12  1.54955982879512425E-12  6.00061808701490304E-13  5.69766294470599532E-15  2.11920981834693345E-16  8.10498654700480518E-19  0.00000000000000000E+00  0.00000000000000000E+00
  520.000000  3.60195615702091510E-12  2.19460890169513566E-12  9.39039385821476513E-13  4.63584752972259815E-13  4.55939396315400414E-15  1.63168989465274832E-16  5.53579423782098579E-19  0.00000000000000000E+00  0.00000000000000000E+00
  522.000000  2.04146022340932784E-12  3.40234303578457762E-13  1.18550390153118864E-12  5.11015975491863258E-13  4.53742647289386040E-15  1.68076867345467655E-16  5.39467578606982034E-19  0.00000000000000000E+00  0.00000000000000000E+00
  524.000000  4.46040123375361678E-12  2.74277166040893728E-12  1.18924864963043771E-12  5.24314016137743645E-13  3.88956209090050726E-15  1.76723966890696400E-16  6.21518706551985558E-19  0.00000000000000000E+00  0.00000000000000000E+00
  526.000000  4.52258628217125554E-12  2.93648310544260750E-12  1.05259964257593483E-12  5.28998794730469820E-13  4.34893181653218237E-15  1.55260160495514451E-16  5.47445215275028709E-19  0.00000000000000000E+00  0.00000000000000000E+00
  528.000000  4.15789904884221830E-12  2.43670512992218795E-12  1.18571812125677917E-12  5.30989594438958863E-13  4.31035987403184138E-15  1.75199662932863883E-16  6.43687327453667564E-19  0.00000000000000000E+00  0.00000000000000000E+00
  530.000000  1.44745207286314554E-12  1.75371427084138405E-13  8.54935707035175181E-13  4.13766960776639296E-13  3.25396202597522629E-15  1.23553888090522115E-16  4.62053126861367279E-19  0.00000000000000000E+00  0.00000000000000000E+00
  532.000000  4.22057970775567491E-12  2.47376475224940183E-12  1.23688237612470091E-12  5.05589475731776425E-13  4.18987865447515230E-15  1.52713864648411612E-16  5.11130671980567390E-19  0.00000000000000000E+00  0.00000000000000000E+00
  534.000000  1.63502849712827054E-12  3.56057064162367994E-13  9.29086401798679174E-13  3.47016552767620462E-13  2.76268031504156794E-15  1.05434149191298761E-16  3.63935369922033512E-19  0.00000000000000000E+00  0.00000000000000000E+00
  536.000000  3.28073311577591076E-12  2.33173949342235754E-12  6.27776017459865625E-13  3.18442187428023326E-13  2.66983252403084393E-15  1.05199064728278386E-16  3.85876904729298534E-19  0.00000000000000000E+00  0.00000000000000000E+00
  538.000000  3.45732109003552090E-12  1.98776176842419102E-12  1.03341023756144025E-12  4.32705242913362560E-13  3.31019731416631732E-15  1.33214417110087618E-16  4.29405251021270278E-19  0.00000000000000000E+00  0.00000000000000000E+00
  540.000000  4.19815147510248142E-12  3.09487802898359268E-12  7.73719507245898171E-13  3.26768486745854998E-13  2.67927269336895687E-15  1.05863564332667291E-16  3.15869433476449027E-19  0.00000000000000000E+00  0.00000000000000000E+00
  542.000000  2.43104970868971051E-12  1.28381873742119585E-12  8.02386710888247561E-13  3.42088977186730531E-13  2.64878286082493857E-15  1.06168198396773477E-16  3.32134314801479546E-19  0.00000000000000000E+00  0.00000000000000000E+00
  544.000000  2.29988109015249268E-12  1.29331089540406252E-12  6.72637139797202147E-13  3.31266574213428991E-13  2.56405696186609529E-15  1.02063633532224827E-16  3.60142400232902457E-19  0.00000000000000000E+00  0.00000000000000000E+00
  546.000000  1.55951550845159455E-12  6.51419007647392900E-13  6.28154043088557136E-13  2.77725514421098249E-13  2.13565104348684814E-15  8.10720257739875336E-17  2.20225285530093661E-19  0.00000000000000000E+00  0.00000000000000000E+00
  548.000000  2.68333941591063512E-12  1.78111441748385043E-12  6.35693797029598018E-13  2.64750354408064122E-13  1.71076149654242654E-15  6.98662264604884307E-17  2.19266119536144291E-19  0.00000000000000000E+00  0.00000000000000000E+00
  550.000000  1.61086035848047946E-12  8.49855304799870286E-13  5.25257792549919727E-13  2.33857753143714296E-13  1.82557283389864692E-15  6.37131402912042492E-17  2.22012785259972838E-19  0.00000000000000000E+00  0.00000000000000000E+00
  552.000000  2.65351045877205605E-12  1.80721098441911966E-12  5.88532524531226348E-13  2.55996786238645828E-13  1.69228644749104838E-15  7.76251140351878564E-17  2.52021537930576979E-19  0.00000000000000000E+00  0.00000000000000000E+00
  554.000000  2.38825349503224733E-12  1.43710297921739339E-12  6.49690305187863244E-13  2.99396454003623622E-13  1.98233199037555463E-15  8.11352695175835511E-17  2.89363473753258999E-19  0.00000000000000000E+00  0.00000000000000000E+00
  556.000000  1.69720608475838393E-12  8.68498742164008874E-13  5.60905437647589006E-13  2.65751568240289126E-13  1.97752856907529002E-15  7.25652120586311407E-17  2.42925362875614267E-19  0.00000000000000000E+00  0.00000000000000000E+00
  558.000000  1.83229545918099594E-12  9.71953524788638116E-13  6.01396243462969938E-13  2.57036146985120318E-13  1.84198955961225658E-15  6.73412547835298219E-17  2.13129871908095481E-19  0.00000000000000000E+00  0.00000000000000000E+00
  560.000000  2.43590149050890603E-12  1.66418681393905150E-12  5.07821711606401823E-13  2.62132366947431040E-13  1.69613479365431229E-15  6.42538954058003394E-17  2.09326961286150289E-19  0.00000000000000000E+00  0.00000000000000000E+00
  562.000000  2.11853467690082726E-12  1.28171977431027817E-12  5.73076629859884097E-13  2.61889857731667457E-13  1.77973174228264310E-15  6.84747274575937892E-17  2.08529257391697108E-19  0.00000000000000000E+00  0.00000000000000000E+00
  564.000000  2.55705818865415705E-12  1.78734263164045938E-12  5.24411292963954279E-13  2.43587494069055631E-13  1.65302769226052272E-15  6.35415663099685351E-17  2.00722117286155659E-19  0.00000000000000000E+00  0.00000000000000000E+00
  566.000000  2.20779193720287952E-12  1.50003441335794598E-12  4.90636256035828154E-13  2.15629946920204740E-13  1.43588499244163737E-15  5.52905369532438434E-17  1.45359505629068507E-19  0.00000000000000000E+00  0.00000000000000000E+00
  568.000000  3.44295346616666221E-12  2.71917736716449513E-12  5.22434540450585779E-13  2.00043647454158815E-13  1.25088748331247916E-15  4.68938739041245389E-17  1.29740205528914378E-19  0.00000000000000000E+00  0.00000000000000000E+00
  570.000000  8.64221750802443578E-13  2.02841497542315971E-13  4.57978068669760380E-13  2.02049147942541375E-13  1.30459123556650107E-15  4.82886398544317647E-17  1.56772404697658065E-19  0.00000000000000000E+00  0.00000000000000000E+00
  572.000000  1.25268340004286053E-12  7.14936053744531041E-13  3.75022260334742660E-13  1.61778219750785270E-13  9.10906379511540587E-16  3.58683997278790436E-17  9.14335625594654929E-20  0.00000000000000000E+00  0.00000000000000000E+00
  574.000000  9.31293398989206806E-13  3.08547577304949830E-13  4.38716086480475546E-13  1.82798369366864823E-13  1.18643172425609363E-15  4.48001562544618697E-17  1.33956405911896469E-19  0.00000000000000000E+00  0.00000000000000000E+00
  576.000000  1.44283543477158446E-12  7.24970121299163406E-13  5.00035195271074691E-13  2.16439182419114042E-13  1.34247287868748097E-15  4.83228999336263994E-17  1.40003611342414111E-19  0.00000000000000000E+00  0.00000000000000000E+00
  578.000000  2.18062103832119228E-12  1.66860200344542083E-12  3.40564276093840750E-13  1.70282138046920375E-13  1.13380329843031156E-15  3.86885511481922018E-17  1.28885431830542692E-19  0.00000000000000000E+00  0.00000000000000000E+00
  580.000000  1.31797082635065948E-12  8.40084700193722507E-13  3.21594924292909424E-13  1.55259794444982438E-13  9.96651999512663790E-16  3.46504814943108565E-17  1.04938038078586598E-19  0.00000000000000000E+00  0.00000000000000000E+00
  582.000000  1.87905184031715059E-12  1.26883256534669383E-12  4.26248439921154960E-13  1.82766409559216147E-13  1.16205425922515384E-15  4.22510182762356405E-17  1.20212584279708592E-19  0.00000000000000000E+00  0.00000000000000000E+00
  584.000000  1.39971602416370197E-12  9.58176035814295574E-13  3.06084011440677831E-13  1.34535567528613140E-13  8.91044711039464580E-16  2.92792865252969041E-17  8.53825504209210226E-20  0.00000000000000000E+00  0.00000000000000000E+00
  586.000000  1.88097676524340072E-12  1.44712518469614627E-12  2.83060365988019315E-13  1.49800067947061997E-13  9.59313197184572408E-16  3.17419807891954069E-17  9.14341996757508777E-20  0.00000000000000000E+00  0.00000000000000000E+00
  588.000000  1.39504655546365803E-12  1.02531039073494931E-12  2.49582134586796913E-13  1.19415776388024007E-13  7.12670692187739839E-16  2.55003125345916438E-17  8.27491655134592937E-20  0.00000000000000000E+00  0.00000000000000000E+00
  590.000000  1.41622597394518196E-12  9.23634295172487139E-13  3.34477860567977843E-13  1.57157903395042900E-13  9.21054348159460949E-16  3.47804754276574055E-17  7.99860866682225444E-20  0.00000000000000000E+00  0.00000000000000000E+00
  592.000000  4.99624914139934894E-13  1.09400804239258610E-13  2.78630173296861872E-13  1.10789681636827379E-13  7.79991543286035302E-16  2.41921534375935560E-17  7.12702633490426712E-20  0.00000000000000000E+00  0.00000000000000000E+00
  594.000000  1.26804061341761903E-12  8.81129980016505476E-13  2.58143548832960619E-13  1.27888616484329238E-13  8.50814919249259729E-16  2.75858355762761539E-17  6.73289981942313941E-20  0.00000000000000000E+00  0.00000000000000000E+00
  596.000000  1.60298872087286724E-12  1.21972606848400251E-12  2.58152250289938065E-13  1.24419855529840102E-13  6.65785644459748720E-16  2.47118460593531646E-17  4.90785672961837713E-20  0.00000000000000000E+00  0.00000000000000000E+00
  598.000000  8.97000193880864401E-13  4.46518503460279409E-13  3.10469896937225530E-13  1.39209992411810758E-13  7.75868142418507772E-16  2.58560613460338989E-17  7.68677840232719024E-20  0.00000000000000000E+00  0.00000000000000000E+00
  600.000000  1.18118216897026578E-12  7.86642926756904601E-13  2.71286455767727119E-13  1.22583726170125911E-13  6.46459052793999910E-16  2.25261293367272638E-17  7.50933773746553090E-20  0.00000000000000000E+00  0.00000000000000000E+00
  602.000000  1.58957152406185554E-12  1.24440792679067514E-12  2.35094111169261085E-13  1.09482266996587268E-13  5.65976574979598483E-16  2.11796180662757189E-17  6.29122862833536724E-20  0.00000000000000000E+00  0.00000000000000000E+00
  604.000000  1.96317167166630922E-12  1.65127338354457501E-12  2.09967951786917944E-13  1.01313985210742709E-13  5.96025948944922287E-16  2.02684662394034498E-17  5.67088890990300071E-20  0.00000000000000000E+00  0.00000000000000000E+00
  606.000000  1.18984657527622104E-12  8.59772624555055269E-13  2.25690313945702012E-13  1.03777242573246910E-13  5.86423283654952686E-16  1.99109508828594764E-17  5.99676787921249410E-20  0.00000000000000000E+00  0.00000000000000000E+00
  608.000000  9.93305406666802204E-13  6.34668507865735876E-13  2.47917385885053017E-13  1.10097857277134920E-13  6.01305307384556872E-16  2.02970804595057120E-17  5.32510344358113777E-20  0.00000000000000000E+00  0.00000000000000000E+00
  610.000000  1.08683404617608422E-12  7.55005521746264737E-13  2.34124308426125367E-13  9.70980658976566497E-14  5.88651707364544594E-16  1.74468656209852796E-17  5.15330518985420568E-20  0.00000000000000000E+00  0.00000000000000000E+00
  612.000000  1.49731562133260976E-12  1.16917614428269126E-12  2.22874202503887972E-13  1.04700637139377703E-13  5.46133494825040930E-16  1.84534694556031609E-17  5.04423723406118040E-20  0.00000000000000000E+00  0.00000000000000000E+00
  614.000000  1.17520999472425397E-12  8.82622728617993979E-13  2.05025904668554862E-13  8.71130245172447286E-14  4.32988292313667428E-16  1.53055413074848098E-17  4.30868392422731843E-20  0.00000000000000000E+00  0.00000000000000000E+00
  616.000000  9.02350563398146498E-13  5.92254719078309342E-13  2.18393927660126603E-13  9.11517028581460581E-14  5.32962372705738724E-16  1.71987115821213915E-17  5.27172766401520191E-20  0.00000000000000000E+00  0.00000000000000000E+00
  618.000000  9.14982794129339053E-13  5.96106772140285593E-13  2.26334290047014675E-13  9.19774121075831355E-14  5.46889033125834195E-16  1.73887404373559824E-17  4.20608923996597423E-20  0.00000000000000000E+00  0.00000000000000000E+00
  620.000000  1.15723866982337435E-12  7.79962705077302136E-13  2.76549276439668429E-13  1.00190521760981577E-13  5.18850312573431199E-16  1.72654479288743767E-17  5.07849199537712943E-20  0.00000000000000000E+00  0.00000000000000000E+00
  622.000000  1.21832303325615667E-12  8.45387672431717255E-13  2.80223369098459797E-13  9.21694288511979582E-14  5.26349430494710123E-16  1.61784784605697579E-17  3.49658265533205233E-20  0.00000000000000000E+00  0.00000000000000000E+00
  624.000000  5.78267503146946834E-13  3.03868924850095710E-13  1.91817258811622923E-13  8.21395687485414983E-14  4.27732976034871327E-16  1.39824634781047059E-17  3.52971736825333777E-20  0.00000000000000000E+00  0.00000000000000000E+00
  626.000000  5.28198241708976880E-13  2.44655939337927635E-13  2.04517074290298849E-13  7.86052773849396140E-14  4.07847005808541711E-16  1.20707722775321922E-17  3.29177246766409155E-20  0.00000000000000000E+00  0.00000000000000000E+00
  628.000000  1.92856222746393263E-13 -6.15554333385108675E-14  1.80819085431875837E-13  7.31571898173513509E-14  4.22080579475301289E-16  1.32633979033659081E-17  3.68582982775558415E-20  0.00000000000000000E+00  0.00000000000000000E+00
  630.000000  5.06772244278997505E-13  2.47792521928424982E-13  1.92619968217799116E-13  6.60013773007596897E-14  3.46199078202383610E-16  1.21553686587270356E-17  2.23851526408057862E-20  0.00000000000000000E+00  0.00000000000000000E+00
  632.000000  2.79797187493199006E-13  6.23420762652677648E-14  1.51958810896590290E-13  6.51425992224966466E-14  3.42336344848072119E-16  1.13408575511930817E-17  2.39064450396448593E-20  0.00000000000000000E+00  0.00000000000000000E+00
  634.000000  8.70020476882646448E-13  5.64635436191961381E-13  2.18110042626235068E-13  8.68151489891503089E-14  4.46578014769744729E-16  1.32413313094492415E-17  2.97292205895630771E-20  0.00000000000000000E+00  0.00000000000000000E+00
  636.000000  1.10163506859965035E-12  8.83871992504057778E-13  1.46983177324893536E-13  7.04088877957334029E-14  3.58725229763247395E-16  1.22525317651595920E-17  3.32134371201460935E-20  0.00000000000000000E+00  0.00000000000000000E+00
  638.000000  5.82511022650761718E-13  3.17657027260751339E-13  1.89105199041166095E-13  7.53815015862915893E-14  3.55774319472338160E-16  1.14814771015000138E-17  3.89659788488240204E-20  0.00000000000000000E+00  0.00000000000000000E+00
  640.000000  4.44610552160274233E-13  2.55721383174307947E-13  1.39847631423449663E-13  4.87593750632652728E-14  2.73749592412148244E-16  8.38701075861829372E-18  2.58960805587413673E-20  0.00000000000000000E+00  0.00000000000000000E+00
  642.000000  8.77098215088513746E-13  6.43305347745700039E-13  1.74898641418362198E-13  5.86136610787830142E-14  2.71904878731626788E-16  8.63506581260750562E-18  2.49011241976922916E-20  0.00000000000000000E+00  0.00000000000000000E+00
  644.000000  5.78499243594018472E-13  3.56025848173210973E-13  1.62335649522160147E-13  5.98012166853440436E-14  3.26939130596737483E-16  9.56864902615073981E-18  2.14336803747395074E-20  0.00000000000000000E+00  0.00000000000000000E+00
  646.000000  3.66073807893924886E-13  1.62836646638137078E-13  1.50115033619532656E-13  5.28583020923015390E-14  2.55798839895572119E-16  8.00536073131176736E-18  2.13433267141085334E-20  0.00000000000000000E+00  0.00000000000000000E+00
  648.000000  1.24071604572711850E-12  1.04861749687914711E-12  1.41317592352853799E-13  5.04979983543485816E-14  2.75510902776913695E-16  7.43779433540216088E-18  9.44365679433514330E-21  0.00000000000000000E+00  0.00000000000000000E+00
  650.000000  1.88967645536275787E-13 -0.00000000000000000E+00  1.32402739946958010E-13  5.62840441214208823E-14  2.72560434271129162E-16  8.28364552414635410E-18  1.73881015645309630E-20  0.00000000000000000E+00  0.00000000000000000E+00
  652.000000  5.75263598825907768E-13  3.64926151001660529E-13  1.51361414904097841E-13  5.87043843763324669E-14  2.62850541420138584E-16  8.77763566264440228E-18  2.03667341615841360E-20  0.00000000000000000E+00  0.00000000000000000E+00
  654.000000  5.89854936151233522E-13  4.33926285594229211E-13  1.14218577578288701E-13  4.14955049249890165E-14  2.07930821455552410E-16  6.62516874088132977E-18  1.20635301450275005E-20  0.00000000000000000E+00  0.00000000000000000E+00
  656.000000  6.78405268741189223E-13  5.03751146620326220E-13  1.28561490543729113E-13  4.58492254541156394E-14  2.37068556930774328E-16  6.33146316512462365E-18  6.10292221632420816E-21  0.00000000000000000E+00  0.00000000000000000E+00
  658.000000  4.33229787333365255E-13  2.70307990587600306E-13  1.17731800587958731E-13  4.49743397425414080E-14  2.08806488395649204E-16  6.83535128872331538E-18  1.45755804132546904E-20  0.00000000000000000E+00  0.00000000000000000E+00
  660.000000  6.76017290857669016E-13  4.41924758495932404E-13  1.78469614007972672E-13  5.53733847033665314E-14  2.42108132028405338E-16  7.41188694228631064E-18  1.36314267170762265E-20  0.00000000000000000E+00  0.00000000000000000E+00
  662.000000  7.34088191543452421E-13  5.47208798085163176E-13  1.34664665153770665E-13  5.19688043103340991E-14  2.38685249351693654E-16  7.22040818191188525E-18  1.83366509706045272E-20  0.00000000000000000E+00  0.00000000000000000E+00
  664.000000  9.39794252044926392E-13  7.56965261545542470E-13  1.36554812807221423E-13  4.60670886709401028E-14  1.99834582710801603E-16  7.24154260623810098E-18  1.28959054738297632E-20  0.00000000000000000E+00  0.00000000000000000E+00
  666.000000  4.86546715824310142E-13  2.76920785730623456E-13  1.54686220154215435E-13  5.46607556794944036E-14  2.71156708477895401E-16  7.78040500722960483E-18  1.71464917844249123E-20  0.00000000000000000E+00  0.00000000000000000E+00
  668.000000  7.06413862098530156E-13  4.87526324096073589E-13  1.65410717104024995E-13  5.32551774228830458E-14  2.14670055863313657E-16  6.95751496029768196E-18  1.59047248890517093E-20  0.00000000000000000E+00  0.00000000000000000E+00
  670.000000  7.90324310332446183E-13  5.95546445134917126E-13  1.46697102294262687E-13  4.78612980666216169E-14  2.12950596601259700E-16  6.50227641410733664E-18  1.19636293884372195E-20  0.00000000000000000E+00  0.00000000000000000E+00
  672.000000  4.08581137550307376E-13  2.46691221830965184E-13  1.20317035647468527E-13  4.14020005388743225E-14  1.65221901828360550E-16  5.64631397623363993E-18  1.13171946959290233E-20  0.00000000000000000E+00  0.00000000000000000E+00
  674.000000  4.22163345012773400E-13  2.48161807080152493E-13  1.29620229590972494E-13  4.41761252558976719E-14  1.99407623585120482E-16  5.76449640916633508E-18  1.09657565632696170E-20  0.00000000000000000E+00  0.00000000000000000E+00
  676.000000  3.84476691612594987E-13  2.49636762567821675E-13  9.30565610464871099E-14  4.16177359470629092E-14  1.60188559354297118E-16  5.43102135284274298E-18  1.24705161361006228E-20  0.00000000000000000E+00  0.00000000000000000E+00
  678.000000  5.98471758038526424E-13  4.30484722789667785E-13  1.27800152078182622E-13  4.00076133972819564E-14  1.74001479157467708E-16  5.26007224153768445E-18  8.22199506599920171E-21  0.00000000000000000E+00  0.00000000000000000E+00
  680.000000  7.16679943974689800E-13  5.41285251982727183E-13  1.44060814459986219E-13  3.11873338544735319E-14  1.42267432638587539E-16  4.26195751350630873E-18  1.42873508699956560E-20  0.00000000000000000E+00  0.00000000000000000E+00
  682.000000  3.60198719201356258E-14 -1.08894793055023381E-13  1.05208250581806425E-13  3.95239890157392641E-14  1.76891451680237230E-16  5.52677609243109101E-18  7.14984062163079601E-21  0.00000000000000000E+00  0.00000000000000000E+00
  684.000000  4.25063645108243229E-13  2.92091756460935221E-13  1.02973753986716423E-13  2.98795034075028962E-14  1.14349046733106527E-16  4.26980872583653658E-18  1.23976297714024670E-20  0.00000000000000000E+00  0.00000000000000000E+00
  686.000000  3.34859853831229394E-13  2.20351794500054947E-13  8.49272541302295125E-14  2.94447954564689292E-14  1.32495695526394501E-16  3.50349194901523940E-18  1.05570006139510586E-20  0.00000000000000000E+00  0.00000000000000000E+00
  688.000000  8.05289281322154125E-13  6.64915552719321745E-13  1.05336014211177263E-13  3.48835362130850815E-14  1.50249525300550840E-16  3.91806902509276453E-18  1.05842443760641669E-20  0.00000000000000000E+00  0.00000000000000000E+00
  690.000000  4.54469885402711594E-13  3.34393479847287769E-13  8.59205469052058895E-14  3.39981218117305423E-14  1.53852726565140985E-16  3.87665819110259279E-18  7.45373110787268676E-21  0.00000000000000000E+00  0.00000000000000000E+00
  692.000000  4.87960479082701621E-13  3.55020069002571881E-13  9.98493944069733351E-14  3.29546795137050140E-14  1.32578263201419169E-16  3.75215195502000272E-18  5.74429499388906316E-21  0.00000000000000000E+00  0.00000000000000000E+00
  694.000000  5.56592337510460412E-13  3.94662034032800540E-13  1.27736595836509096E-13  3.40630922230690956E-14  1.26678433034253539E-16  3.92845628759131958E-18  8.52875984810672380E-21  0.00000000000000000E+00  0.00000000000000000E+00
  696.000000  6.77393298785982488E-13  5.10351455367686642E-13  1.32017998003099500E-13  3.48688476269372142E-14  1.51132181019348021E-16  3.85536679574344771E-18  1.02404439710484709E-20  0.00000000000000000E+00  0.00000000000000000E+00
  698.000000  5.09330211974025346E-13  3.80213869531419576E-13  1.04261772035568954E-13  2.47287536238208410E-14  1.23247808698396226E-16  2.56313017869016825E-18  5.84433888996192308E-21  0.00000000000000000E+00  0.00000000000000000E+00
  700.000000  4.13901602447585324E-13  2.48557313662772055E-13  1.32344819654576904E-13  3.28434731620204320E-14  1.52217898328988036E-16  3.77217030627807897E-18  5.89958069580228444E-21  0.00000000000000000E+00  0.00000000000000000E+00
  702.000000  7.74698057809227083E-13  6.34563778222113886E-13  1.07262911375612979E-13  3.27309619271172042E-14  1.36914489289668172E-16  3.48658816986313465E-18  5.20692343846413884E-21  0.00000000000000000E+00  0.00000000000000000E+00
  704.000000  2.86570273170750374E-13  1.74050366423013367E-13  8.61186708863868351E-14  2.62888574284759837E-14  1.09109027413108342E-16  3.26326547293895488E-18  6.13998805156137109E-21  0.00000000000000000E+00  0.00000000000000000E+00
  706.000000 -1.17967890078868940E-13 -2.33387591572026482E-13  8.87359072122809116E-14  2.65523968927159032E-14  1.28166537107046692E-16  3.22502990441211882E-18  5.82114927171574395E-21  0.00000000000000000E+00  0.00000000000000000E+00
  708.000000  1.93624561713978787E-13  3.91186289720111920E-14  1.23468172692910356E-13  3.09052449593330674E-14  1.29005640969481230E-16  3.50039254094551952E-18  9.05621372389907278E-21  0.00000000000000000E+00  0.00000000000000000E+00
  710.000000  4.24943493081636755E-14 -3.93399503351344500E-14  6.26980458466205866E-14  1.90360794834561881E-14  9.79206756350526993E-17  2.25105001459891226E-18  2.58757173308997745E-21  0.00000000000000000E+00  0.00000000000000000E+00
  712.000000  6.63230761858763297E-13  5.53866544252572469E-13  8.39144903820164248E-14  2.53443396365574461E-14  1.02736513955235827E-16  2.64516811717971365E-18  5.90554452141897475E-21  0.00000000000000000E+00  0.00000000000000000E+00
  714.000000  3.11130927370686597E-13  1.79030097093286977E-13  1.04278815234023934E-13  2.77209145564366871E-14  9.82493159872831938E-17  2.84619959243426945E-18  4.97135929937957873E-21  0.00000000000000000E+00  0.00000000000000000E+00
  716.000000 -1.32659996270888966E-13 -2.40045962059218922E-13  8.47037183828754020E-14  2.25629139142576351E-14  1.16828399630439802E-16  2.50208602041637298E-18  3.00554597229036525E-21  0.00000000000000000E+00  0.00000000000000000E+00
  718.000000  6.68900227180249717E-14 -6.03472184781884207E-14  1.03093164900238653E-13  2.40249505855548523E-14  1.16388503553762273E-16  2.73370063563723832E-18  3.50623053446053925E-21  0.00000000000000000E+00  0.00000000000000000E+00
  720.000000  4.22329891543259455E-13  3.03419414606234583E-13  9.70310002959520872E-14  2.17885165566846826E-14  8.87766613017967003E-17  2.17685601342342920E-18  6.56707284105271669E-21  0.00000000000000000E+00  0.00000000000000000E+00
  722.000000  3.37669839396556489E-13  2.23745440761260309E-13  9.26445965652093496E-14  2.11946364783615712E-14  8.29273361946788955E-17  2.23261242108919867E-18  5.64310946834293225E-21  0.00000000000000000E+00  0.00000000000000000E+00
  724.000000  4.38548759504186613E-13  3.27253446647402562E-13  8.98029477616407352E-14  2.13921167821879925E-14  9.82508427359441826E-17  1.99325153704175017E-18  4.21868240007850814E-21  0.00000000000000000E+00  0.00000000000000000E+00
  726.000000  4.62785362279830652E-14 -8.22659935046274751E-14  1.04117898029294080E-13  2.43423789374043995E-14  8.15343224999275493E-17  2.71466437900062502E-18  3.77903306792333919E-21  0.00000000000000000E+00  0.00000000000000000E+00
  728.000000  5.47182650121989160E-14 -6.20399054902278447E-14  9.56448542974346465E-14  2.10434835679744263E-14  6.80407441270466270E-17  1.78730215551118888E-18  4.59073518021335918E-21  0.00000000000000000E+00  0.00000000000000000E+00
  730.000000  1.47445906766078714E-13  4.15875015544399359E-14  8.57742219560323331E-14  2.00018012847281868E-14  8.04918617293699536E-17  1.88451397757309389E-18  5.59517132382569720E-21  0.00000000000000000E+00  0.00000000000000000E+00
  732.000000  3.42457769294461458E-13  2.29986297393477551E-13  9.34319333161002612E-14  1.89477347284399138E-14  8.97865553043390905E-17  2.01324367219297993E-18  4.05746721403215148E-21  0.00000000000000000E+00  0.00000000000000000E+00
  734.000000 -2.01815433468795247E-13 -3.15333777267740174E-13  9.39431878110142799E-14  1.95030656513250788E-14  7.03898679089251137E-17  1.69534127173126734E-18  5.12742499586562780E-21  0.00000000000000000E+00  0.00000000000000000E+00
  736.000000  4.16027854809500274E-13  2.95917588092019572E-13  1.01721670906631739E-13  1.83193958866955510E-14  6.72866895574271011E-17  1.91058015117282398E-18  2.65444477682688865E-21  0.00000000000000000E+00  0.00000000000000000E+00
  738.000000  4.46145975810654288E-13  3.61284025466765289E-13  6.80728172984254476E-14  1.67172726627688094E-14  7.01255084831578766E-17  1.73160350607797714E-18  3.27070546108478581E-21  0.00000000000000000E+00  0.00000000000000000E+00
  740.000000  4.36670663485416189E-13  3.20510168669703008E-13  9.68207801189727921E-14  1.92598232865973905E-14  7.80050230450708561E-17  1.88300722590349508E-18  3.37987200419076249E-21  0.00000000000000000E+00  0.00000000000000000E+00
  742.000000  3.35312557965660613E-14 -8.59319992712278914E-14  1.00533725709893524E-13  1.88710530626146123E-14  5.67306771235537401E-17  1.74338246893550031E-18  2.23569329241649387E-21  0.00000000000000000E+00  0.00000000000000000E+00
  744.000000  1.28225833108236070E-13  4.31979344350505930E-14  6.73280306233796378E-14  1.76440782006444415E-14  5.42561337003342039E-17  1.53103898545753700E-18  2.67647563801200394E-21  0.00000000000000000E+00  0.00000000000000000E+00
  746.000000  9.14759298915280845E-14 -0.00000000000000000E+00  7.56640629890804329E-14  1.57456745429910940E-14  6.46129321524255736E-17  1.57616983430721630E-18  3.25746981837580259E-21  0.00000000000000000E+00  0.00000000000000000E+00
  748.000000  2.56652335519660202E-13  1.52822869476456620E-13  8.49394966509770102E-14  1.88150365950018116E-14  7.35586980901883511E-17  1.37024676424016995E-18  3.85237033493782259E-21  0.00000000000000000E+00  0.00000000000000000E+00
  750.000000  2.04563180113731045E-13  1.09743711880148535E-13  7.92212420134822067E-14  1.55505982361421391E-14  4.60712260910428792E-17  1.55288918020410881E-18  3.86868693792581025E-21  0.00000000000000000E+00  0.00000000000000000E+00
  752.000000  3.37263260070018751E-13  2.20659584153143160E-13  9.87796419685554848E-14  1.77669753060807149E-14  5.55028584674754129E-17  1.55329089692152769E-18  2.49287503767544206E-21  0.00000000000000000E+00  0.00000000000000000E+00
  754.000000  2.78564708564120226E-15 -8.87339464579619783E-14  7.46959588347297039E-14  1.67459327666026851E-14  7.59388210322509932E-17  1.76089157455251888E-18  2.22966398063415287E-21  0.00000000000000000E+00  0.00000000000000000E+00
  756.000000  1.83709105235502329E-13  8.92053078942330055E-14  7.84031026414157172E-14  1.60399680820562951E-14  5.95084313125762593E-17  1.21461376679473187E-18  3.57271795876881149E-21  0.00000000000000000E+00  0.00000000000000000E+00
  758.000000  2.33062218547666580E-13  1.56936356447622963E-13  6.15659925126556595E-14  1.45157372104874466E-14  4.29435010535445570E-17  1.18730709130179020E-18  1.56875564629111204E-21  0.00000000000000000E+00  0.00000000000000000E+00
  760.000000  1.42330458390759274E-13  4.50758883427369442E-14  8.17000476212106388E-14  1.54948366178158135E-14  5.83450789005085594E-17  1.33866437475494517E-18  2.06572063854203175E-21  0.00000000000000000E+00  0.00000000000000000E+00
  762.000000  8.16644284888934667E-14 -1.13283605050554649E-14  7.80594841051477770E-14  1.48905988669967257E-14  4.14100702437186973E-17  1.29372708366431348E-18  2.22447701751979703E-21  0.00000000000000000E+00  0.00000000000000000E+00
  764.000000  2.39091236814803497E-13  1.59430670061214648E-13  6.29893495554352488E-14  1.66036544643829158E-14  6.64001953093846463E-17  1.16036078959552913E-18  2.17767169906377530E-21  0.00000000000000000E+00  0.00000000000000000E+00
  766.000000  4.87762868167146421E-13  4.12113801010869912E-13  6.16203144306617490E-14  1.39853072120387966E-14  4.23154060765937092E-17  1.12823342278843672E-18  1.87407659273444473E-21  0.00000000000000000E+00  0.00000000000000000E+00
  768.000000  2.16182181914673439E-13  1.49597009156970235E-13  5.37614251657861670E-14  1.27773286817514384E-14  4.55216916878856154E-17  8.95783048221712341E-19  1.43542953222142513E-21  0.00000000000000000E+00  0.00000000000000000E+00
  770.000000  2.28001499339630572E-13  1.38809699783978754E-13  7.71767471455194335E-14  1.19741440243341046E-14  3.98792477225528657E-17  1.02766284112145664E-18  1.47523461407738026E-21  0.00000000000000000E+00  0.00000000000000000E+00
  772.000000  2.11460998649896631E-13  1.27904081812082225E-13  7.00383857081785637E-14  1.34671733868190297E-14  5.03218150800556910E-17  1.03300828251464039E-18  2.91945421695929752E-21  0.00000000000000000E+00  0.00000000000000000E+00
  774.000000  2.42428998440809011E-13  1.51943593101876309E-13  7.51499862517092483E-14  1.52833887592707591E-14  5.09395761105152026E-17  1.08904940310124296E-18  1.70243907929535899E-21  0.00000000000000000E+00  0.00000000000000000E+00
  776.000000  4.09272219530201359E-13  3.40705040694945617E-13  5.69065531333152743E-14  1.16222456298484613E-14  3.75340523005540728E-17  8.43990980135126801E-19  2.02881132052145523E-21  0.00000000000000000E+00  0.00000000000000000E+00
  778.000000  3.49037321758026205E-13  2.71608994975691953E-13  6.52267525298281982E-14  1.21550560761030625E-14  4.56337160708180210E-17  8.82133123546283923E-19  2.32720859858616658E-21  0.00000000000000000E+00  0.00000000000000000E+00
  780.000000  3.48283676663559275E-13  2.73007237170007882E-13  6.41715380847980353E-14  1.10700539868103563E-14  3.39826387315983823E-17  8.62619342802742509E-19  2.16386863261253323E-21  0.00000000000000000E+00  0.00000000000000000E+00
  782.000000  4.56226019226978362E-13  3.81786531065150274E-13  6.32893199690520120E-14  1.11035938752773512E-14  4.57400636339755084E-17  8.32203194459885548E-19  2.05067026930738496E-21  0.00000000000000000E+00  0.00000000000000000E+00
  784.000000  4.01182432709172150E-13  3.23782228653141930E-13  6.59556391700844696E-14  1.14122461596674919E-14  3.14844087488421588E-17  8.31998088077830379E-19  2.31944135165111285E-21  0.00000000000000000E+00  0.00000000000000000E+00
  786.000000  3.21060941701615437E-13  2.41063915465629269E-13  6.90233789204321282E-14  1.09290940190349986E-14  4.38584980706743527E-17  6.93640739864304917E-19  1.15770844715799189E-21  0.00000000000000000E+00  0.00000000000000000E+00
  788.000000  3.93460109123192756E-13  3.14979944030645463E-13  6.65357273598388695E-14  1.18957457077379043E-14  4.78946010141754411E-17  7.96462201764496361E-19  9.61754594564143454E-22  0.00000000000000000E+00  0.00000000000000000E+00
  790.000000  3.96997820548943882E-13  3.16580856034563162E-13  6.82056712069656832E-14  1.21642959631669957E-14  4.60710725900624131E-17  9.24614783864831649E-19  1.65687411923874896E-21  0.00000000000000000E+00  0.00000000000000000E+00
  792.000000  3.44830587841117533E-13  2.69234160560598853E-13  6.53007569825600203E-14  1.02659865021996803E-14  2.89148691692735341E-17  7.67002647111279494E-19  1.92394261408244671E-21  0.00000000000000000E+00  0.00000000000000000E+00
  794.000000  2.77050778623090270E-13  2.09096635489572650E-13  5.80396911009659381E-14  9.87947970416897390E-15  3.43044006397727090E-17  6.66594210158004221E-19  1.33353278875914282E-21  0.00000000000000000E+00  0.00000000000000000E+00
  796.000000  3.27623868851903343E-13  2.59598721187501429E-13  5.80427200274138258E-14  9.95345729255463800E-15  2.83234881288879173E-17  6.45457221667685058E-19  1.39908283990183653E-21  0.00000000000000000E+00  0.00000000000000000E+00
  798.000000  4.35879120930502169E-13  3.60297210009538956E-13  6.43526536196994348E-14  1.11864906933187946E-14  4.20028952724790781E-17  7.62931644119738536E-19  7.81028360502340923E-22  0.00000000000000000E+00  0.00000000000000000E+00
  800.000000  1.82085901045723321E-13  1.24863956628080077E-13  4.94578328206535874E-14  7.72473794178600766E-15  3.87782549628584610E-17  5.94095309843807936E-19  1.30493094986554055E-21  0.00000000000000000E+00  0.00000000000000000E+00
  802.000000  2.70483160661597230E-13  2.00782490897519033E-13  5.99014169621016260E-14  9.76094079589074176E-15  3.76679235756362145E-17  6.42321869947926910E-19  1.76064021251334430E-21  0.00000000000000000E+00  0.00000000000000000E+00
  804.000000  3.15264814794233354E-13  2.39619863807225434E-13  6.53240007007362237E-14  1.02900080289338447E-14  3.02547538861262500E-17  6.86309637697109525E-19  1.19381401490720441E-21  0.00000000000000000E+00  0.00000000000000000E+00
  806.000000  3.22847961194067825E-13  2.53487879150123207E-13  5.93122029730171101E-14  1.00070776510192688E-14  4.00933883257369312E-17  7.06348320857778834E-19  1.68326160132972260E-21  0.00000000000000000E+00  0.00000000000000000E+00
  808.000000  2.01236864973913883E-13  1.27373722156304486E-13  6.56273201266272047E-14  8.20963443585556308E-15  2.56733285691594659E-17  5.14172633471233969E-19  7.53923981204233966E-22  0.00000000000000000E+00  0.00000000000000000E+00
  810.000000  2.81855933944711135E-13  2.17608611412908930E-13  5.63022280447921534E-14  7.91281313329338967E-15  3.18127823628841086E-17  4.67986506663325949E-19  5.84847154852195285E-22  0.00000000000000000E+00  0.00000000000000000E+00
  812.000000  2.38596377020908200E-13  1.67229360632312985E-13  6.16557768917812550E-14  9.68553463397786285E-15  2.51368713331669517E-17  5.66526531426724323E-19  1.46497150272847520E-21  0.00000000000000000E+00  0.00000000000000000E+00
  814.000000  3.30686978666807744E-13  2.71472112863238475E-13  5.14059916098915153E-14  7.77654489972818520E-15  3.17332503232490867E-17  5.94651707871199559E-19  1.39191843108005006E-21  0.00000000000000000E+00  0.00000000000000000E+00
  816.000000  2.73065072123169380E-13  2.07853536761367260E-13  5.52618411946115618E-14  9.92074375899592411E-15  2.82531971087633437E-17  6.96205762179808118E-19  1.00532370970263511E-21  0.00000000000000000E+00  0.00000000000000000E+00
  818.000000  3.03640452234297143E-13  2.48037489403334597E-13  4.89037730957643763E-14  6.68028600161119186E-15  1.84444397650789072E-17  4.58017986699273161E-19  1.27583516880587666E-21  0.00000000000000000E+00  0.00000000000000000E+00
  820.000000  3.37647660964374073E-13  2.75488908307990977E-13  5.47288233022571373E-14  7.39838376803686702E-15  3.10861980310294998E-17  4.58794312674981425E-19  5.93745427589309774E-22  0.00000000000000000E+00  0.00000000000000000E+00
  822.000000  3.45637496189961872E-13  2.76834395480631432E-13  6.09179854638368559E-14  7.85291021406181088E-15  3.17817575261722846E-17  4.22730062032255973E-19  5.43843538469594864E-22  0.00000000000000000E+00  0.00000000000000000E+00
  824.000000  1.52684393117262290E-13  9.27277201107111439E-14  5.23663240803792726E-14  7.56129358324646278E-15  2.85477591269601353E-17  5.06411633202070390E-19  1.17216526177946010E-21  0.00000000000000000E+00  0.00000000000000000E+00
  826.000000  4.56825702078324636E-13  3.86024803952971645E-13  6.28122256432098272E-14  7.96202156590770247E-15  2.62142451109684394E-17  4.35780088595623931E-19  8.91035897468436392E-22  0.00000000000000000E+00  0.00000000000000000E+00
  828.000000  5.41141035400897472E-13  4.68150871786202866E-13  6.51022306077688449E-14  7.85694055188060745E-15  3.05253447446655143E-17  4.65996239115571257E-19  1.11406138230285846E-21  0.00000000000000000E+00  0.00000000000000000E+00
  830.000000  4.50379005920683542E-13  3.89772595611163595E-13  5.26592016969284801E-14  7.91463076352140452E-15  3.21117859924207103E-17  4.65245976327171045E-19  8.17101310939870561E-22  0.00000000000000000E+00  0.00000000000000000E+00
  832.000000  3.55381773750771696E-13  2.97116282075649161E-13  5.16471662201812062E-14  6.59437770942048079E-15  2.35117900557560326E-17  4.35492961523007807E-19  4.62503541764838190E-22  0.00000000000000000E+00  0.00000000000000000E+00
  834.000000  1.68329073258076145E-13  1.08562342770501084E-13  5.23728489537378265E-14  7.37155800367324539E-15  2.18907836432817663E-17  4.32432759580605823E-19  3.13761106316596708E-22  0.00000000000000000E+00  0.00000000000000000E+00
  836.000000  1.14537979839479776E-13  5.45418248947116626E-14  5.17188593484033500E-14  8.24585572901616367E-15  3.09425049631515513E-17  4.96480424442246432E-19  8.81961000882734990E-22  0.00000000000000000E+00  0.00000000000000000E+00
  838.000000  1.38381987430429711E-13  8.22046540859338630E-14  4.92371626035541464E-14  6.91728615924931753E-15  2.24671209177594636E-17  4.16991626149713753E-19  4.69148475885263039E-22  0.00000000000000000E+00  0.00000000000000000E+00
  840.000000  1.46454720581389710E-13  8.94806329185978918E-14  4.97951118284985811E-14  7.15871950558193696E-15  1.98536047027513987E-17  4.02266064867080303E-19  4.57943683212360596E-22  0.00000000000000000E+00  0.00000000000000000E+00
  842.000000  2.51706177141883281E-13  1.86730418278554274E-13  5.87314712583300221E-14  6.22029496652736235E-15  2.36153871976486346E-17  3.76668064024777301E-19  5.83209919797255532E-22  0.00000000000000000E+00  0.00000000000000000E+00
  844.000000  8.82140570177621488E-14  2.08465057988953158E-14  6.00965674983779319E-14  7.25081101761707661E-15  1.97813732813843224E-17  3.90367343335526071E-19  9.62247088232775850E-22  0.00000000000000000E+00  0.00000000000000000E+00
  846.000000  1.21280828784184024E-13  6.28362643936098898E-14  5.07817379778218780E-14  7.63976066113713984E-15  2.26451169334694796E-17  4.19893468573042944E-19  7.41213066767896333E-22  0.00000000000000000E+00  0.00000000000000000E+00
  848.000000  1.36637623104815347E-13  7.71634279170209433E-14  5.26662316962053435E-14  6.78536712995465527E-15  2.22171214808053561E-17  3.78396848466742829E-19  8.43305141897196431E-22  0.00000000000000000E+00  0.00000000000000000E+00
  850.000000  2.08465896277253686E-13  1.48007686089026947E-13  5.28048255057205466E-14  7.62269867669258394E-15  3.03172460331033983E-17  3.68158692110921638E-19  6.01088371952635801E-22  0.00000000000000000E+00  0.00000000000000000E+00
  852.000000  4.99771872145791912E-14 -7.08119106032420606E-15  5.12833133821917176E-14  5.75001012369099390E-15  2.46928931351427670E-17  3.61240768358408198E-19  6.35117192000445292E-22  0.00000000000000000E+00  0.00000000000000000E+00
  854.000000  1.54248961827124045E-13  1.06717126631443205E-13  4.20198686111307568E-14  5.49912797713458923E-15  1.25757976666374194E-17  2.62437509473301607E-19  3.72239377663309769E-22  0.00000000000000000E+00  0.00000000000000000E+00
  856.000000  1.52330703906642129E-13  9.29218835632677570E-14  5.31620391539849195E-14  6.21945599871330971E-15  2.69498580541888808E-17  3.74599448181130289E-19  7.33173764362921915E-22  0.00000000000000000E+00  0.00000000000000000E+00
  858.000000  5.37971299910626676E-14  7.18127732555889878E-15  4.09557222473281045E-14  5.63842477514585540E-15  2.14292686001527771E-17  2.76030672509658089E-19  3.43757154222490573E-22  0.00000000000000000E+00  0.00000000000000000E+00
  860.000000  8.39014285338427317E-14  2.88591819756650154E-14  4.84462244298517172E-14  6.58068260870877097E-15  1.50357550173573436E-17  3.03336165638040150E-19  4.28434238882600829E-22  0.00000000000000000E+00  0.00000000000000000E+00
  862.000000  9.70817346724201683E-14  4.34903502134789629E-14  4.76241986061664292E-14  5.94948557200994144E-15  1.73955704867394514E-17  3.03992605894398114E-19  7.17672186759375568E-22  0.00000000000000000E+00  0.00000000000000000E+00
  864.000000  1.27903523736955568E-13  8.01027254560459190E-14  4.22701171973310599E-14  5.50777351435614052E-15  2.26033250356210780E-17  3.03614445472327828E-19  6.29741370032262225E-22  0.00000000000000000E+00  0.00000000000000000E+00
  866.000000  4.07215701780826076E-14 -0.00000000000000000E+00  3.61504299691971029E-14  4.55452551489390323E-15  1.63294530753817106E-17  2.84799563123763103E-19  4.41353090916694433E-22  0.00000000000000000E+00  0.00000000000000000E+00
  868.000000  1.40111864447255041E-13  9.55454313719695280E-14  3.89014601890080240E-14  5.64501816211343400E-15  1.97027798862902058E-17  2.51454012244987996E-19  4.90265505962741326E-22  0.00000000000000000E+00  0.00000000000000000E+00
  870.000000  1.09422696412286070E-13  6.64520124176675442E-14  3.83022016018500425E-14  4.65077560865837342E-15  1.74154111768930506E-17  2.90737289212952858E-19  6.35643996490594386E-22  0.00000000000000000E+00  0.00000000000000000E+00
  872.000000 -5.32331569061075256E-14 -1.03845606808875382E-13  4.51427051920278564E-14  5.45088024021196445E-15  1.86433176820476405E-17  2.20617898011330240E-19  5.34947973360858774E-22  0.00000000000000000E+00  0.00000000000000000E+00
  874.000000  1.62558559709748586E-13  1.11774116874880460E-13  4.57866369385903523E-14  4.98471810281856197E-15  1.28377241855921140E-17  2.49390469492456808E-19  6.78804132269338028E-22  0.00000000000000000E+00  0.00000000000000000E+00
  876.000000  2.09684103212819901E-13  1.57200755875782874E-13  4.69906277329581615E-14  5.47541695270467735E-15  1.69889585765381883E-17  3.13054891828543077E-19  6.37905812451267043E-22  0.00000000000000000E+00  0.00000000000000000E+00
  878.000000  1.30984420036121121E-13  8.27196788870382621E-14  4.28285837419395612E-14  5.41966646117136360E-15  1.61952725190816524E-17  2.95156286776687319E-19  5.17166074688354359E-22  0.00000000000000000E+00  0.00000000000000000E+00
  880.000000  2.05449178186261073E-13  1.51085387519976915E-13  4.86306091079925724E-14  5.71734254531162714E-15  1.55198905975775851E-17  3.18847119920205071E-19  2.75262435279744575E-22  0.00000000000000000E+00  0.00000000000000000E+00
  882.000000  6.28890098979364558E-14  2.27659379521740262E-14  3.57199937921480692E-14  4.38348056598663532E-15  1.94098935406146881E-17  1.87090259501695359E-19  6.03827593161683965E-22  0.00000000000000000E+00  0.00000000000000000E+00
  884.000000  9.85123496322191315E-14  6.09848050567206093E-14  3.28150660022002507E-14  4.69371577005155605E-15  1.85420209523637184E-17  2.20540909129424121E-19  2.41385234045854393E-22  0.00000000000000000E+00  0.00000000000000000E+00
  886.000000  8.04273033770101230E-14  3.82881666004751362E-14  3.82582539703185133E-14  3.86246836897371181E-15  1.81714116179718481E-17  2.42535764304727022E-19  4.89860483141641255E-22  0.00000000000000000E+00  0.00000000000000000E+00
  888.000000  1.60683019974244375E-13  1.23075904769165961E-13  3.33831372555037568E-14  4.21420792086804822E-15  9.56784181566147231E-18  2.01794440249089786E-19  3.92450712861951464E-22  0.00000000000000000E+00  0.00000000000000000E+00
  890.000000  5.91139877989982933E-14  1.54538656320472262E-14  3.86648474114306521E-14  4.97836320837068128E-15  1.67183674109969795E-17  1.92600889027170796E-19  5.78849723924788887E-22  0.00000000000000000E+00  0.00000000000000000E+00
  892.000000  1.76037548107899170E-13  1.31948893607103111E-13  3.95361574594812659E-14  4.53460625002581747E-15  1.77040529971845780E-17  1.86470154206587977E-19  2.68137590424896210E-22  0.00000000000000000E+00  0.00000000000000000E+00
  894.000000  1.07006089098207257E-13  5.45758113029063649E-14  4.77233796381999343E-14  4.68630187736312366E-15  2.03766156435850577E-17  2.19488466433150104E-19  1.75627804745660289E-22  0.00000000000000000E+00  0.00000000000000000E+00
  896.000000  2.98852210254475625E-14 -1.56629347194263607E-14  4.11152036384942079E-14  4.41858424518973774E-15  1.41587297889483098E-17  2.08568424562325837E-19  5.62976474713404850E-22  0.00000000000000000E+00  0.00000000000000000E+00
  898.000000  1.62830733788132969E-13  1.25863492600887881E-13  3.32788482633695281E-14  3.67396333840177218E-15  1.42238844615986018E-17  2.05427194743469367E-19  2.73817453763807669E-22  0.00000000000000000E+00  0.00000000000000000E+00
  900.000000  1.31877278965021535E-13  8.69170198090776028E-14  4.01559100751455840E-14  4.79185629451679548E-15  1.23167791260751660E-17  1.75612535050293573E-19  3.94620440499161622E-22  0.00000000000000000E+00  0.00000000000000000E+00
