# Wavelength | Total | n= 1 | ...
  300.000000 -4.98793534798587114E-13 -2.24755121930544183E-12  1.12377560965272092E-12  5.75934999947019454E-13  4.65313338371829758E-14  2.42122064335577703E-15  9.21675705243434887E-17  2.29079281390446777E-18  6.20632373284607716E-20
  302.000000  4.76569143770484414E-14 -1.25269015303381563E-12  8.54106922523056047E-13  4.09259567042297710E-13  3.49205174052395315E-14  1.97401013994586509E-15  8.40605110210222122E-17  1.94810777317775966E-18  4.16815306434483642E-20
  304.000000 -5.14761132988981644E-14 -2.42327975730553680E-12  1.61551983820369106E-12  6.95971716011857987E-13  5.67956193118485124E-14  3.39477784081237400E-15  1.18192148633055302E-16  3.43213932541286010E-18  6.83504700326458887E-20
  306.000000 -2.64811197400916924E-13 -2.22143467413711292E-12  1.25686435510389284E-12  6.43046879355480120E-13  5.36633581848500808E-14  2.93293087951773694E-15  1.13062344579949272E-16  2.82934614764912494E-18  6.15217277332880093E-20
  308.000000  4.35849212998807901E-14 -2.13211698868191375E-12  1.51024953364968901E-12  6.10762679049506556E-13  5.15909384197121123E-14  3.00031382345579111E-15  9.55672249489306976E-17  2.81703034534746941E-18  6.07841369159796293E-20
  310.000000 -1.23857825145283815E-13 -2.27989098407211392E-12  1.34993545109533072E-12  7.46214318799918893E-13  5.67160380494913256E-14  3.05405318525799086E-15  1.10544640923232139E-16  2.70353741388339463E-18  4.96184942032170668E-20
  312.000000 -8.44740978534852194E-13 -3.16023681844099539E-12  1.51934462425047855E-12  7.36882142761482123E-13  5.60258330192363934E-14  3.12326214262427458E-15  1.16612296447447315E-16  3.30362867669209604E-18  6.18071976930470272E-20
  314.000000 -4.47644626871261263E-13 -3.07777166692554580E-12  1.69277441680905017E-12  8.73317710490123627E-13  6.03531787811181268E-14  3.56167912627614431E-15  1.16938040933908233E-16  3.05259946213013414E-18  6.42073204174006635E-20
  316.000000 -2.15940258958729521E-13 -2.99241966073285514E-12  1.83909124982540058E-12  8.68892687947170166E-13  6.45337898839686360E-14  3.82788871599483742E-15  1.30323249028651282E-16  3.39631186166136162E-18  6.58407010927923984E-20
  318.000000 -2.56351607313168700E-13 -3.03041826001391284E-12  1.86244455563355041E-12  8.48359278519519834E-13  5.99277048489079371E-14  3.22142240571547333E-15  1.10784562397511785E-16  2.84487531156653911E-18  6.18553411823743186E-20
  320.000000 -2.41312635156164313E-13 -2.81293521491738807E-12  1.63022381773621350E-12  8.75046608049585194E-13  6.24319783140400383E-14  3.78493868528867711E-15  1.32180204086756633E-16  2.99508880339571944E-18  6.16832061131911027E-20
  322.000000 -2.64547099700772927E-13 -2.84820678538568819E-12  1.65066529607579639E-12  8.65790130784854051E-13  6.34676760592869062E-14  3.61114640924976505E-15  1.21984841778541025E-16  3.38761042135497954E-18  6.39035280224280760E-20
  324.000000 -9.00200262488587989E-13 -4.19446998751658844E-12  2.16277358731324109E-12  1.05271365897633131E-12  7.47549582736110791E-14  3.88015354909047168E-15  1.43505678941876983E-16  3.78139964110782184E-18  7.98371437656416307E-20
  326.000000  2.40631990486105860E-14 -3.18481004510540113E-12  2.12320669673693395E-12  1.01184069141369506E-12  6.97195558376752044E-14  3.96870148239554467E-15  1.33893053838472141E-16  3.63048864082341156E-18  7.51408324353429345E-20
  328.000000 -6.67044831053390533E-13 -3.76134189476510277E-12  2.04858799625599346E-12  9.69720957244128095E-13  7.18894865489423927E-14  3.95195398227534615E-15  1.43227585327536210E-16  3.37090862158389653E-18  7.11864239044402175E-20
  330.000000 -8.65741646659719325E-13 -4.35125916057533419E-12  2.24361800467165654E-12  1.15580321452782319E-12  8.15329933042375287E-14  4.39866515179620180E-15  1.60281548573705937E-16  4.27125688199550123E-18  8.34546455536953117E-20
  332.000000 -1.30504851578364761E-13 -3.30312114128963954E-12  2.09885822519445852E-12  9.93516905778524441E-13  7.60728583158339822E-14  4.01532975651155507E-15  1.49104818364184320E-16  3.77355944363582691E-18  9.22881385671805499E-20
  334.000000 -8.87324191250116298E-13 -4.17879706368063094E-12  2.08939853184031547E-12  1.12305171086416969E-12  7.45436455370112525E-14  4.31890647043815193E-15  1.55688926653343834E-16  4.29240481440799688E-18  9.63871124608662199E-20
  336.000000 -8.92515855078959386E-13 -3.94705954929544294E-12  1.79732175905417506E-12  1.17178330369708473E-12  8.03949071145556216E-14  4.85260355443165348E-15  1.86059489121603755E-16  4.96573148802690619E-18  9.55756272018715082E-20
  338.000000 -2.54216328639728335E-13 -3.13829072942404420E-12  1.81878212727984373E-12  9.89631451608150307E-13  7.13247893050919126E-14  4.16177359470629044E-15  1.69779466729649930E-16  4.38732996957629011E-18  9.21998243364203463E-20
  340.000000 -1.01459324279700117E-12 -6.35108028993066437E-12  3.42813992922393835E-12  1.77721991067662062E-12  1.23480698108559613E-13  7.36514437919205458E-15  2.73660044591690413E-16  7.53666370291501542E-18  1.68037058159313816E-19
  342.000000 -5.87740261958302447E-13 -4.96555985983589886E-12  2.84789462549411858E-12  1.41481944535765491E-12  1.08393425249175186E-13  6.45368749016470608E-15  2.50704365553704935E-16  7.53854099199682161E-18  1.71379937390227968E-19
  344.000000 -1.33279972032320824E-13 -3.84173430460052582E-12  2.21638517573107262E-12  1.38524073483192034E-12  1.00429953275314220E-13  6.13257616982881388E-15  2.58154401266690877E-16  7.55651188205583924E-18  1.81646920241726905E-19
  346.000000 -1.39658778866620793E-13 -5.68032110404115009E-12  3.58757122360493660E-12  1.80312824519727285E-12  1.40723415509243114E-13  8.83170813102615069E-15  3.94598529614546499E-16  1.28301545033631447E-17  3.04047932241157843E-19
  348.000000 -1.22896000748846598E-13 -4.23402688897636361E-12  2.72187442862766209E-12  1.27587863841921661E-12  1.05732535313444338E-13  7.27280358126694721E-15  3.59948400595699146E-16  1.22218056692650250E-17  3.12079661724411111E-19
  350.000000 -2.93375337468572241E-14 -4.58875040608194445E-12  2.90620859051856460E-12  1.51046367533530674E-12  1.32643566425806195E-13  9.55989667933738406E-15  5.18138931350805448E-16  1.85258007549415261E-17  4.78643966355526601E-19
  352.000000  1.45271643202135153E-13 -4.64134310461369061E-12  3.09422873640912721E-12  1.53744490340328515E-12  1.42624605818858218E-13  1.16335748390382225E-14  6.58637861219899316E-16  2.36808639618713826E-17  6.08620335468656967E-19
  354.000000  4.60273284899426444E-13 -6.57192966729788268E-12  4.53776096075329989E-12  2.22976185140463855E-12  2.42046516764319339E-13  2.13930002190686269E-14  1.19858103905942542E-15  4.11116877814830266E-17  9.30329141606835738E-19
  356.000000  9.60700639958181963E-13 -3.48144684958759844E-12  2.76933272126286245E-12  1.46379015266751293E-12  1.89155315336258022E-13  1.87764467429373763E-14  1.06245326220324664E-15  2.98060396711848301E-17  5.94234335216659633E-19
  358.000000 -1.50709596176451345E-12 -6.40122565491250377E-12  2.96056686539703286E-12  1.64031407407132905E-12  2.65050749773720861E-13  2.67238668698739762E-14  1.43093804694317907E-15  4.24275572792452835E-17  7.71431810917032886E-19
  360.000000 -6.14870627330197211E-13 -6.47294751159967083E-12  3.39829744358982717E-12  2.08347998029614414E-12  3.41346841432013893E-13  3.31864984725569091E-14  1.71858652804312563E-15  4.67611097339320245E-17  7.72841154585664909E-19
  362.000000  1.34531077516773136E-12 -5.23605514635844018E-12  3.59978791312142747E-12  2.55666755193283195E-12  3.93726802997656142E-13  2.97212602912191723E-14  1.42813851533748046E-15  3.37060663584894854E-17  5.48601340470206479E-19
  364.000000  1.64532227308196405E-12 -3.97055395137458368E-12  2.48159621960911460E-12  2.70907587307328355E-12  4.00674389624388288E-13  2.35073079396566540E-14  1.00219085610434834E-15  1.99191743676281437E-17  3.24179632344443186E-19
  366.000000  2.12296296926465777E-12 -2.67620418785137510E-12  1.00357657044426571E-12  3.26162385394386326E-12  5.07015246526530050E-13  2.58897927108424641E-14  1.04386092455979569E-15  1.75465619959623375E-17  2.86003975715437257E-19
  368.000000  1.71227170296783246E-12 -4.73468140947231396E-12  0.00000000000000000E+00  5.58016023259236980E-12  8.19057609897554266E-13  4.60719905567374300E-14  1.63842484338755965E-15  2.44715521637856496E-17  3.82997933370615580E-19
  370.000000  2.38069073654149038E-12 -3.41877513247683236E-12 -2.56408134935762447E-12  7.35036653482518985E-12  9.50846833720119153E-13  6.05964537641157300E-14  1.70844857160364185E-15  2.85692378028185349E-17  3.78257116059072049E-19
  372.000000  1.59631806751377484E-12 -5.52933560768647591E-12 -4.14700170576485693E-12  1.01947125266719402E-11  9.98952233810545033E-13  7.72838045752077075E-14  1.67159975780164032E-15  3.48936562218550203E-17  3.22493391513233588E-19
  374.000000 -1.14207658741645472E-12 -8.38342598270847881E-12 -5.58895065513898588E-12  1.16145380802107055E-11  1.12979764220094733E-12  8.42572516979571263E-14  1.67096713102919777E-15  3.58111974851751926E-17  2.97992886050331335E-19
  376.000000 -1.84646107454378364E-12 -1.20038813779309864E-11 -3.17749801180526139E-12  1.22686728789147588E-11  9.84693394283401297E-13  8.01614895556340266E-14  1.36026721188155871E-15  3.00504575892151275E-17  2.34769199915743183E-19
  378.000000 -1.56036582516685093E-12 -9.99099448415409339E-12  1.78410615788465961E-13  7.67165647890403565E-12  5.35231847365397831E-13  4.45155393886260308E-14  7.96281511201878220E-16  1.77589493016444522E-17  1.37080213078748812E-19
  380.000000 -5.38785089290057782E-13 -1.15394274157406480E-11  3.96667817416084746E-12  6.58107969803958871E-12  4.21177831702447993E-13  3.11657509244704395E-14  5.29608673460501344E-16  1.11768064204326584E-17  8.61433547728658976E-20
  382.000000 -1.14212294454273414E-12 -1.09323888041975770E-11  4.91957496188890967E-12  4.60071362176648047E-12  2.50533910096194440E-13  1.91281216870318937E-14  3.08607777218101744E-16  6.58137362732860594E-18  5.50653811383078764E-20
  384.000000 -9.00602042764380765E-13 -1.54660292543821505E-11  8.65361160661858514E-12  5.63865649899349257E-12  2.55321818513098236E-13  1.75758505349685553E-14  2.56010131074010525E-16  5.42682655247334536E-18  0.00000000000000000E+00
  386.000000  1.43085778653860036E-13 -1.19067072523247474E-11  7.62773433352054063E-12  4.23246234359981286E-12  1.78048295704319042E-13  1.13778311413091623E-14  1.66778338211555222E-16  3.44867441381606877E-18  0.00000000000000000E+00
  388.000000  9.37082169163622943E-13 -1.50380155892941524E-11  1.10905364971044366E-11  4.69937987165442242E-12  1.74758188977148829E-13  1.02798934692440488E-14  1.40545418524820983E-16  2.76183399763778469E-18  0.00000000000000000E+00
  390.000000  1.13352335235125333E-12 -1.67127908667552639E-11  1.29144293061290674E-11  4.74795195078274560E-12  1.74338860692803946E-13  9.45881052695000131E-15  1.32760955044698819E-16  2.53001990556703479E-18  0.00000000000000000E+00
  392.000000  2.72769508447491949E-12 -1.84196112300454079E-11  1.59252888759767570E-11  5.03661244571554096E-12  1.76881032319771965E-13  8.40840712431119448E-15  1.13449086374324076E-16  2.10429756984633399E-18  0.00000000000000000E+00
  394.000000  3.42315564723370532E-12 -2.01587164179613096E-11  1.82203783008496451E-11  5.16082523680980584E-12  1.91940903393674568E-13  8.61273284458796228E-15  1.12945994334719355E-16  1.94530296605036526E-18  0.00000000000000000E+00
  396.000000  5.64600581131713384E-12 -1.72309862758783266E-11  1.80142129247818851E-11  4.67488406064312563E-12  1.80891701626652337E-13  6.90773014932644364E-15  9.41148355120168581E-17  1.55515895733832425E-18  0.00000000000000000E+00
  398.000000  8.13045023552820871E-12 -1.74054761634286686E-11  2.07678976950001176E-11  4.57388223044645398E-12  1.87745503715960884E-13  6.31371517769081367E-15  8.60138061970306860E-17  1.24081045809175984E-18  0.00000000000000000E+00
  400.000000  1.12326560802231533E-11 -1.27860691587153989E-11  1.99782330604928098E-11  3.85829625980767422E-12  1.76760538601625855E-13  5.35305439059835463E-15  8.12598838834780107E-17  1.06576195890552201E-18  0.00000000000000000E+00
  402.000000  1.23421079701961896E-11 -2.25999366285551605E-11  2.98642019734478867E-11  4.84284356326181964E-12  2.28978850118417733E-13  5.92399025962558867E-15  9.51602515392688906E-17  1.06141205742422644E-18  0.00000000000000000E+00
  404.000000  1.22153921601674506E-11 -2.28253710104097678E-11  3.01620974066129065E-11  4.63640348648948408E-12  2.36437471752640232E-13  5.72808584501740416E-15  9.58179397934846811E-17  9.01937376986084868E-19  0.00000000000000000E+00
  406.000000  1.97459487469231486E-11 -2.63450561980751514E-11  4.07525088063975010E-11  5.04260841291282204E-12  2.90239419174350875E-13  5.54625621387967099E-15  1.01185414717404100E-16  8.64885031229023884E-19  0.00000000000000000E+00
  408.000000  2.39531231508739650E-11 -3.15937375877278225E-11  4.98848488227281452E-11  5.30026518741486547E-12  3.55624410552651771E-13  5.99431128660559299E-15  1.27061955513035227E-16  9.44664012077704203E-19  0.00000000000000000E+00
  410.000000  2.88647656267486161E-11 -3.69417507521572626E-11  6.00303449722555582E-11  5.39171149117068011E-12  3.78797248923487581E-13  5.53437539011588983E-15  1.27510023274877824E-16  7.81142766701842968E-19  0.00000000000000000E+00
  412.000000  3.77534809705325100E-11 -4.23898149077536565E-11  7.37582779394913637E-11  5.92132726992683932E-12  4.57843118046636147E-13  5.69845992030807062E-15  1.48363705359893735E-16  7.27195656486621507E-19  0.00000000000000000E+00
  414.000000  3.31778607780933766E-11 -3.08177031027260371E-11  5.90672642802249131E-11  4.52099984753533028E-12  4.02944143215981725E-13  4.23216747931723532E-15  1.22866744914591812E-16  5.75618964313845011E-19  0.00000000000000000E+00
  416.000000  3.83212367916520866E-11 -4.32169137564580616E-11  7.60617682113661982E-11  4.99695565309046396E-12  4.74373154904871676E-13  4.91281139351825810E-15  1.40130526325185224E-16  5.86828778096622409E-19  0.00000000000000000E+00
  418.000000  3.19790695577355636E-11 -4.01427831225077885E-11  6.71955282702847821E-11  4.54060692248474673E-12  3.81792774262981689E-13  3.81499825008176088E-15  1.09231788901228432E-16  4.83171863852532031E-19  0.00000000000000000E+00
  420.000000  2.30258378998669451E-11 -5.11003245221285159E-11  6.87211260814831712E-11  4.98338294100498983E-12  4.17289490053076642E-13  4.23473548217523019E-15  1.28659498156365500E-16  5.14473886122711582E-19  0.00000000000000000E+00
  422.000000  2.19357918797285316E-11 -6.40404658142064361E-11  8.00505822677580516E-11  5.44788684877797830E-12  4.72520798108294028E-13  5.12340881450715163E-15  1.43777780473338110E-16  5.92695669297758973E-19  0.00000000000000000E+00
  424.000000  7.54553122726898263E-12 -7.90153501870294330E-11  8.08111536003710134E-11  5.31726166919107897E-12  4.27906282085297944E-13  4.44593969443772980E-15  1.13460518010978271E-16  4.62438579452174125E-19  0.00000000000000000E+00
  426.000000  1.42842558100790899E-12 -7.61369662806058635E-11  7.20582002298591224E-11  5.12678232767472549E-12  3.76188275079723469E-13  4.11455925868447552E-15  1.05997443087433570E-16  4.72298431188034213E-19  0.00000000000000000E+00
  428.000000 -1.06750973943775881E-11 -8.78326234788795597E-11  7.18214681572088013E-11  4.97489468923341221E-12  3.57391859858722154E-13  3.68560355479307224E-15  8.53997272550596425E-17  3.74918981403917684E-19  0.00000000000000000E+00
  430.000000 -2.05731398069304613E-11 -8.86554070292429273E-11  6.32593268906577113E-11  4.48760279721590997E-12  3.31429668001777920E-13  3.82581440741848240E-15  8.16860695874917715E-17  3.65960059483214153E-19  0.00000000000000000E+00
  432.000000 -2.48194233234273620E-11 -9.50746530503759636E-11  6.57133631377598559E-11  4.23816238321988473E-12  3.00385220460172250E-13  3.23923929733921504E-15  7.93920306650956783E-17  3.54180682638198002E-19  0.00000000000000000E+00
  434.000000 -4.73757093860387426E-11 -1.29824192288805368E-10  7.71419113600147770E-11  4.96836243134241526E-12  3.34409009801893323E-13  3.71788863060999183E-15  8.18671181330023537E-17  3.45858785134874585E-19  0.00000000000000000E+00
  436.000000 -5.73543198238401791E-11 -1.44315723290962815E-10  8.21270398991334432E-11  4.50986635284258796E-12  3.21272346064958187E-13  3.15462902938513018E-15  6.99469266704940535E-17  2.93125583930885696E-19  0.00000000000000000E+00
  438.000000 -4.54768913965844126E-11 -1.20730180512601247E-10  7.09050266502578741E-11  4.02733365053196120E-12  3.17676527498977889E-13  3.18363695981693808E-15  6.83627554696626503E-17  2.88012731409691163E-19  0.00000000000000000E+00
  440.000000 -4.48866162687889386E-11 -1.16033577615342284E-10  6.72027803688857438E-11  3.65626637798344181E-12  2.85173668943956469E-13  2.68161808415584066E-15  5.90753640014558226E-17  2.37292048999750133E-19  0.00000000000000000E+00
  442.000000 -5.10647054171353935E-11 -1.19042339470718627E-10  6.43999541398969643E-11  3.32367187559127337E-12  2.51562320858972517E-13  2.39338559884468681E-15  5.21110394771782520E-17  2.20597705655081981E-19  0.00000000000000000E+00
  444.000000 -6.11227294953570289E-11 -1.41783442294079184E-10  7.63070609568828963E-11  4.06150485738247669E-12  2.89420682308741840E-13  2.67050074129873659E-15  5.55767449457169425E-17  2.24661802265388244E-19  0.00000000000000000E+00
  446.000000 -5.79100607954848021E-11 -1.33128671949943106E-10  7.10350749583651578E-11  3.94294340896519926E-12  2.38187157209880994E-13  2.35731306938241448E-15  4.81138682896204680E-17  2.02980381846836348E-19  0.00000000000000000E+00
  448.000000 -4.65293041123515599E-11 -1.08262204780675021E-10  5.81408136785106622E-11  3.38319389939609441E-12  2.06554951612435167E-13  2.29437520304097132E-15  4.35572792452309412E-17  2.06321988880230579E-19  0.00000000000000000E+00
  450.000000 -4.16505501820776851E-11 -9.70942126739950342E-11  5.20869995074035906E-11  3.16061890214827619E-12  1.93834831108312231E-13  2.17022477106738907E-15  3.88530518042481235E-17  1.73434303807631537E-19  0.00000000000000000E+00
  452.000000 -3.60552111829194289E-11 -7.95918420802230101E-11  4.05612272139598078E-11  2.83801039468743915E-12  1.35772091389102392E-13  1.59594488158061867E-15  2.51191019852437309E-17  1.33283673328935887E-19  0.00000000000000000E+00
  454.000000 -2.92393924111184889E-11 -6.58853357679445739E-11  3.39721262553464217E-11  2.55756064138261396E-12  1.14607670250636010E-13  1.62384428620607148E-15  2.48203224671385994E-17  1.25237740353444829E-19  0.00000000000000000E+00
  456.000000 -2.79008367909693205E-11 -6.02358111101661844E-11  2.98582684382289304E-11  2.36918869129425200E-12  1.05984682465860151E-13  1.51140686157018722E-15  2.09848839315323354E-17  1.15462321134157106E-19  0.00000000000000000E+00
  458.000000 -2.59850884819319398E-11 -6.70514252752194227E-11  3.77164267173109277E-11  3.22488544414507487E-12  1.23286388331053788E-13  1.71652955744902735E-15  2.15752678295488579E-17  1.38675151061624056E-19  0.00000000000000000E+00
  460.000000 -1.85257589521653349E-11 -4.86150323294032084E-11  2.73459556852893064E-11  2.64212132225017458E-12  9.95955889051335363E-14  1.58238619839964829E-15  1.82837418027666379E-17  1.10853058814416037E-19  0.00000000000000000E+00
  462.000000 -1.56465011892578597E-11 -3.62459888075925378E-11  1.85227663391741285E-11  2.00718825887633324E-12  6.83203991124270585E-14  1.19967367489083226E-15  1.28513771581923108E-17  9.61197428250535456E-20  0.00000000000000000E+00
  464.000000 -1.51013298650467661E-11 -3.65604861524308112E-11  1.92211379404323753E-11  2.17581937350174201E-12  6.11686672328554443E-14  1.01934105467841841E-15  1.08958739496561338E-17  6.92884447510876627E-20  0.00000000000000000E+00
  466.000000 -1.18038239057206465E-11 -3.47071454278750195E-11  2.03362180241455204E-11  2.49966013213455349E-12  6.61986263806820264E-14  1.23294941634020285E-15  1.17092052765635076E-17  8.08720020233666249E-20  0.00000000000000000E+00
  468.000000 -1.42680762746298817E-11 -3.28178438838103327E-11  1.64089219419051663E-11  2.08530049678378152E-12  5.44827486352319944E-14  1.05264042151020755E-15  9.70712603768162456E-18  7.43087222264277397E-20  0.00000000000000000E+00
  470.000000 -9.88908764539369540E-12 -2.75824480191428831E-11  1.55840831308157293E-11  2.06006408642973405E-12  4.81480721037284204E-14  1.05639563794019520E-15  8.68876205570519828E-18  0.00000000000000000E+00  0.00000000000000000E+00
  472.000000 -8.49033044762907872E-12 -2.33668610392813660E-11  1.30047708760286175E-11  1.82988253302408019E-12  4.08164861322547568E-14  1.05267143935099619E-15  8.02502798396361823E-18  0.00000000000000000E+00  0.00000000000000000E+00
  474.000000 -9.57817219570530313E-12 -2.24431474554964163E-11  1.12215737277482082E-11  1.60871779612640324E-12  3.39030700392783395E-14  7.74805009736032718E-16  5.86086748775206068E-18  0.00000000000000000E+00  0.00000000000000000E+00
  476.000000 -6.79922335402696735E-12 -1.92379995691354340E-11  1.06799188784538617E-11  1.72399352756498593E-12  3.40516349795487997E-14  8.06179365166168652E-16  5.99474490287343059E-18  0.00000000000000000E+00  0.00000000000000000E+00
  478.000000 -6.94523042405545559E-12 -1.82588264103745618E-11  9.70000153051148618E-12  1.58249105851634993E-12  3.03682262989933329E-14  7.30256588540156571E-16  4.91440373714850129E-18  0.00000000000000000E+00  0.00000000000000000E+00
  480.000000 -6.43832022823036133E-12 -1.84119395885501815E-11  1.02128727405239290E-11  1.73061443886519049E-12  2.93235198143756889E-14  8.03323970962687274E-16  5.33714536292128604E-18  0.00000000000000000E+00  0.00000000000000000E+00
  482.000000 -4.26831758367628285E-12 -1.62449805614107639E-11  1.02981573201800374E-11  1.64988083826828066E-12  2.78686516937915718E-14  7.51382405498907146E-16  4.78518687228052666E-18  0.00000000000000000E+00  0.00000000000000000E+00
  484.000000 -6.14545493563593138E-12 -1.75500786143205194E-11  9.65254323787628502E-12  1.72301553062469680E-12  2.83146409935631746E-14  7.45914939478128303E-16  4.35425056410486507E-18  0.00000000000000000E+00  0.00000000000000000E+00
  486.000000 -3.97448061489776617E-12 -1.17969468398904029E-11  6.59891713856369356E-12  1.20273559578570125E-12  2.02328006714428913E-14  5.77147839437844915E-16  3.54213236009764096E-18  0.00000000000000000E+00  0.00000000000000000E+00
  488.000000 -4.75123502518858851E-12 -1.30836649183845035E-11  7.02503599310986119E-12  1.28699402783824838E-12  1.98188949458394525E-14  5.77937670267010193E-16  3.03963169930054700E-18  0.00000000000000000E+00  0.00000000000000000E+00
  490.000000 -3.10162319570095222E-12 -1.07927409551047315E-11  6.44566473707643640E-12  1.22729953569333310E-12  1.76395031072336169E-14  5.11207072674625714E-16  2.77645410083962415E-18  0.00000000000000000E+00  0.00000000000000000E+00
  492.000000 -3.44862502069152151E-12 -9.67202201511026472E-12  5.21382436752037743E-12  9.94121403408550194E-13  1.50166052251811131E-14  4.32373077352803881E-16  2.24518728187888247E-18  0.00000000000000000E+00  0.00000000000000000E+00
  494.000000 -5.62656530853651305E-13 -6.09426010393803280E-12  4.57069507795352420E-12  9.47467000534116020E-13  1.30559405302871663E-14  3.83587996349249009E-16  1.96607010439423327E-18  0.00000000000000000E+00  0.00000000000000000E+00
  496.000000 -1.52630597660400265E-12 -8.60118872306784998E-12  5.87491908316688025E-12  1.18314342647110791E-12  1.63304691375560165E-14  4.87476690673313973E-16  2.29099763072785488E-18  0.00000000000000000E+00  0.00000000000000000E+00
  498.000000 -3.30709745110845439E-12 -9.29002820987711441E-12  4.95468171193446113E-12  1.01367755727565386E-12  1.41376568623618204E-14  4.31760827472697611E-16  2.07186871083320394E-18  0.00000000000000000E+00  0.00000000000000000E+00
  500.000000 -1.44144881500957571E-12 -6.86751761454440439E-12  4.40925846842907761E-12  1.00232590183868971E-12  1.40609130846440275E-14  4.21541601622966287E-16  1.97458079414889179E-18  0.00000000000000000E+00  0.00000000000000000E+00
  502.000000 -2.66511343368048353E-12 -6.92256763574259249E-12  3.50061658852892476E-12  7.47322642494939013E-13  9.21861812288164917E-15  2.94983776523198578E-16  1.36913884067863031E-18  0.00000000000000000E+00  0.00000000000000000E+00
  504.000000 -1.47408512912032299E-12 -6.34348856136767581E-12  3.98450375260907142E-12  8.74707602407339681E-13  9.85362450481001877E-15  3.36963951938800393E-16  1.48877419295222901E-18  0.00000000000000000E+00  0.00000000000000000E+00
  506.000000 -2.98757519478618501E-12 -7.67272031981450676E-12  3.83636015990725338E-12  8.39203784979711702E-13  9.26854998756889508E-15  3.11289129516705337E-16  1.34102427091932773E-18  0.00000000000000000E+00  0.00000000000000000E+00
  508.000000 -1.31443696478592823E-12 -5.80012057858839316E-12  3.64521466918228875E-12  8.30746437037400083E-13  9.42063312833604665E-15  3.00540814180344923E-16  1.33364025975509341E-18  0.00000000000000000E+00  0.00000000000000000E+00
  510.000000 -3.47449189079841415E-12 -7.79450762855126885E-12  3.49128987528858919E-12  8.19539701830097612E-13  8.90028362329996735E-15  2.84638107245708145E-16  1.23890362239698875E-18  0.00000000000000000E+00  0.00000000000000000E+00
  512.000000 -1.59294283502588976E-12 -5.23717392740982818E-12  2.98682575547591756E-12  6.49532313262742397E-13  7.62169591257800920E-15  2.50352233039300575E-16  9.75499661156875601E-19  0.00000000000000000E+00  0.00000000000000000E+00
  514.000000 -1.71566087206895525E-12 -4.61839810394371636E-12  2.35043474932849860E-12  5.46372989975484326E-13  5.73836608722777960E-15  1.90335059362544211E-16  7.91424187948595519E-19  0.00000000000000000E+00  0.00000000000000000E+00
  516.000000 -1.71359543711761484E-12 -4.65440886903525343E-12  2.41031887860754218E-12  5.24659928317589969E-13  5.64106822680577075E-15  1.92770317103074914E-16  7.86448597864749736E-19  0.00000000000000000E+00  0.00000000000000000E+00
  518.000000 -6.56820299027277296E-13 -4.02047955579275552E-12  2.76407969460751901E-12  5.92863684496783227E-13  6.50285084402514718E-15  2.12160621090443087E-16  8.66196059845441317E-19  0.00000000000000000E+00  0.00000000000000000E+00
  520.000000 -4.00907948509448590E-13 -2.70105710977862885E-12  1.83587475430266179E-12  4.58968688575665448E-13  5.14155387031378066E-15  1.63571478339140822E-16  5.93042200086928687E-19  0.00000000000000000E+00  0.00000000000000000E+00
  522.000000 -2.08527167971488730E-12 -4.76328025009840785E-12  2.16899368531266803E-12  5.03706254125919782E-13  5.13964783542897250E-15  1.68401340062350792E-16  5.81769441599071343E-19  0.00000000000000000E+00  0.00000000000000000E+00
  524.000000  2.99299783382071077E-13 -2.39992520285782047E-12  2.17493221508989964E-12  5.19626662225911978E-13  4.48855988432096168E-15  1.76887448821215076E-16  6.61590937567795529E-19  0.00000000000000000E+00  0.00000000000000000E+00
  526.000000 -1.62256906090258457E-13 -2.76374880512245441E-12  2.07281160384184080E-12  5.23600847845465011E-13  4.92351795956491911E-15  1.55342526628403328E-16  5.86858696833178015E-19  0.00000000000000000E+00  0.00000000000000000E+00
  528.000000  2.47090632446703479E-13 -2.43670512992218795E-12  2.15387328448479123E-12  5.24870636244399838E-13  4.87604481128925527E-15  1.75116669250754513E-16  6.80159160411883386E-19  0.00000000000000000E+00  0.00000000000000000E+00
  530.000000 -7.70294406504672130E-13 -2.80594283334621610E-12  1.62218570052828116E-12  4.09656692954354793E-13  3.68211492412986127E-15  1.23428452671140882E-16  4.89982106957971630E-19  0.00000000000000000E+00  0.00000000000000000E+00
  532.000000  2.20254298416504590E-13 -2.47376475224940183E-12  2.18663134350616762E-12  5.02483465300659752E-13  4.75068609342678160E-15  1.53008760387043038E-16  5.47005265184612345E-19  0.00000000000000000E+00  0.00000000000000000E+00
  534.000000 -9.21645519825341515E-13 -2.84845651329894476E-12  1.58000322222050833E-12  3.43539433000409842E-13  3.16200578830716312E-15  1.05943492907198760E-16  3.88971470540815775E-19  0.00000000000000000E+00  0.00000000000000000E+00
  536.000000  4.86559594668817792E-13 -1.07618745850262670E-12  1.24434174889366222E-12  3.15289294483191416E-13  3.01057486051658462E-15  1.05028009338476311E-16  4.06924735896351202E-19  0.00000000000000000E+00  0.00000000000000000E+00
  538.000000 -5.95371048673010262E-13 -2.89128984498064119E-12  1.86352665789767888E-12  4.28469955054504210E-13  3.78859734249439372E-15  1.33128249958011227E-16  4.57762995405782942E-19  0.00000000000000000E+00  0.00000000000000000E+00
  540.000000 -8.12526261449182178E-13 -2.54872308269237078E-12  1.41090027791899087E-12  3.22146081601463161E-13  3.04456492683502005E-15  1.05559732864717854E-16  3.37063034756404018E-19  0.00000000000000000E+00  0.00000000000000000E+00
  542.000000 -7.59860571077417229E-13 -2.56763747484239211E-12  1.46722141419565269E-12  3.37432268596754092E-13  3.01678597355444650E-15  1.06080745185573505E-16  3.54253828181161510E-19  0.00000000000000000E+00  0.00000000000000000E+00
  544.000000 -9.85747196676000673E-13 -2.58662179080812545E-12  1.27021605798613291E-12  3.27658005866877496E-13  2.89813145332418467E-15  1.02019583625650714E-16  3.79242164411522715E-19  0.00000000000000000E+00  0.00000000000000000E+00
  546.000000 -1.18765861463138031E-12 -2.60567603058957079E-12  1.13998326338293717E-12  2.75544423993707406E-13  2.40828734691070120E-15  8.12051489690187161E-17  2.36085666188105132E-19  0.00000000000000000E+00  0.00000000000000000E+00
  548.000000 -4.38096408045136841E-13 -1.87485728156194786E-12  1.17178580097621751E-12  2.62919439094038769E-13  1.98539879364622761E-15  7.00003267032148945E-17  2.34326205389214116E-19  0.00000000000000000E+00  0.00000000000000000E+00
  550.000000 -3.28386386224757714E-13 -1.51085387519976915E-12  9.50185444949854770E-13  2.30169145049964848E-13  2.04890652707488230E-15  6.37581672454736560E-17  2.34280871432983824E-19  0.00000000000000000E+00  0.00000000000000000E+00
  552.000000  5.74201148543892798E-13 -7.60930940808050372E-13  1.08194868146144652E-12  2.51166658196407243E-13  1.93901774772559224E-15  7.74663714706987203E-17  2.65574893045999925E-19  0.00000000000000000E+00  0.00000000000000000E+00
  554.000000 -4.19810392032181168E-13 -1.91613730562319118E-12  1.19758581601449449E-12  2.96402489463587381E-13  2.25716857901169357E-15  8.11352695175835511E-17  3.04264398858653479E-19  0.00000000000000000E+00  0.00000000000000000E+00
  556.000000 -1.37433157556859798E-12 -2.70199608673247147E-12  1.06149846264489958E-12  2.63866805344967919E-13  2.22637617009816703E-15  7.26112267777551924E-17  2.55777130130964928E-19  0.00000000000000000E+00  0.00000000000000000E+00
  558.000000 -9.93349187179460181E-13 -2.33268845949273132E-12  1.08129829632735996E-12  2.55897138948258617E-13  2.07631673386244717E-15  6.72949084278632467E-17  2.25395362519073169E-19  0.00000000000000000E+00  0.00000000000000000E+00
  560.000000 -1.18845678938300672E-13 -1.37050678794980727E-12  9.91170087713699927E-13  2.58499606209282846E-13  1.92691667442894119E-15  6.42772349973026243E-17  2.21179097595906189E-19  0.00000000000000000E+00  0.00000000000000000E+00
  562.000000 -8.35965908912969830E-13 -2.16906423344816328E-12  1.07220788812494437E-12  2.58808800581883139E-13  2.01291721992745289E-15  6.84982340581628193E-17  2.20374380334686498E-19  0.00000000000000000E+00  0.00000000000000000E+00
  564.000000 -3.64611570688331254E-13 -1.58874900590263049E-12  9.80556027080529828E-13  2.41648103192709662E-13  1.86969401672730077E-15  6.33995210797674081E-17  2.11403252760263467E-19  0.00000000000000000E+00  0.00000000000000000E+00
  566.000000 -7.25353550146589126E-14 -1.20002753068635686E-12  9.12520934792750511E-13  2.13286143149332946E-13  1.62967605943429188E-15  5.52666945483480915E-17  1.54975631822373863E-19  0.00000000000000000E+00  0.00000000000000000E+00
  568.000000  4.88891944323049424E-13 -6.04261637147665617E-13  8.93803671614255331E-13  1.97879950185726415E-13  1.42299976602869246E-15  4.68218403036573719E-17  1.38064400895399935E-19  0.00000000000000000E+00  0.00000000000000000E+00
  570.000000 -7.97965184005001999E-13 -1.82557347788084455E-12  8.24043583765658936E-13  2.02049147942541375E-13  1.46708480583279128E-15  4.83128204452451992E-17  1.64541364050803031E-19  0.00000000000000000E+00  0.00000000000000000E+00
  572.000000 -9.93930450469370718E-13 -1.83840699534307890E-12  6.83019265630935598E-13  1.60381860270815482E-13  1.03947742537929433E-15  3.58440491510101490E-17  9.74974269164651607E-20  0.00000000000000000E+00  0.00000000000000000E+00
  574.000000 -4.73495138434564117E-13 -1.43988869408976574E-12  7.84225092316747502E-13  1.80789596077119044E-13  1.33395101272179843E-15  4.47756350961397795E-17  1.40613517253245641E-19  0.00000000000000000E+00  0.00000000000000000E+00
  576.000000 -5.34477002775612770E-13 -1.65707456296951621E-12  9.06212651623954207E-13  2.14820945541214130E-13  1.51551676358009910E-15  4.82982075984533657E-17  1.48057556603930860E-19  0.00000000000000000E+00  0.00000000000000000E+00
  578.000000  1.90318814521432681E-13 -6.25725751292032762E-13  6.45279681019908758E-13  1.69467390974925538E-13  1.25872057411701947E-15  3.86388229333487700E-17  1.34421580748659450E-19  0.00000000000000000E+00  0.00000000000000000E+00
  580.000000 -4.89858203060666480E-13 -1.26012705029058386E-12  6.13655620844633284E-13  1.55464893248740664E-13  1.11362241103103105E-15  3.46004085441745707E-17  1.10316968269008096E-19  0.00000000000000000E+00  0.00000000000000000E+00
  582.000000  1.26910790775347486E-13 -8.45888376897795890E-13  7.89716101869426631E-13  1.81733830974135836E-13  1.30685727174227642E-15  4.22510182762356405E-17  1.26539562399693263E-19  0.00000000000000000E+00  0.00000000000000000E+00
  584.000000  2.70096291921235600E-13 -4.25856015917464778E-13  5.62263021016027760E-13  1.32664129958663349E-13  9.95825720815299612E-16  2.92412120304655693E-17  8.99311635729718334E-20  0.00000000000000000E+00  0.00000000000000000E+00
  586.000000  5.93015020698274475E-14 -6.43166748753842832E-13  5.52721424710333614E-13  1.48648564978915480E-13  1.06644877163570528E-15  3.17164236388015295E-17  9.59391465957653540E-20  0.00000000000000000E+00  0.00000000000000000E+00
  588.000000  1.45848467519710939E-13 -4.31709638204189173E-13  4.58691490591951034E-13  1.18045604196457966E-13  7.95424481401914097E-16  2.55003125345916438E-17  8.61415546250040923E-20  0.00000000000000000E+00  0.00000000000000000E+00
  590.000000 -7.43440855027375659E-13 -1.52128001557821408E-12  6.21415720649136554E-13  1.55353930162284138E-13  1.03463170702340880E-15  3.47934290497906121E-17  8.46033445574999795E-20  0.00000000000000000E+00  0.00000000000000000E+00
  592.000000 -2.78597572882548149E-13 -8.75206433914069280E-13  4.85466068811710282E-13  1.10255498022377868E-13  8.63040402094981796E-16  2.41791118454439107E-17  7.46834925444578688E-20  0.00000000000000000E+00  0.00000000000000000E+00
  594.000000 -2.74253176028444464E-14 -6.60847485012379132E-13  5.05961355712602781E-13  1.26490338928150695E-13  9.42828977182883404E-16  2.75727057164111958E-17  7.10858819251226099E-20  0.00000000000000000E+00  0.00000000000000000E+00
  596.000000  3.84317598361543927E-13 -2.21768376088000463E-13  4.81653191816126043E-13  1.23661858150633059E-13  7.46153670156922909E-16  2.47184552719927338E-17  5.23573563790955756E-20  0.00000000000000000E+00  0.00000000000000000E+00
  598.000000 -4.09650314356427257E-13 -1.11629625865069872E-12  5.68613406750199595E-13  1.37138739588142470E-13  8.67848119785356109E-16  2.58693686344260948E-17  8.04675094965510763E-20  0.00000000000000000E+00  0.00000000000000000E+00
  600.000000 -3.96965862515354195E-13 -1.01139804868744895E-12  4.91651829223065376E-13  1.22035007610725157E-13  7.22765227460665699E-16  2.25060346629210850E-17  7.80761805177600872E-20  0.00000000000000000E+00  0.00000000000000000E+00
  602.000000  2.05039833455161788E-13 -3.39383980033820478E-13  4.34835724418332489E-13  1.08929884216584303E-13  6.36966393190916757E-16  2.11728751124182602E-17  6.55857621291817633E-20  0.00000000000000000E+00  0.00000000000000000E+00
  604.000000  3.78132773693477423E-13 -1.13880923003074141E-13  3.91465672823067347E-13  9.98682313054302482E-14  6.59451450800577296E-16  2.02820419033280342E-17  5.90753500468212122E-20  0.00000000000000000E+00  0.00000000000000000E+00
  606.000000 -4.36587628517420137E-14 -5.73181749703370213E-13  4.26303926341881586E-13  1.02545797407868574E-13  6.53330638165920376E-16  1.98699537293601097E-17  6.25099827444782957E-20  0.00000000000000000E+00  0.00000000000000000E+00
  608.000000 -4.81397184682730816E-13 -1.03854846741665854E-12  4.47152812359950180E-13  1.09309029231137023E-13  6.69095217587501082E-16  2.02902024247854465E-17  5.57228281634070607E-20  0.00000000000000000E+00  0.00000000000000000E+00
  610.000000  1.69908085454021147E-13 -3.48464086959814506E-13  4.21060771743109188E-13  9.66443366177610588E-14  6.49577269850524954E-16  1.74330189022384659E-17  5.37642126341126242E-20  0.00000000000000000E+00  0.00000000000000000E+00
  612.000000  2.86984548941925638E-13 -2.33835228856538221E-13  4.16519001400708698E-13  1.03673040918816750E-13  6.09243245349943552E-16  1.84395317898511936E-17  5.27017986246219391E-20  0.00000000000000000E+00  0.00000000000000000E+00
  614.000000 -2.31752241250752916E-14 -4.70732121929596816E-13  3.60404280852347569E-13  8.66533251794228563E-14  4.83941295089822162E-16  1.53055413074848098E-17  4.49363538043421472E-20  0.00000000000000000E+00  0.00000000000000000E+00
  616.000000 -3.45722839742422459E-13 -8.29156606709633159E-13  3.92368751389380003E-13  9.04576543592261588E-14  5.90121965878503463E-16  1.71845911292625076E-17  5.46615968091976494E-20  0.00000000000000000E+00  0.00000000000000000E+00
  618.000000 -1.07658601006969553E-13 -5.96106772140285593E-13  3.96783570205877603E-13  9.10459952761139347E-14  6.01236841407362033E-16  1.73247851190330540E-17  4.40247981163902684E-20  0.00000000000000000E+00  0.00000000000000000E+00
  620.000000 -3.52617851617546853E-14 -5.99971311597924774E-13  4.64977766488391702E-13  9.91358846898133511E-14  5.78585615432569019E-16  1.72368390673518024E-17  5.28034651149100498E-20  0.00000000000000000E+00  0.00000000000000000E+00
  622.000000  1.80808566949867928E-13 -3.62309002470735909E-13  4.50999227033884810E-13  9.15207636449515276E-14  5.81403047075994841E-16  1.61388870783525693E-17  3.68076131550434763E-20  0.00000000000000000E+00  0.00000000000000000E+00
  624.000000 -5.42913373332264324E-13 -9.72380559520306273E-13  3.47550082797296988E-13  8.14273759559240872E-14  4.75722529443661768E-16  1.39679738786455290E-17  3.69314986215322199E-20  0.00000000000000000E+00  0.00000000000000000E+00
  626.000000  6.33002578980673539E-14 -3.66983909006891352E-13  3.51692912798270912E-13  7.81274337534202300E-14  4.51711557920673206E-16  1.20744179351212996E-17  3.43774117972793312E-20  0.00000000000000000E+00  0.00000000000000000E+00
  628.000000 -5.90670810492418629E-13 -9.84886933416174688E-13  3.21242417735353861E-13  7.24959498107853164E-14  4.64464748930262005E-16  1.32523909341514971E-17  3.82377524271484315E-20  0.00000000000000000E+00  0.00000000000000000E+00
  630.000000 -3.50115859909259528E-13 -7.43377565785274945E-13  3.27163564108623628E-13  6.56988961948900275E-14  3.87081290167579778E-16  1.21405990734794941E-17  2.36832607192030294E-20  0.00000000000000000E+00  0.00000000000000000E+00
  632.000000 -4.00569022061038362E-13 -7.48104915183213784E-13  2.82487533076994768E-13  6.46555517516742406E-14  3.81457101171453780E-16  1.13259940419516748E-17  2.51982930108217829E-20  0.00000000000000000E+00  0.00000000000000000E+00
  634.000000 -2.89287899851656357E-13 -7.52847248255948441E-13  3.76423624127974221E-13  8.66313483914315721E-14  4.91092222029751488E-16  1.32525496076498487E-17  3.11132489157446771E-20  0.00000000000000000E+00  0.00000000000000000E+00
  636.000000 -2.83215949387953710E-14 -3.78802282501739105E-13  2.80155854766911176E-13  6.99156556570592620E-14  3.96897736589346577E-16  1.22450056399967170E-17  3.43967439084495973E-20  0.00000000000000000E+00  0.00000000000000000E+00
  638.000000 -3.57701637596351513E-13 -7.62376865425803394E-13  3.29569165783029616E-13  7.46990353167860701E-14  3.95520224372517627E-16  1.14663300340837873E-17  4.01752295922581503E-20  0.00000000000000000E+00  0.00000000000000000E+00
  640.000000 -1.01080676603653999E-13 -3.83582074761461996E-13  2.33745326807765884E-13  4.84472151716950720E-14  3.00453895636317708E-16  8.37557912196411111E-18  2.67035887468785830E-20  0.00000000000000000E+00  0.00000000000000000E+00
  642.000000  8.63772179572176649E-14 -2.57322139098280036E-13  2.85466748062154413E-13  5.79226104122593192E-14  3.01353060543716312E-16  8.61972821791370912E-18  2.57923223268728589E-20  0.00000000000000000E+00  0.00000000000000000E+00
  644.000000 -3.14190287909258929E-13 -6.47319723951292761E-13  2.73088008541951638E-13  5.96747870517598044E-14  3.57064941724231450E-16  9.55321572126985123E-18  2.22908768738611113E-20  0.00000000000000000E+00  0.00000000000000000E+00
  646.000000 -2.15593465808908114E-13 -5.21077269242038750E-13  2.52396802289112521E-13  5.27946940272085152E-14  2.84248540884443435E-16  8.03641935684547043E-18  2.21565683128608692E-20  0.00000000000000000E+00  0.00000000000000000E+00
  648.000000  1.59036241240044427E-13 -1.31077187109893389E-13  2.39625482685273853E-13  5.01779856905060656E-14  3.02511971288625735E-16  7.43779433540216088E-18  1.02085338645287182E-20  0.00000000000000000E+00  0.00000000000000000E+00
  650.000000 -3.66117720628062796E-13 -6.59437770942047899E-13  2.36985448932298431E-13  5.60264512421466456E-14  2.99854211030167010E-16  8.27774969103308206E-18  1.81788187659202292E-20  0.00000000000000000E+00  0.00000000000000000E+00
  652.000000 -1.47044758595922301E-13 -4.64451464911204264E-13  2.59180504972770280E-13  5.79268428614141589E-14  2.90565644246816662E-16  8.77170349166266460E-18  2.11333591224402003E-20  0.00000000000000000E+00  0.00000000000000000E+00
  654.000000  3.71357108887246903E-14 -2.00273670274259620E-13  1.96101302143545899E-13  4.10717487867134014E-14  2.29704348993151604E-16  6.61323149990676844E-18  1.26522319704330951E-20  0.00000000000000000E+00  0.00000000000000000E+00
  656.000000  1.31844874362427933E-13 -1.34333639098753674E-13  2.20391126646392747E-13  4.55212624680346947E-14  2.59808178035995889E-16  6.30944416581498988E-18  6.72455234598183070E-21  0.00000000000000000E+00  0.00000000000000000E+00
  658.000000 -9.01738402191875257E-14 -3.37884988234500358E-13  2.02730992940700230E-13  4.47433636763654787E-14  2.29944923023356896E-16  6.83132338578358447E-18  1.51518380115657990E-20  0.00000000000000000E+00  0.00000000000000000E+00
  660.000000 -1.34638415414845424E-13 -4.75918970687927126E-13  2.85763846238956255E-13  5.52405948119915504E-14  2.68692045829060429E-16  7.40783451640206459E-18  1.43417884809650872E-20  0.00000000000000000E+00  0.00000000000000000E+00
  662.000000 -5.70431789486449321E-14 -3.42005498803226973E-13  2.32991246059698409E-13  5.17016125143940798E-14  2.62234135663790231E-16  7.20817711215144774E-18  1.89677136519292076E-20  0.00000000000000000E+00  0.00000000000000000E+00
  664.000000  1.33961648537349151E-13 -1.37630047553734981E-13  2.25799296767846441E-13  4.55630723835118725E-14  2.22082176648063260E-16  7.23128836861952533E-18  1.34747091206595201E-20  0.00000000000000000E+00  0.00000000000000000E+00
  666.000000 -2.45112854733052373E-13 -5.53841571461246913E-13  2.54204627526158257E-13  5.42213061904199278E-14  2.94991033230883029E-16  7.77421534533045584E-18  1.77630401376604018E-20  0.00000000000000000E+00  0.00000000000000000E+00
  668.000000 -1.01368311369854756E-13 -4.17879706368063134E-13  2.63351273284039782E-13  5.29151060472579944E-14  2.38049962937535932E-16  6.94921243647871129E-18  1.64915365701044682E-20  0.00000000000000000E+00  0.00000000000000000E+00
  670.000000 -1.36124977187213289E-13 -4.20385725977588589E-13  2.36466970862393575E-13  4.75533983649778735E-14  2.33864790745029469E-16  6.50227641410733664E-18  1.24958447063820147E-20  0.00000000000000000E+00  0.00000000000000000E+00
  672.000000 -1.83383943758299803E-13 -4.22899237424511802E-13  1.98234017542739894E-13  4.10922598864637891E-14  1.83370768180540116E-16  5.63371059682240378E-18  1.17582309220709017E-20  0.00000000000000000E+00  0.00000000000000000E+00
  674.000000 -9.78907309940497051E-14 -3.54516867257360610E-13  2.12710120354416386E-13  4.36914342264442474E-14  2.18814198006595413E-16  5.75604406839043112E-18  1.14403753080103040E-20  0.00000000000000000E+00  0.00000000000000000E+00
  676.000000 -7.53910618252133065E-14 -2.85299157220367650E-13  1.68281924766701232E-13  4.14436031606735225E-14  1.77125693655452104E-16  5.42889570847763816E-18  1.28784156651466110E-20  0.00000000000000000E+00  0.00000000000000000E+00
  678.000000 -2.59327415935804976E-13 -5.02232176587945766E-13  2.02910767773254874E-13  3.97974157787323128E-14  1.91312676258073038E-16  5.25579576004049944E-18  8.62813552068792493E-21  0.00000000000000000E+00  0.00000000000000000E+00
  680.000000  9.42518016017100293E-14 -1.44342733862060559E-13  2.07492679926712050E-13  3.09406543776584880E-14  1.56927792170285252E-16  4.25873120198964959E-18  1.46360277656762334E-20  0.00000000000000000E+00  0.00000000000000000E+00
  682.000000 -3.63139393512436958E-13 -5.80772229626791166E-13  1.78088359475402771E-13  3.93467513968346061E-14  1.92192042999741116E-16  5.52569431985476860E-18  7.50479724823658075E-21  0.00000000000000000E+00  0.00000000000000000E+00
  684.000000  4.45580651838685987E-14 -1.46045878230467610E-13  1.60878662738249476E-13  2.95942575515840156E-14  1.26744984807706383E-16  4.26545621949011841E-18  1.26834755251101258E-20  0.00000000000000000E+00  0.00000000000000000E+00
  686.000000  2.23121038272586262E-14 -1.46901196333369965E-13  1.40015202755243249E-13  2.90502854077220890E-14  1.44298774932261521E-16  3.50239744981217271E-18  1.08252811803276630E-20  0.00000000000000000E+00  0.00000000000000000E+00
  688.000000  2.79524549217643454E-13  7.38795058577024147E-14  1.70846357295936832E-13  3.46310183707980096E-14  1.63742038358021181E-16  3.91476635381564210E-18  1.08884943667626079E-20  0.00000000000000000E+00  0.00000000000000000E+00
  690.000000 -1.13615814912490576E-13 -2.97238648753144711E-13  1.49780412848264323E-13  3.36715656790671741E-14  1.66963161578752732E-16  3.88440929288428882E-18  7.74245099845762977E-21  0.00000000000000000E+00  0.00000000000000000E+00
  692.000000  1.16858238227650889E-13 -7.47410671584361834E-14  1.58824767711676891E-13  3.26262275584189205E-14  1.44553074071224768E-16  3.75103822633047479E-18  6.00369371698714900E-21  0.00000000000000000E+00  0.00000000000000000E+00
  694.000000 -1.25152993476647238E-15 -2.25521162304457459E-13  1.90283480694385967E-13  3.38428567130061494E-14  1.39367783711708484E-16  3.91837470601495200E-18  8.80388113352952061E-21  0.00000000000000000E+00  0.00000000000000000E+00
  696.000000  7.95412095226146174E-14 -1.51215246034870122E-13  1.96107272201472193E-13  3.44812108878341507E-14  1.64111089694673723E-16  3.85086023023118174E-18  1.05182534905423985E-20  0.00000000000000000E+00  0.00000000000000000E+00
  698.000000  1.00758142297677999E-13 -7.60427739062839076E-14  1.52085547812567815E-13  2.45802325810351308E-14  1.32566633892714495E-16  2.56313017869016825E-18  6.04628754989149843E-21  0.00000000000000000E+00  0.00000000000000000E+00
  700.000000 -1.56001846241653213E-13 -3.82395867173495337E-13  1.93587907756582020E-13  3.26380847568002898E-14  1.64252375197355568E-16  3.76989104929543343E-18  6.15221318362479284E-21  0.00000000000000000E+00  0.00000000000000000E+00
  702.000000  4.83000827183895854E-14 -1.53833643205360934E-13  1.69457372593405392E-13  3.25243981972271918E-14  1.48467680858445412E-16  3.48200357003425483E-18  5.44868944506522537E-21  0.00000000000000000E+00  0.00000000000000000E+00
  704.000000 -1.49075223490137092E-13 -3.09422873640912721E-13  1.34163824117739496E-13  2.60622293471960184E-14  1.18330547647481926E-16  3.25980740285106459E-18  6.33078977027796320E-21  0.00000000000000000E+00  0.00000000000000000E+00
  706.000000 -3.80025429276799055E-13 -5.44571047001395126E-13  1.37966102309505246E-13  2.64384381077686258E-14  1.37848582312528360E-16  3.22271140699701321E-18  6.01360267043057787E-21  0.00000000000000000E+00  0.00000000000000000E+00
  708.000000 -2.56916487443107878E-13 -4.69423547664134506E-13  1.81534887573239491E-13  3.08288413871221108E-14  1.39824506175134659E-16  3.49747797596554834E-18  9.27651385031487170E-21  0.00000000000000000E+00  0.00000000000000000E+00
  710.000000 -3.56603994210597478E-13 -4.72079404021613804E-13  9.65058156658767956E-14  1.88631988423349931E-14  1.04148580675443018E-16  2.24401548330329085E-18  2.70664583054190544E-21  0.00000000000000000E+00  0.00000000000000000E+00
  712.000000  7.83881572311447191E-14 -7.91237920360817849E-14  1.32285089810324237E-13  2.51125316520767394E-14  1.11678325856591273E-16  2.64339956261061661E-18  6.07940633127162919E-21  0.00000000000000000E+00  0.00000000000000000E+00
  714.000000 -1.53136465823537114E-14 -1.98922330103652180E-13  1.56029702675052191E-13  2.74683764420472841E-14  1.07753642557978094E-16  2.84560675769308352E-18  5.15488333546940399E-21  0.00000000000000000E+00  0.00000000000000000E+00
  716.000000 -5.69318085011930330E-13 -7.20137886177656664E-13  1.28149537036822579E-13  2.25433789238556793E-14  1.24382946699945699E-16  2.49910521743755921E-18  3.15313065102656050E-21  0.00000000000000000E+00  0.00000000000000000E+00
  718.000000 -3.07933891641136963E-13 -4.82777747825507770E-13  1.50868046195471203E-13  2.38481520939195347E-14  1.24925323082594358E-16  2.72890466960980458E-18  3.66722792918030032E-21  0.00000000000000000E+00  0.00000000000000000E+00
  720.000000  7.67032156752023428E-14 -8.09118438949958879E-14  1.35906612792375895E-13  2.16107317434388432E-14  9.55284717006730184E-17  2.17987021449435609E-18  6.69246831529245018E-21  0.00000000000000000E+00  0.00000000000000000E+00
  722.000000 -1.30213894186023828E-13 -2.84766924605240371E-13  1.33484495908706429E-13  2.09761350713681524E-14  9.01628675164602323E-17  2.23079383915510476E-18  5.77778635311062327E-21  0.00000000000000000E+00  0.00000000000000000E+00
  724.000000 -1.38349704940474268E-14 -1.63626723323701256E-13  1.28472544484624823E-13  2.12123510949427151E-14  1.04863317559745070E-16  1.98959419477194885E-18  4.33833178097533036E-21  0.00000000000000000E+00  0.00000000000000000E+00
  726.000000 -4.01798111938260036E-13 -5.75861954532391922E-13  1.49749816301392097E-13  2.42218721109816069E-14  8.94386602356674618E-17  2.71159973192566401E-18  3.92179055373940220E-21  0.00000000000000000E+00  0.00000000000000000E+00
  728.000000 -2.58140611385057973E-13 -4.13599369934852433E-13  1.34419795228827056E-13  2.09627024410340254E-14  7.44701013981820475E-17  1.78606953333497417E-18  4.70900190756988808E-21  0.00000000000000000E+00  0.00000000000000000E+00
  730.000000 -1.88557762669207435E-13 -3.32700012435519386E-13  1.24112699951531636E-13  1.99408820929980488E-14  8.67781194697518907E-17  1.88389427550878165E-18  5.70803698299972697E-21  0.00000000000000000E+00  0.00000000000000000E+00
  732.000000 -1.84006566758278702E-14 -1.67262761740710944E-13  1.30020662446880771E-13  1.87435565524868961E-14  9.58680341779396756E-17  2.01386677453658648E-18  4.16456292933953851E-21  0.00000000000000000E+00  0.00000000000000000E+00
  734.000000 -5.62554285389686575E-13 -7.14756561806877789E-13  1.32702964600174012E-13  1.94209474801616035E-14  7.66650113596495653E-17  1.69408824787928560E-18  5.23724813132984595E-21  0.00000000000000000E+00  0.00000000000000000E+00
  736.000000  7.24032801322650032E-14 -8.45478823120056011E-14  1.38711369418134192E-13  1.81645840904699543E-14  7.32937097755557001E-17  1.91246994360721858E-18  2.75594730015862382E-21  0.00000000000000000E+00  0.00000000000000000E+00
  738.000000 -1.11718147799616341E-14 -1.27512008988270095E-13  9.96187570220860217E-14  1.66446339857735382E-14  7.50707755553805732E-17  1.72907007007786313E-18  3.35482345327607385E-21  0.00000000000000000E+00  0.00000000000000000E+00
  740.000000  6.79437705893808546E-14 -8.54693783119208139E-14  1.34213633130438150E-13  1.91137574545213536E-14  8.38737395124116070E-17  1.88109683642844934E-18  3.47999332758997376E-21  0.00000000000000000E+00  0.00000000000000000E+00
  742.000000 -2.30920015183147873E-13 -3.86693996720525360E-13  1.36954123838519392E-13  1.87556658565619372E-14  6.24467691847568733E-17  1.74274222564907542E-18  2.33088571464131690E-21  0.00000000000000000E+00  0.00000000000000000E+00
  744.000000 -1.83530201033551109E-13 -3.02385541045354151E-13  1.01245158832149829E-13  1.75491608642393018E-14  5.94881222955828302E-17  1.52942973699689220E-18  2.76338134101362658E-21  0.00000000000000000E+00  0.00000000000000000E+00
  746.000000 -1.83830332774599033E-13 -3.04013454879892657E-13  1.04504625114963101E-13  1.56078336210659195E-14  6.90861351475934942E-17  1.57390475755908432E-18  3.32935946126084857E-21  0.00000000000000000E+00  0.00000000000000000E+00
  748.000000 -3.65478696997047590E-14 -1.74654707973093309E-13  1.19392866778481753E-13  1.86338152793559010E-14  7.87846344673854225E-17  1.36764420628339854E-18  3.93687722171775473E-21  0.00000000000000000E+00  0.00000000000000000E+00
  750.000000 -9.49876447308948023E-14 -2.19487423760297045E-13  1.09057813680897592E-13  1.53898408456927026E-14  5.05715957455518414E-17  1.54896443922633940E-18  3.94262716712125474E-21  0.00000000000000000E+00  0.00000000000000000E+00
  752.000000 -2.50205452906192321E-14 -1.76527667322514513E-13  1.33774872892843022E-13  1.76700057622634164E-14  6.06901398370423089E-17  1.55066042969558097E-18  2.57652209728959208E-21  0.00000000000000000E+00  0.00000000000000000E+00
  754.000000 -1.87848900131837109E-13 -3.10568812602866886E-13  1.06064795375532658E-13  1.65726242774269786E-14  8.07306145867306813E-17  1.75989989542286662E-18  2.30358797825471486E-21  0.00000000000000000E+00  0.00000000000000000E+00
  756.000000 -1.42192883330984443E-13 -2.67615923682698916E-13  1.09415885464020144E-13  1.59419642037545259E-14  6.39747538914329505E-17  1.21228755711824405E-18  3.64249126798266296E-21  0.00000000000000000E+00  0.00000000000000000E+00
  758.000000  1.44324295721716909E-14 -8.96779179700702626E-14  8.96779179700702626E-14  1.43843730728359779E-14  4.68668928600297042E-17  1.18797524385739060E-18  1.63123182519612352E-21  0.00000000000000000E+00  0.00000000000000000E+00
  760.000000 -9.85835962761719774E-14 -2.25379441713684519E-13  1.11281099346131735E-13  1.54508171956061088E-14  6.25901159544228919E-17  1.33664932552049223E-18  2.13049476351020680E-21  0.00000000000000000E+00  0.00000000000000000E+00
  762.000000 -1.50076319184702822E-13 -2.71880652121331005E-13  1.06911402266460890E-13  1.48463474587738538E-14  4.52885506030964703E-17  1.29237663785673062E-18  2.28415247923182957E-21  0.00000000000000000E+00  0.00000000000000000E+00
  764.000000 -2.75751869270555969E-14 -1.36654860052469713E-13  9.25267281605263597E-14  1.64813234535937595E-14  7.04619671519933888E-17  1.15730631544918239E-18  2.23782654471936842E-21  0.00000000000000000E+00  0.00000000000000000E+00
  766.000000  1.92778067216281490E-13  9.15808446690821955E-14  8.72879925752189647E-14  1.38623348864333402E-14  4.57652689043036186E-17  1.12789225755626607E-18  1.92438513771273833E-21  0.00000000000000000E+00  0.00000000000000000E+00
  768.000000 -4.73062814025539306E-14 -1.38089546914126351E-13  7.80349783342849422E-14  1.26986643890757480E-14  4.87262080747859501E-17  8.95097150022461469E-19  1.48298692689605012E-21  0.00000000000000000E+00  0.00000000000000000E+00
  770.000000  6.51110526708071888E-14 -4.62698999279929157E-14  9.94079881265472855E-14  1.19289585751856741E-14  4.29791283892298669E-17  1.02524967779108079E-18  1.51900013206689642E-21  0.00000000000000000E+00  0.00000000000000000E+00
  772.000000 -3.01726269030709562E-14 -1.39531725613180646E-13  9.59280613590616815E-14  1.33763324196229479E-14  5.36706886265909061E-17  1.03127562856879230E-18  2.96716988226488020E-21  0.00000000000000000E+00  0.00000000000000000E+00
  774.000000 -2.16539139407769272E-14 -1.40255624401731953E-13  1.03365473191901415E-13  1.51806624718671458E-14  5.44841680586867203E-17  1.08887523879561345E-18  1.75388898403454119E-21  0.00000000000000000E+00  0.00000000000000000E+00
  776.000000  1.83036872481754783E-13  9.39875974330884448E-14  7.74663400718033688E-14  1.15419339621199921E-14  4.01558338642345658E-17  8.43115652422893683E-19  2.06522632104990128E-21  0.00000000000000000E+00  0.00000000000000000E+00
  778.000000  5.27289074850669554E-14 -4.72363469522942527E-14  8.78300826144221261E-14  1.20858622084971623E-14  4.84266977059519982E-17  8.80549401600958473E-19  2.36733436618962737E-21  0.00000000000000000E+00  0.00000000000000000E+00
  780.000000  1.91346574326755866E-13  9.49590390156549095E-14  8.53147616156274537E-14  1.10352789481083343E-14  3.66315186327289679E-17  8.61027467862159206E-19  2.20126456627532435E-21  0.00000000000000000E+00  0.00000000000000000E+00
  782.000000  1.43032742422829542E-13  4.77233163831437843E-14  8.42614804889882407E-14  1.09987330726776698E-14  4.83797886994188714E-17  8.30603145592092606E-19  2.08617482588981416E-21  0.00000000000000000E+00  0.00000000000000000E+00
  784.000000  9.72116046106608096E-14  0.00000000000000000E+00  8.58172805110758102E-14  1.13595472292226449E-14  3.39432347136082573E-17  8.31283313088072808E-19  2.35233565965143128E-21  0.00000000000000000E+00  0.00000000000000000E+00
  786.000000  5.27327815538053379E-14 -4.82127830931258577E-14  9.00223059316959350E-14  1.08761258735469461E-14  4.64390858879634062E-17  6.92563100185592878E-19  1.19270016524117028E-21  0.00000000000000000E+00  0.00000000000000000E+00
  788.000000  1.48952301856263246E-13  4.84584529277916078E-14  8.85881092586190334E-14  1.18543383382927705E-14  5.06038722571676327E-17  7.96462201764496361E-19  9.97100904931682862E-22  0.00000000000000000E+00  0.00000000000000000E+00
  790.000000  1.02358157557535550E-13  0.00000000000000000E+00  9.01798832694609029E-14  1.21286235409876203E-14  4.87244412319853517E-17  9.24614783864831649E-19  1.69107117891290981E-21  0.00000000000000000E+00  0.00000000000000000E+00
  792.000000  1.44472924010193111E-13  4.89516655564725159E-14  8.52829798366669653E-14  1.02062310510809398E-14  3.12782439449659207E-17  7.67367365440861650E-19  1.95466229760438128E-21  0.00000000000000000E+00  0.00000000000000000E+00
  794.000000  8.71207305185703062E-14  0.00000000000000000E+00  7.72581318628751856E-14  9.82542783952610482E-15  3.65037766424936445E-17  6.65677803490203799E-19  1.36172303293464319E-21  0.00000000000000000E+00  0.00000000000000000E+00
  796.000000  1.35842382312262567E-13  4.94473754642859910E-14  7.64889089213173962E-14  9.87498855707664499E-15  3.04632230281150359E-17  6.44720398355279038E-19  1.42615605975464613E-21  0.00000000000000000E+00  0.00000000000000000E+00
  798.000000  1.71094136766411079E-13  7.45442503468011598E-14  8.54152868557096665E-14  1.10894278673463970E-14  4.44081386406915620E-17  7.62746511471323139E-19  8.11401685632987524E-22  0.00000000000000000E+00  0.00000000000000000E+00
  800.000000  7.17402121120866636E-14  0.00000000000000000E+00  6.39927777718910295E-14  7.70644732313931626E-15  4.03917828447768798E-17  5.93909248049306241E-19  1.32496348193957210E-21  0.00000000000000000E+00  0.00000000000000000E+00
  802.000000  1.13666843530340689E-13  2.50978113621898791E-14  7.88228138093775906E-14  9.70579423772186783E-15  3.97801995124431405E-17  6.42134876681566562E-19  1.78666222467775362E-21  0.00000000000000000E+00  0.00000000000000000E+00
  804.000000  1.44672028951126379E-13  5.04462871173106234E-14  8.39457746561497136E-14  1.02469020707037205E-14  3.23775780009747033E-17  6.86309637697109525E-19  1.21932364566386880E-21  0.00000000000000000E+00  0.00000000000000000E+00
  806.000000  1.37926362897362889E-13  5.06975758300246413E-14  7.72345881785531598E-14  9.95137963069819600E-15  4.21119580726160618E-17  7.05592868108198300E-19  1.70714615481377436E-21  0.00000000000000000E+00  0.00000000000000000E+00
  808.000000 -1.28960850885095358E-14 -1.01898977725043599E-13  8.08027049929056721E-14  8.17231791569258341E-15  2.73557302757261033E-17  5.13223625288378268E-19  7.74034799141703997E-22  0.00000000000000000E+00  0.00000000000000000E+00
  810.000000  1.03912978483659143E-13  2.56010131074010489E-14  7.04027860453528869E-14  7.87531164924934547E-15  3.33997592267271383E-17  4.67318908223007352E-19  6.03520911448718101E-22  0.00000000000000000E+00  0.00000000000000000E+00
  812.000000  3.78150093387238653E-14 -5.14551878868655300E-14  7.95947437624951191E-14  9.64784772878728688E-15  2.70383916145924646E-17  5.65855632133882661E-19  1.48706026292806115E-21  0.00000000000000000E+00  0.00000000000000000E+00
  814.000000  1.25733699815342935E-13  5.17089738787120961E-14  6.62521227820998670E-14  7.73867211612561339E-15  3.33359397335141893E-17  5.93688553177530582E-19  1.41011866869967291E-21  0.00000000000000000E+00  0.00000000000000000E+00
  816.000000  5.61805655252291437E-14 -2.59816920951709075E-14  7.22615811396940881E-14  9.86999826662254268E-15  2.99814676620071407E-17  6.95721815452309266E-19  1.02460596212641629E-21  0.00000000000000000E+00  0.00000000000000000E+00
  818.000000  9.43728942355490597E-14  2.61092094108773275E-14  6.16014159537886999E-14  6.64204008938822667E-15  1.97703478548398944E-17  4.57142607238603499E-19  1.29103272888694721E-21  0.00000000000000000E+00  0.00000000000000000E+00
  820.000000  1.28720024977559717E-13  5.24740777729506606E-14  6.88722270769977444E-14  7.34073402438982687E-15  3.25280671619586299E-17  4.57425944465043232E-19  6.10115066819527074E-22  0.00000000000000000E+00  0.00000000000000000E+00
  822.000000  1.35979074380156659E-13  5.27303610439297936E-14  7.53879380549933744E-14  7.82716296745832904E-15  3.31898100748001733E-17  4.21944318422530575E-19  5.59381925283011830E-22  0.00000000000000000E+00  0.00000000000000000E+00
  824.000000 -5.90757876964934157E-14 -1.32468171586730177E-13  6.58201227571565546E-14  7.54188906592418855E-15  2.98647649413137577E-17  5.06115543765390181E-19  1.18667094544494614E-21  0.00000000000000000E+00  0.00000000000000000E+00
  826.000000  2.71672788004519424E-13  1.86356801908331140E-13  7.73713507922981924E-14  7.91652429981680157E-15  2.76741183253807244E-17  4.35978440934538663E-19  9.07306987770033834E-22  0.00000000000000000E+00  0.00000000000000000E+00
  828.000000  3.54763829300803044E-13  2.67514783877830195E-13  7.94184514637308469E-14  7.79816044800120199E-15  3.19667839239999049E-17  4.65597611023941196E-19  1.12970578311573365E-21  0.00000000000000000E+00  0.00000000000000000E+00
  830.000000  2.90132121837687369E-13  2.15046949302710936E-13  6.72021716570971659E-14  7.84900364276252036E-15  3.35313570127422710E-17  4.65045698248683264E-19  8.32405763714939666E-22  0.00000000000000000E+00  0.00000000000000000E+00
  832.000000  2.59804105726678522E-13  1.89073997684504026E-13  6.41501063572424417E-14  6.55481144316395804E-15  2.47546756982542286E-17  4.35090472649141837E-19  4.75597204470561843E-22  0.00000000000000000E+00  0.00000000000000000E+00
  834.000000 -8.53737415304269978E-15 -8.14217570778758193E-14  6.55190701486031923E-14  7.34174046568085951E-15  2.31396518795080100E-17  4.32331653020030502E-19  3.27016531860772008E-22  0.00000000000000000E+00  0.00000000000000000E+00
  836.000000 -6.18460736679153795E-14 -1.36354562236779182E-13  6.62597950869348751E-14  8.21589500977468334E-15  3.23014004322204057E-17  4.96175648245535378E-19  8.96073765850880216E-22  0.00000000000000000E+00  0.00000000000000000E+00
  838.000000 -1.38506966026630475E-14 -8.22046540859338630E-14  6.14394159444349530E-14  6.89052683174738622E-15  2.35973366545353814E-17  4.16889547416262193E-19  4.80886533369563625E-22  0.00000000000000000E+00  0.00000000000000000E+00
  840.000000 -1.26289713499758872E-14 -8.25975073094749644E-14  6.28085211832465892E-14  7.13855409852395926E-15  2.10581464329398220E-17  4.02060931738642216E-19  4.70363853098260107E-22  0.00000000000000000E+00  0.00000000000000000E+00
  842.000000  2.13402446684504869E-14 -5.53275313417938655E-14  7.04561531930656305E-14  6.18652572132363045E-15  2.47201427780441518E-17  3.76358897351159138E-19  5.94179700859878667E-22  0.00000000000000000E+00  0.00000000000000000E+00
  844.000000 -8.61333147187666674E-14 -1.66772046391162602E-13  7.33970725002772894E-14  7.22027414388822532E-15  2.09941006885847695E-17  3.89953160477875652E-19  9.74381351640503073E-22  0.00000000000000000E+00  0.00000000000000000E+00
  846.000000 -3.94938617920827108E-14 -1.11708914477528699E-13  6.45817161823212749E-14  7.60907889141369750E-15  2.38369651931257688E-17  4.19893468573042944E-19  7.53049311340366983E-22  0.00000000000000000E+00  0.00000000000000000E+00
  848.000000 -3.99280630976998441E-14 -1.12237713333848635E-13  6.55450708726967634E-14  6.74083922854657293E-15  2.33610925055622700E-17  3.78187789434440782E-19  8.54610458219195448E-22  0.00000000000000000E+00  0.00000000000000000E+00
  850.000000  1.64265959813175333E-14 -5.63838804148674065E-14  6.51938617296904336E-14  7.58484328823045385E-15  3.14027654288125645E-17  3.68001157368897265E-19  6.11677865516447545E-22  0.00000000000000000E+00  0.00000000000000000E+00
  852.000000 -4.56006621204118392E-14 -1.13299056965187297E-13  6.19604217778368093E-14  5.71197638264433042E-15  2.56349575662524102E-17  3.61082491404256707E-19  6.44236664944720349E-22  0.00000000000000000E+00  0.00000000000000000E+00
  854.000000  3.74978472679186905E-16 -5.69158008701030369E-14  5.18022718856797153E-14  5.47481092354018464E-15  1.34340865281586670E-17  2.62066460681883092E-19  3.80573481376811759E-22  0.00000000000000000E+00  0.00000000000000000E+00
  856.000000  1.40308792338390017E-14 -5.71826975773955467E-14  6.50006445118050903E-14  6.18455444989898150E-15  2.80030395564962485E-17  3.74066892809817884E-19  7.43081166534309487E-22  0.00000000000000000E+00  0.00000000000000000E+00
  858.000000 -5.83253032212981613E-14 -1.14900437208942406E-13  5.09421860281834501E-14  5.61037291059289125E-15  2.22990407676885413E-17  2.75656139711137541E-19  3.51960509324015260E-22  0.00000000000000000E+00  0.00000000000000000E+00
  860.000000 -1.06634419809965524E-13 -1.73155091853990092E-13  5.99729875431788546E-14  6.53136271763707760E-15  1.60179556940431965E-17  3.03389920053357904E-19  4.37594537196025278E-22  0.00000000000000000E+00  0.00000000000000000E+00
  862.000000 -2.23636315409386922E-14 -8.69807004269579510E-14  5.86666703400575750E-14  5.93178930320562880E-15  1.83045780444609852E-17  3.03938601167822469E-19  7.26110425286822711E-22  0.00000000000000000E+00  0.00000000000000000E+00
  864.000000 -4.31379714736034887E-16 -5.82565276043970378E-14  5.23398490195754663E-14  5.46154946291222190E-15  2.34453722467952250E-17  3.03397422995221092E-19  6.37503526501045716E-22  0.00000000000000000E+00  0.00000000000000000E+00
  866.000000 -6.76897037217963778E-14 -1.17053091821210535E-13  4.48093867128071572E-14  4.53666463052177055E-15  1.70515630490206800E-17  2.84745056030342290E-19  4.47980174052330748E-22  0.00000000000000000E+00  0.00000000000000000E+00
  868.000000 -4.91732661938393315E-15 -5.87971885365966307E-14  4.82320687214269230E-14  5.62707468416647467E-15  2.04667795332505884E-17  2.51234975648955777E-19  4.97110399588748153E-22  0.00000000000000000E+00  0.00000000000000000E+00
  870.000000  2.17219934191117982E-14 -2.95342277411855766E-14  4.66087031540584855E-14  4.62914409419949725E-15  1.80825941179667861E-17  2.90682277426914472E-19  6.35643996490594386E-22  0.00000000000000000E+00  0.00000000000000000E+00
  872.000000 -1.77219089449426864E-13 -2.37361386991715137E-13  5.47043821582468510E-14  5.41828361419076311E-15  1.94108380647083017E-17  2.20396837993282824E-19  5.34947973360858774E-22  0.00000000000000000E+00  0.00000000000000000E+00
  874.000000  5.52360595190735678E-16 -5.96128623332695745E-14  5.51884702069722244E-14  4.96288722061643660E-15  1.36158757484608299E-17  2.48946319057029468E-19  6.78804132269338028E-22  0.00000000000000000E+00  0.00000000000000000E+00
  876.000000  6.27770550420283683E-14  0.00000000000000000E+00  5.73127755797125072E-14  5.44617574067421147E-15  1.77903077099414496E-17  3.12776025899602655E-19  6.37905812451267043E-22  0.00000000000000000E+00  0.00000000000000000E+00
  878.000000  2.77397834083581247E-14 -3.00798832316502783E-14  5.24047965676407211E-14  5.39763529669505692E-15  1.69393263323683648E-17  2.94932174182323856E-19  5.17166074688354359E-22  0.00000000000000000E+00  0.00000000000000000E+00
  880.000000  3.42690443885704819E-14 -3.02170775039953868E-14  5.87816585819910260E-14  5.68783368056163199E-15  1.63105639145482902E-17  3.18790836227368320E-19  2.75262435279744575E-22  0.00000000000000000E+00  0.00000000000000000E+00
  882.000000 -4.35404447389187260E-14 -9.10637518086961553E-14  4.31604240343299473E-14  4.34272123697069865E-15  1.99743870887757431E-17  1.86807560409066615E-19  6.03827593161683965E-22  0.00000000000000000E+00  0.00000000000000000E+00
  884.000000 -1.55692757909500437E-14 -6.09848050567206093E-14  4.07359440027313424E-14  4.66021581610194144E-15  1.91490622185947983E-17  2.20143333449819196E-19  2.41385234045854393E-22  0.00000000000000000E+00  0.00000000000000000E+00
  886.000000 -1.14450044585468799E-14 -6.12610665607602153E-14  4.59457999205701584E-14  3.85125113266497902E-15  1.87684227301065614E-17  2.42136387605095598E-19  4.89860483141641255E-22  0.00000000000000000E+00  0.00000000000000000E+00
  888.000000  4.50745561775842310E-14  0.00000000000000000E+00  4.08650465053871366E-14  4.19918400671165599E-15  1.01235359061627992E-17  2.01737128564838412E-19  3.92450712861951464E-22  0.00000000000000000E+00  0.00000000000000000E+00
  890.000000 -3.99451468930327198E-14 -9.27231937922833318E-14  4.78103967991460973E-14  4.95006633526512615E-15  1.73907865961224790E-17  1.92399393552175992E-19  5.78849723924788887E-22  0.00000000000000000E+00  0.00000000000000000E+00
  892.000000  2.12494913548318419E-14 -3.10467984957889688E-14  4.77829633099252072E-14  4.49481237988351022E-15  1.83276827515538899E-17  1.86209922947809991E-19  2.68137590424896210E-22  0.00000000000000000E+00  0.00000000000000000E+00
  894.000000 -1.40255116551014754E-15 -6.23723557747501422E-14  5.62813054061221975E-14  4.66726734496116151E-15  2.10123392843537214E-17  2.19343244475737691E-19  1.75627804745660289E-22  0.00000000000000000E+00  0.00000000000000000E+00
  896.000000 -7.16919209903830249E-14 -1.25303477755410911E-13  4.91914043531984249E-14  4.40520038983866513E-15  1.47431531601656159E-17  2.08305854157925084E-19  5.62976474713404850E-22  0.00000000000000000E+00  0.00000000000000000E+00
  898.000000  4.34955688604611147E-14  0.00000000000000000E+00  3.98239957057496831E-14  3.65667861804337365E-15  1.46890114851318878E-17  2.05251365475500640E-19  2.73817453763807669E-22  0.00000000000000000E+00  0.00000000000000000E+00
  900.000000 -1.00181845529191070E-14 -6.32123780429655213E-14  4.83969769391454798E-14  4.78413993977522245E-15  1.29007805835672584E-17  1.75435921706293940E-19  3.94620440499161622E-22  0.00000000000000000E+00  0.00000000000000000E+00
