# Wavelength | Total | n= 1 | ...
  300.000000 -2.19982655295529278E-13 -1.54519146327249141E-12  1.26424756085931108E-12  5.26769817024712930E-14  8.06616282319091750E-15  2.12628441767787788E-16  5.38537258005611704E-18  8.79141979020354884E-20  8.63443015109277112E-22
  302.000000  1.14586813525562088E-13 -8.54106922523056047E-13  9.25282499399977300E-13  3.73671778603837046E-14  5.89422746012004806E-15  1.45965538517123846E-16  3.80118589888343336E-18  6.40601641441292939E-20  5.43556856355401690E-22
  304.000000 -1.02194485948876782E-13 -1.81745981797915240E-12  1.64436840674304274E-12  6.13032081461222118E-14  9.35324683111791062E-15  2.34183326155625398E-16  6.19023124823962777E-18  9.58626089137109008E-20  8.89980078550076738E-22
  306.000000  1.47457885987952642E-13 -1.34455256592509483E-12  1.43224077674629662E-12  5.11514563123677374E-14  8.39203580124783177E-15  2.21218630815206442E-16  4.87818301318814637E-18  8.62393068402904403E-20 -0.00000000000000000E+00
  308.000000  3.57986063138327535E-13 -1.21412217411053439E-12  1.51024953364968901E-12  5.27476859179119319E-14  8.90695573613863696E-15  1.98815976253094582E-16  5.16808574635174855E-18  7.78831227997851465E-20 -0.00000000000000000E+00
  310.000000  5.13362673850576473E-13 -1.19994262319584955E-12  1.63492182410434486E-12  6.93716829035100479E-14  8.78864225973522628E-15  2.17885089355935819E-16  5.17820393558618475E-18  8.44855441838560821E-20 -0.00000000000000000E+00
  312.000000 -1.51830256168937352E-13 -2.00553490401063189E-12  1.77763321037305996E-12  6.55217369208018907E-14  1.03267954929524710E-14  2.16996241500617670E-16  5.82481898258869502E-18  8.39943968649100568E-20 -0.00000000000000000E+00
  314.000000 -2.96176733801762209E-13 -2.12366245017862665E-12  1.75432985014756124E-12  6.25172369844251534E-14  1.03995019214476449E-14  2.33876081867816466E-16  5.16593755129715079E-18  8.53040114116894562E-20 -0.00000000000000000E+00
  316.000000  5.22646313057219225E-13 -1.46503879223379358E-12  1.91701884515698513E-12  6.03938863819781914E-14  1.00453540857120999E-14  2.21644649807852184E-16  5.29140928994067699E-18  8.36072394829109799E-20 -0.00000000000000000E+00
  318.000000 -5.14277754566088094E-13 -2.46221483626130413E-12  1.86244455563355041E-12  7.49712850784691905E-14  1.02962208948226599E-14  2.19642436753327707E-16  5.29839211466360684E-18  7.92595056215214697E-20 -0.00000000000000000E+00
  320.000000  3.59304987597755247E-14 -1.98184071960088711E-12  1.93389296025570435E-12  7.39194623238234111E-14  9.73938861699024571E-15  2.14609925454512628E-16  4.72507648372861630E-18  7.21622063795247367E-20 -0.00000000000000000E+00
  322.000000  3.42715681341701542E-13 -1.74776325466849032E-12  2.00669114424900747E-12  7.38349060131943231E-14  9.73508178598623794E-15  2.13350006673399698E-16  4.38305858617227374E-18  7.08967442965805818E-20 -0.00000000000000000E+00
  324.000000 -6.18559547801046955E-13 -3.34246827130228154E-12  2.63792839058660439E-12  7.37309177493150280E-14  1.19684736277099923E-14  2.75010882989659764E-16  5.84398126353026970E-18  8.66733517945039116E-20 -0.00000000000000000E+00
  326.000000 -1.46646385013099559E-13 -2.58765816164813812E-12  2.33884487687427873E-12  9.12315377504151323E-14  1.06911958301267737E-14  2.38932028021772570E-16  5.15703397345722095E-18  7.71182227625888024E-20 -0.00000000000000000E+00
  328.000000 -5.83800882570543563E-13 -3.08967369927133447E-12  2.41800550377756618E-12  7.76616351039669665E-14  9.97007477686062374E-15  2.30598974588162076E-16  4.93225584535791064E-18  7.18119636575548003E-20 -0.00000000000000000E+00
  330.000000 -4.03078023130043171E-13 -3.39942121919947993E-12  2.88950803631955788E-12  9.45464026589855368E-14  1.20174851694356604E-14  2.65579782749959362E-16  5.60855742379674944E-18  8.35812838625780009E-20 -0.00000000000000000E+00
  332.000000  4.93603606457089630E-14 -2.47734085596722975E-12  2.44293334407879590E-12  7.31159627629217101E-14  1.04163366068500593E-14  2.31007465071271506E-16  4.49545777198355036E-18  7.02415276872429744E-20 -0.00000000000000000E+00
  334.000000 -6.76754716744993073E-13 -3.55197750412853654E-12  2.76845305468841824E-12  9.57640993760144640E-14  1.07462554697516228E-14  2.55053531718788509E-16  4.25089219531314198E-18  7.34254450240246127E-20 -0.00000000000000000E+00
  336.000000 -2.79671905504804122E-13 -3.24222748692125688E-12  2.83694905105609982E-12  1.14535210135805271E-13  1.08065072063229736E-14  2.60268187094960125E-16  4.46999856451829805E-18  7.48325652542125730E-20 -0.00000000000000000E+00
  338.000000  1.12877101638474534E-14 -2.49636762567821705E-12  2.40721163904685191E-12  9.13848862971490110E-14  8.84594554858073600E-15  2.08959343667261475E-16  3.84316501210946386E-18  6.24408032249532560E-20 -0.00000000000000000E+00
  340.000000 -6.79944438852142898E-13 -5.12416705210315021E-12  4.27615349066354428E-12  1.51108799511844656E-13  1.65627648718673001E-14  3.90942920845272068E-16  6.50424401758419156E-18  1.11038888031674577E-19 -0.00000000000000000E+00
  342.000000 -5.86279488468026296E-13 -4.23533046868356055E-12  3.50510107753122265E-12  1.30072110299010223E-13  1.35491781561468982E-14  3.23130071158108575E-16  5.39710786955892528E-18  8.70501269283697727E-20 -0.00000000000000000E+00
  344.000000 -6.91441151939134900E-13 -4.21113183388903785E-12  3.37998739298988557E-12  1.26980400692926037E-13  1.24094482495359518E-14  3.08883432083289527E-16  4.47401869007501943E-18  8.25667819280576906E-20 -0.00000000000000000E+00
  346.000000 -1.14434082784975335E-12 -5.68032110404115009E-12  4.33498189518929897E-12  1.84517009547389327E-13  1.60576511473202725E-14  4.17407693176080995E-16  6.20124134329218678E-18  1.11372868952805084E-19 -0.00000000000000000E+00
  348.000000  1.02084862320804349E-13 -3.47795065880201285E-12  3.44014684729329523E-12  1.27587863841921661E-13  1.19613622351801557E-14  3.34567423630617786E-16  4.79498570505087966E-18  8.53430843885348130E-20 -0.00000000000000000E+00
  350.000000 -7.80466068944351051E-13 -4.74170875295134214E-12  3.78571908501760435E-12  1.62518243548735526E-13  1.26220510844376399E-14  3.78101382337074258E-16  5.10553564112561734E-18  9.74382360080893466E-20 -0.00000000000000000E+00
  352.000000  4.22777962149183662E-13 -4.02249735733186557E-12  4.25456451256255006E-12  1.76467732623333031E-13  1.38243129580778878E-14  4.13124106499936867E-16  5.53291214062415491E-18  1.04318447651351245E-19 -0.00000000000000000E+00
  354.000000  3.71223034598185277E-13 -6.10250611963374756E-12  6.18074337757777035E-12  2.71385488493327733E-13  2.09345787858028716E-14  6.56593198687932229E-16  8.95354361847180300E-18  1.62632725882397973E-19 -0.00000000000000000E+00
  356.000000  6.05775075786467568E-13 -3.00670409737110778E-12  3.40232305755151693E-12  1.97809480090204475E-13  1.18994765366763614E-14  4.41883970416350303E-16  5.16889548728141997E-18  1.06113274145832072E-19 -0.00000000000000000E+00
  358.000000 -1.75823012518901455E-12 -6.40122565491250377E-12  4.40084263775234619E-12  2.30044046973418096E-13  1.15647143179571596E-14  5.39654109853997577E-16  4.34958770668521748E-18  1.26982206897471396E-19 -0.00000000000000000E+00
  360.000000 -8.91909075968438317E-13 -6.95841857496964649E-12  5.74474091654470775E-12  3.11004899971390465E-13  1.01139804868744860E-14  6.49408415050778804E-16  1.54327094831458832E-19  1.39256089476824169E-19 -0.00000000000000000E+00
  362.000000 -2.01882000100144842E-12 -8.34496288950876416E-12  5.89056203965324510E-12  4.26963481172782983E-13  7.82979437779429814E-15  7.91468373010456822E-16 -4.05721169129966010E-18  1.62142173961194359E-19 -0.00000000000000000E+00
  364.000000 -2.64184039115298044E-12 -8.76830664261887263E-12  5.66631136810747867E-12  4.54959306928337696E-13  4.36218085478164652E-15  8.40628602223546526E-16 -7.41545501210711127E-18  1.82428082079762714E-19 -0.00000000000000000E+00
  366.000000 -3.32134172583695577E-13 -6.52324770788772652E-12  5.64511820874899468E-12  5.43603975657310611E-13  1.30674032609930425E-15  1.09745769574746258E-15 -1.30801643969901057E-17  2.33040276508874807E-19 -0.00000000000000000E+00
  368.000000 -2.74729116890596087E-12 -1.11603204651847396E-11  7.52476152576849927E-12  8.98321249565059475E-13 -1.18895459501257871E-14  1.85774155470715413E-15 -2.20929334196944578E-17  4.18274058812645989E-19 -0.00000000000000000E+00
  370.000000 -1.06567506220142812E-12 -9.91444788418281391E-12  7.69224404807287381E-12  1.16452027949992102E-12 -1.03498075299591604E-14  2.37878640809545233E-15 -2.10295673413043685E-17  5.45097796879740180E-19 -0.00000000000000000E+00
  372.000000 -3.25547843392479785E-12 -1.36505472814759868E-11  8.94197242805547341E-12  1.44713080357419489E-12  3.03735476496449482E-15  2.94243742855935442E-15 -1.48308338133031970E-17  6.56573371943110291E-19 -2.01156057580609764E-21
  374.000000 -9.96461002652476357E-13 -1.13525560182510653E-11  8.77639907564793840E-12  1.57189237175783978E-12  4.43459219462932268E-15  3.37924453292667123E-15 -1.09932048094026172E-17  7.26113669939235367E-19 -1.44360636664666523E-21
  376.000000 -4.44895759616640953E-12 -1.50048517224137342E-11  9.13530678394012558E-12  1.41222133858011611E-12  5.17170900358929262E-15  3.19999494597087484E-15 -6.39729629350237994E-18  6.97073814875876106E-19 -0.00000000000000000E+00
  378.000000 -1.42123427017167127E-12 -9.81258386836562778E-12  7.71625913285115245E-12  6.69039809206747339E-13  4.35572792452309479E-15  1.69873389056400694E-15 -4.16856774026624323E-18  3.62888709532105992E-19 -0.00000000000000000E+00
  380.000000 -2.18043741085428991E-12 -1.11788203089987521E-11  8.65457056180548683E-12  3.32434676527684705E-13  1.03885836414901470E-14  9.90436999718340295E-16 -1.59054552906157071E-18  2.29715612727642410E-19 -0.00000000000000000E+00
  382.000000 -1.58769463427105133E-12 -9.83914992377781933E-12  8.10818836311320324E-12  1.30960907550283466E-13  1.18327450436057757E-14  4.72642541685381071E-16  5.21296920976523258E-19  1.09961069268485363E-19 -0.00000000000000000E+00
  384.000000 -4.62834877603231602E-12 -1.69389844214661676E-11  1.22899696753572465E-11 -0.00000000000000000E+00  2.03178630225211949E-14  3.45560999968211722E-16  2.45825914611532735E-18  8.77949695041188287E-20 -0.00000000000000000E+00
  386.000000 -1.85263898512683810E-12 -1.22787918539598952E-11  1.04183688457841544E-11 -1.16276438010983861E-14  1.92582850455692011E-14  1.50455351918509384E-16  2.88313616589124711E-18  4.33163486462026301E-20 -0.00000000000000000E+00
  388.000000 -2.37002999975402984E-12 -1.61658667584912136E-11  1.38161768226640011E-11 -4.69937987165442224E-14  2.65257965411743751E-14  1.23335775440149029E-16  4.57131144436598859E-18  3.11616665554973188E-20 -0.00000000000000000E+00
  390.000000 -5.76729830791065384E-12 -2.16506608955693180E-11  1.59531185546300233E-11 -1.00893978954133339E-13  3.10657012404730433E-14  6.66521575122089556E-17  5.63735978958560775E-18  2.12249992077771378E-20 -0.00000000000000000E+00
  392.000000 -3.36770335783938635E-12 -2.22570302363048673E-11  1.88992886058278400E-11 -4.79677375782432478E-14  3.79432299202900668E-14  5.56266488028943963E-17  7.13631349773974082E-18  1.73332935016214662E-20 -0.00000000000000000E+00
  394.000000  1.58278453492524610E-12 -2.09340516648059742E-11  2.25816390643508879E-11 -1.09031519087531124E-13  4.41994092134349223E-14  2.07036847225672137E-17  8.52640587346797084E-18  1.51638315839115350E-20 -0.00000000000000000E+00
  396.000000  3.42767653390958520E-12 -1.76225996003301043E-11  2.10492161892831813E-11 -4.28327073619134522E-14  4.38844033016032911E-14 -0.00000000000000000E+00  8.23971650192012730E-18  9.30031740434504409E-21 -0.00000000000000000E+00
  398.000000  7.53967180463313570E-12 -1.70098971597143817E-11  2.46247929812144236E-11 -1.23618438660714981E-13  4.83850295070454727E-14 -0.00000000000000000E+00  9.38418170680323770E-18  8.10505643646636449E-21 -0.00000000000000000E+00
  400.000000  6.85777443415921815E-12 -1.55830217871843928E-11  2.24755121930544135E-11 -8.11615718082520460E-14  4.64337838710672778E-14  3.04843644111523601E-18  8.76425476820630320E-18  3.53517409553158466E-21 -0.00000000000000000E+00
  402.000000  1.33284828758599058E-11 -2.09856554408012195E-11  3.43034752397712219E-11 -5.67520730069744489E-14  6.73930866957821628E-14  9.23699104931224754E-18  1.28211360137589279E-17  5.07403072777162035E-21 -0.00000000000000000E+00
  404.000000  1.58950530791874075E-11 -1.79342200796076742E-11  3.38304606047144726E-11 -7.00555471859674775E-14  6.88614185407521155E-14 -6.21942002716330560E-18  1.29004376344676373E-17  1.70821472914031211E-21 -0.00000000000000000E+00
  406.000000  2.57848819939862429E-11 -1.97587921485563635E-11  4.54863860919891312E-11 -3.21594924292909563E-14  8.94435883189654747E-14 -1.25623017301917798E-17  1.65125567664434930E-17  4.40876678153092839E-21 -0.00000000000000000E+00
  408.000000  2.51413475374632998E-11 -2.99309092936368858E-11  5.50811872417623255E-11 -1.16917614428269085E-13  1.07986407770554081E-13 -1.90295596400177537E-17  1.98224579583518262E-17  3.09725905599247306E-21 -0.00000000000000000E+00
  410.000000  4.31189723825616014E-11 -2.43479720866491055E-11  6.73767158604686493E-11 -3.93555583297129986E-14  1.29545379501971953E-13  1.60138176797334772E-17  2.27696470133710378E-17  4.10510462981449034E-21 -0.00000000000000000E+00
  412.000000  4.69202567999990218E-11 -3.39118519262029252E-11  8.07525973992707231E-11 -7.28574943727016022E-14  1.52338397324739718E-13  3.23408622037915486E-18  2.71865372900622703E-17  3.35568028237583221E-21 -0.00000000000000000E+00
  414.000000  4.26335220236220001E-11 -2.14011827102264172E-11  6.39895363035769849E-11 -7.35665655664033061E-14  1.18709685345787150E-13  4.89834198995050436E-18  2.04097582914604351E-17  2.39176854978051971E-21 -0.00000000000000000E+00
  416.000000  6.18491846513575628E-11 -1.72867655025832266E-11  7.90869521743182521E-11 -9.45369988422520128E-14  1.43493658956989669E-13  1.64859442735512033E-17  2.48319535620364981E-17  1.60995549546398462E-21 -0.00000000000000000E+00
  418.000000  4.71484501980204118E-11 -2.09440607595692817E-11  6.80681974686001598E-11 -9.54481935657454222E-14  1.19736349964171721E-13  4.99345320691329996E-18  2.03379187906572932E-17  1.21910478684406737E-21 -0.00000000000000000E+00
  420.000000  4.71782564083502272E-11 -2.11449618712255909E-11  6.82806060424993087E-11 -7.57143817003520497E-14  1.18303721406800086E-13  3.36090117632954783E-18  1.95352380874154956E-17  1.23079877062849647E-21 -0.00000000000000000E+00
  422.000000  4.58547407286935789E-11 -2.66835274225860172E-11  7.24902494980253439E-11 -7.64371879292828626E-14  1.24427581487156476E-13  8.48246492468071428E-18  1.97747463556619165E-17  2.48509714590255324E-21 -0.00000000000000000E+00
  424.000000  2.58120589108693168E-11 -4.04055768001855067E-11  6.62202508669706955E-11 -1.12237713333848635E-13  1.09607141927586554E-13 -1.71261159261853996E-18  1.71261159261853992E-17  1.98606080686964455E-21 -0.00000000000000000E+00
  426.000000  1.69503739800805276E-11 -3.44429133174169383E-11  5.14377718621950304E-11 -1.27461439085835709E-13  8.29827077381742842E-14 -1.90168705233316081E-17  1.31821488854912275E-17  1.37173360264621196E-21 -0.00000000000000000E+00
  428.000000  9.77578206325720969E-12 -3.47670801270564940E-11  4.46025041103685290E-11 -1.28661069549139967E-13  6.90213029352157174E-14 -1.22155420850149178E-17  1.00614621191305908E-17  6.39066445574859679E-22 -0.00000000000000000E+00
  430.000000 -3.50662281428125334E-12 -3.69397529288512197E-11  3.34766510917714199E-11 -9.37923414209113000E-14  5.02781060982288920E-14 -1.40913974490551833E-17  7.34844359159713694E-18  1.07508830635491816E-21 -0.00000000000000000E+00
  432.000000 -8.47587230354750262E-12 -3.91483865501548082E-11  3.07594465751216345E-11 -1.31077187109893338E-13  4.41475248252071327E-14 -8.88924066229202885E-18  6.22246846360441974E-18  5.42556192766847464E-22 -0.00000000000000000E+00
  434.000000 -2.64817146337820010E-11 -5.73860560117183120E-11  3.10449155473230230E-11 -1.83741214176864461E-13  4.31791853315631487E-14 -1.79434779469594225E-17  5.80359364846968805E-18 -6.57109788096658483E-22 -0.00000000000000000E+00
  436.000000 -4.09321143484088941E-11 -6.83600794536139547E-11  2.75339208910389545E-11 -1.40933323526330874E-13  3.50015326520986186E-14 -2.89747786855121017E-17  4.98004008657239239E-18 -2.21060018047425092E-22 -0.00000000000000000E+00
  438.000000 -3.36945453935102210E-11 -5.55742100772291449E-11  2.20380488237287974E-11 -1.87143756994979611E-13  2.87733526379781140E-14 -1.73619696430889274E-17  3.62659563268469356E-18 -2.78865928940444595E-22 -0.00000000000000000E+00
  440.000000 -3.76327959594595311E-11 -5.70498423275432877E-11  1.95806662225890119E-11 -1.88856734399971169E-13  2.52595882259961438E-14 -2.58202566562460573E-17  3.11226307910108743E-18 -3.37702157020517268E-22 -0.00000000000000000E+00
  442.000000 -4.82320938551899732E-11 -6.53757110208044944E-11  1.73196846361086538E-11 -1.98200616434341987E-13  2.21546362120117836E-14 -2.41944111858327620E-17  2.70442336572409467E-18 -2.83982628289240479E-22 -0.00000000000000000E+00
  444.000000 -4.93594557995916125E-11 -6.89225066707329369E-11  1.96921447630665529E-11 -1.53844880961457445E-13  2.47594105297345582E-14 -1.12679356172942477E-17  2.84632748666026549E-18  1.14623368502749094E-22 -0.00000000000000000E+00
  446.000000 -5.28250611865163604E-11 -7.05383261824325379E-11  1.78829559335744444E-11 -1.90161640786707431E-13  2.04957380694856879E-14 -2.74767198601647970E-17  2.44270408239611603E-18 -9.25266697877316737E-22 -0.00000000000000000E+00
  448.000000 -5.33752682050175124E-11 -6.86663058099651746E-11  1.54123277639155427E-11 -1.37050678794980672E-13  1.57853013969218822E-14 -2.67677107021446655E-17  1.98666602867479926E-18 -5.25140808801491872E-22 -0.00000000000000000E+00
  450.000000 -4.57619500353003076E-11 -5.76496887751845532E-11  1.20103518281634483E-11 -1.38277076968987071E-13  1.56796328348762118E-14 -1.73617981685391130E-17  1.71809461042834977E-18 -4.41533359999061961E-22 -0.00000000000000000E+00
  452.000000 -4.07535576927251179E-11 -5.00000033580888172E-11  9.31122511515429546E-12 -7.57334234537378408E-14  1.09614165525146886E-14 -8.75823410623510202E-18  1.31525564268981998E-18  8.90933645246897624E-23 -0.00000000000000000E+00
  454.000000 -3.68897373822733757E-11 -4.68403558975230967E-11  1.00372191208978060E-11 -9.65117223163250594E-14  9.92763810285114613E-15 -1.76718241546005373E-17  1.15050938506513908E-18 -1.19844727610951984E-22 -0.00000000000000000E+00
  456.000000 -4.01901357126831957E-11 -4.72539552674579558E-11  7.14002071348952623E-12 -8.51934289677727559E-14  9.00109145344027628E-15 -9.90436999718340320E-18  1.08329046844193463E-18 -1.20902954067180205E-22 -0.00000000000000000E+00
  458.000000 -4.02960396753395074E-11 -5.08124082163772174E-11  1.06077450142436978E-11 -1.02312355461455414E-13  1.09346329899430484E-14 -0.00000000000000000E+00  1.24893012037909441E-18  3.35406038187745099E-22 -0.00000000000000000E+00
  460.000000 -2.21485457747539757E-11 -3.06486073381020258E-11  8.58689429731306699E-12 -9.49512350183656415E-14  8.12761930184379853E-15 -1.00788929834372505E-17  9.60644487483862924E-19 -0.00000000000000000E+00 -0.00000000000000000E+00
  462.000000 -1.84169010904596872E-11 -2.45193453698420126E-11  6.12983634246050315E-12 -3.33143279481549087E-14  5.92110125641034494E-15  5.08336302919844188E-19  6.55277265482611610E-19 -0.00000000000000000E+00 -0.00000000000000000E+00
  464.000000 -2.12171311613235585E-11 -2.74203646143231117E-11  6.25023016944129763E-12 -5.25052937621076693E-14  5.51305584502130521E-15 -5.12747009395582739E-18  6.48945433766284392E-19 -0.00000000000000000E+00 -0.00000000000000000E+00
  466.000000 -2.40516845607346671E-11 -3.03687522493906420E-11  6.37201498089892915E-12 -6.14323252812729258E-14  6.48746538530683901E-15 -3.10306061159447010E-18  6.70713621776929770E-19 -0.00000000000000000E+00 -0.00000000000000000E+00
  468.000000 -2.06044316205702122E-11 -2.57073110423180912E-11  5.12778810684536428E-12 -2.99120972899312886E-14  5.00760557309117605E-15 -4.69463022477297773E-18  5.01249581290864798E-19 -0.00000000000000000E+00 -0.00000000000000000E+00
  470.000000 -1.98305795102390155E-11 -2.48242032172285964E-11  5.03379676349357636E-12 -4.52524537814062925E-14  5.08416705430978425E-15 -5.26093445189340268E-18  4.91157552344735635E-19 -0.00000000000000000E+00 -0.00000000000000000E+00
  472.000000 -1.63883270552814059E-11 -2.05850918679383443E-11  4.24219798629810484E-12 -4.99849147975698831E-14  4.55025718945269345E-15  1.06116072515221392E-18  4.22806226427835253E-19 -0.00000000000000000E+00 -0.00000000000000000E+00
  474.000000 -1.53446993060807669E-11 -1.90766753371719526E-11  3.75221371521580717E-12 -2.41088498057090397E-14  3.86974435801863823E-15  1.07017266538126066E-18  3.51150405828226157E-19 -0.00000000000000000E+00 -0.00000000000000000E+00
  476.000000 -1.40492038113021889E-11 -1.75405290189176012E-11  3.50103300982427893E-12 -1.32614886735768155E-14  3.55711805567294732E-15 -3.77727948873037539E-18  3.45688524638270976E-19 -0.00000000000000000E+00 -0.00000000000000000E+00
  478.000000 -1.05125950574296553E-11 -1.42647081331051266E-11  3.78014765527285884E-12 -3.12040490411674625E-14  3.16916123074357061E-15 -0.00000000000000000E+00  3.08213037148154261E-19 -0.00000000000000000E+00 -0.00000000000000000E+00
  480.000000 -1.12433057942400684E-11 -1.49597009156970231E-11  3.73992522892425577E-12 -2.69706146316653065E-14  3.44156280456145817E-15 -1.37179639850185669E-18  3.16156201217224814E-19 -0.00000000000000000E+00 -0.00000000000000000E+00
  482.000000 -1.14123226761106482E-11 -1.50846248070242808E-11  3.69863396710691480E-12 -2.94621578262192984E-14  3.13389539377452859E-15 -3.87310518298405741E-18  2.99344345894694148E-19 -0.00000000000000000E+00 -0.00000000000000000E+00
  484.000000 -1.58673561546673987E-11 -1.95975877859912462E-11  3.74767303743302792E-12 -2.05664983761568593E-14  3.12425105540577274E-15  5.57901974179602292E-19  2.83309596263079302E-19 -0.00000000000000000E+00 -0.00000000000000000E+00
  486.000000 -9.81433214530019834E-12 -1.23867941818849219E-11  2.58058212122602552E-12 -1.03684103084974234E-14  2.25008904264267025E-15 -1.96882791231233652E-18  2.05452466295985993E-19 -0.00000000000000000E+00 -0.00000000000000000E+00
  488.000000 -1.06305776519247737E-11 -1.33810209392568783E-11  2.76912794437399282E-12 -2.09078452175888743E-14  2.22327347148839998E-15 -2.83580799934744920E-19  1.98285012454372427E-19 -0.00000000000000000E+00 -0.00000000000000000E+00
  490.000000 -1.11115976140424126E-11 -1.34909261938809136E-11  2.39838687891216248E-12 -2.10795721779389288E-14  2.02195549102626016E-15 -8.57729987709103516E-19  1.75343239674907873E-19 -0.00000000000000000E+00 -0.00000000000000000E+00
  492.000000 -8.02798868075180852E-12 -9.97427270308246110E-12  1.96462947181927242E-12 -2.00713347481536247E-14  1.72488032991945225E-15  8.64746154705607717E-19  1.40183458672979371E-19 -0.00000000000000000E+00 -0.00000000000000000E+00
  494.000000 -6.02854161859641340E-12 -7.92253813511944248E-12  1.90445628248063535E-12 -1.19028517655039703E-14  1.44136095597899634E-15  1.59828331812187094E-18  1.26568600831383958E-19 -0.00000000000000000E+00 -0.00000000000000000E+00
  496.000000 -8.40137908147619105E-12 -1.07514859038348141E-11  2.36148708244943208E-12 -1.31993688551543461E-14  1.81866303828120984E-15  2.92954741991174248E-19  1.52771320530553759E-19 -0.00000000000000000E+00 -0.00000000000000000E+00
  498.000000 -8.27594386263708114E-12 -1.02190310308648254E-11  1.95477676916164295E-12 -1.33060299881052419E-14  1.61600222156675884E-15  2.95322043414977856E-19  1.31510597458232327E-19 -0.00000000000000000E+00 -0.00000000000000000E+00
  500.000000 -6.81361748202507890E-12 -8.74047696396560632E-12  1.94124432570218262E-12 -1.58518694937992293E-14  1.46706003728670741E-15 -1.48849435601329901E-19  1.14544292240085900E-19 -0.00000000000000000E+00 -0.00000000000000000E+00
  502.000000 -6.45936124751303218E-12 -7.86655413152567288E-12  1.41597974367462119E-12 -9.83319266440709161E-15  1.04669726603552048E-15 -4.50127838031330488E-19  8.58642295202993670E-20 -0.00000000000000000E+00 -0.00000000000000000E+00
  504.000000 -7.73113611631938520E-12 -9.51523284205151412E-12  1.79401785876179597E-12 -1.11506634867791178E-14  1.22928321425429505E-15  1.51240552934829617E-19  9.60023041090227021E-20 -0.00000000000000000E+00 -0.00000000000000000E+00
  506.000000 -4.71933076852448109E-12 -6.39393359984542230E-12  1.67840756995942340E-12 -4.99526062487923617E-15  1.19027694577200556E-15  1.52443256374488408E-19  9.25973686180974480E-20 -0.00000000000000000E+00 -0.00000000000000000E+00
  508.000000 -8.39762422794021423E-12 -9.98909655201334423E-12  1.60107495138117109E-12 -1.06990071436634858E-14  1.09645155930007233E-15 -1.53650722996086369E-19  8.19270456600226159E-20 -0.00000000000000000E+00 -0.00000000000000000E+00
  510.000000 -5.87080196254398790E-12 -7.46973647736163298E-12  1.60355755899882890E-12 -5.70886789200532426E-15  1.08527957321976205E-15  4.64588858398870757E-19  7.95487433326191544E-20 -0.00000000000000000E+00 -0.00000000000000000E+00
  512.000000 -6.07633418010747375E-12 -7.36477583542007098E-12  1.29906462652548479E-12 -1.15074622428438615E-14  8.84036812926807026E-16  3.90199864462750269E-19  6.40171652634199649E-20 -0.00000000000000000E+00 -0.00000000000000000E+00
  514.000000 -3.55971945191148009E-12 -4.61839810394371636E-12  1.06181920693348843E-12 -3.86584662718503043E-15  7.24846242597193206E-16  3.93254254881289717E-19  5.22290807264212920E-20 -0.00000000000000000E+00 -0.00000000000000000E+00
  516.000000 -5.26016425434698528E-12 -6.31669775083355880E-12  1.05970916214641932E-12 -3.89598956671477664E-15  7.20352237595701008E-16 -7.92641106509354051E-20  5.09333836018706022E-20 -0.00000000000000000E+00 -0.00000000000000000E+00
  518.000000 -4.15251218288000614E-12 -5.36063940772367348E-12  1.21451986581239476E-12 -7.19812420470708129E-15  8.05187899319151466E-16  2.39639255749747486E-19  5.56974051449608347E-20 -0.00000000000000000E+00 -0.00000000000000000E+00
  520.000000 -4.00286410553036369E-12 -4.89566601147376451E-12  8.96835368481185381E-13 -4.61606439659433631E-15  5.82159907159776809E-16  4.02488873865996142E-19  3.94627763048300894E-20 -0.00000000000000000E+00 -0.00000000000000000E+00
  522.000000 -4.12673190312421514E-12 -5.10351455367686562E-12  9.83489783781479391E-13 -7.30972136594342689E-15  6.02221362535111906E-16  3.24472716883142196E-19  4.23018629920893385E-20 -0.00000000000000000E+00 -0.00000000000000000E+00
  524.000000 -4.16110145037154560E-12 -5.14269686326675775E-12  9.85683565459461929E-13 -4.68735391183168061E-15  5.98997793420454711E-16  1.63481930518683057E-19  4.00722310158100077E-20 -0.00000000000000000E+00 -0.00000000000000000E+00
  526.000000 -4.68484318826151415E-12 -5.70023191056506191E-12  1.02021196126590597E-12 -5.39794688500479376E-15  5.74586143032736839E-16  8.23661328888670923E-20  3.94134815581492931E-20 -0.00000000000000000E+00 -0.00000000000000000E+00
  528.000000 -3.91080841639551447E-12 -4.87341025984437590E-12  9.68155163228012058E-13 -6.11895819455906528E-15  5.65684937257413589E-16 -8.29936821093623247E-20  3.64718329582158638E-20 -0.00000000000000000E+00 -0.00000000000000000E+00
  530.000000 -2.21774647936781767E-12 -2.98131426043035451E-12  7.67249993493105978E-13 -4.11026782228449624E-15  4.28152898154635025E-16 -1.25435419381240730E-19  2.79289800966043814E-20 -0.00000000000000000E+00 -0.00000000000000000E+00
  532.000000 -4.00032540933916997E-12 -4.94752950449880365E-12  9.49748967381466711E-13 -3.10601043111671513E-15  5.60807438951629103E-16  2.94895738631415585E-19  3.58745932040449738E-20 -0.00000000000000000E+00 -0.00000000000000000E+00
  534.000000 -2.55667401695361205E-12 -3.20451357746131276E-12  6.50916820421829154E-13 -3.47711976721062573E-15  3.99325473265595326E-16  5.09343715899994081E-19  2.50361006187822573E-20 -0.00000000000000000E+00 -0.00000000000000000E+00
  536.000000 -2.79417352110709297E-12 -3.40792695192498445E-12  6.16565731433796590E-13 -3.15289294483191435E-15  3.40742336485740742E-16 -1.71055389802078676E-19  2.10478311670526494E-20 -0.00000000000000000E+00 -0.00000000000000000E+00
  538.000000 -4.05269213870853126E-12 -4.87905161340483221E-12  8.30116420336238735E-13 -4.23528785885836112E-15  4.78400028328076599E-16 -8.61671520763826725E-20  2.83577443845126571E-20 -0.00000000000000000E+00 -0.00000000000000000E+00
  540.000000 -5.01067773655166380E-12 -5.64360111167596346E-12  6.37180770673092695E-13 -4.62240514439185548E-15  3.65292233466063083E-16 -3.03831467949434612E-19  2.11936012799549817E-20 -0.00000000000000000E+00 -0.00000000000000000E+00
  542.000000 -3.19091027976712784E-12 -3.85145621226358797E-12  6.64834703307405133E-13 -4.65670858997643687E-15  3.68003112729508082E-16 -8.74532111999781545E-20  2.21195133796819761E-20 -0.00000000000000000E+00 -0.00000000000000000E+00
  544.000000 -3.28562828682849315E-12 -3.87993268621218797E-12  5.97578918188930768E-13 -3.60856834655151396E-15  3.34074491458089381E-16 -4.40499065741151631E-20  1.90997641786202464E-20 -0.00000000000000000E+00 -0.00000000000000000E+00
  546.000000 -2.74717412308297486E-12 -3.25709503823696369E-12  5.11829220294380035E-13 -2.18109042739082365E-15  2.72636303423852957E-16  1.33123195031178201E-19  1.58603806580114674E-20 -0.00000000000000000E+00 -0.00000000000000000E+00
  548.000000 -3.12143582395577181E-12 -3.65597169904579828E-12  5.36092003946619495E-13 -1.83091531402533971E-15  2.74637297103800976E-16  1.34100242726465320E-19  1.50600858530698336E-20 -0.00000000000000000E+00 -0.00000000000000000E+00
  550.000000 -1.93924674470523708E-12 -2.36070917999963944E-12  4.24927652399935093E-13 -3.68860809374943631E-15  2.23333693176235429E-16  4.50269542694022999E-20  1.22680861730109788E-20 -0.00000000000000000E+00 -0.00000000000000000E+00
  552.000000 -2.07930931022816335E-12 -2.56814192522717003E-12  4.93416156930220177E-13 -4.83012804223860090E-15  2.46731300234543908E-16 -1.58742564489136720E-19  1.35533551154229463E-20 -0.00000000000000000E+00 -0.00000000000000000E+00
  554.000000 -2.80806388706442829E-12 -3.35324028484058457E-12  5.47895510826631243E-13 -2.99396454003623614E-15  2.74836588636138842E-16 -0.00000000000000000E+00  1.49009251053944672E-20 -0.00000000000000000E+00 -0.00000000000000000E+00
  556.000000 -3.07153766032698191E-12 -3.57049482889648034E-12  5.00593024997310572E-13 -1.88476289532119946E-15  2.48847601022877113E-16  4.60147191240527225E-20  1.28517672553506623E-20 -0.00000000000000000E+00 -0.00000000000000000E+00
  558.000000 -2.82564464636045612E-12 -3.30464198428136943E-12  4.79902052864390022E-13 -1.13900803686168521E-15  2.34327174250190440E-16 -4.63463556665724798E-20  1.22654906109776779E-20 -0.00000000000000000E+00 -0.00000000000000000E+00
  560.000000 -2.55474716944720660E-12 -3.03469360188885878E-12  4.83348376107298104E-13 -3.63276073814820518E-15  2.30781880774628998E-16  2.33395915022885326E-20  1.18521363097558956E-20 -0.00000000000000000E+00 -0.00000000000000000E+00
  562.000000 -2.95450058581379709E-12 -3.45078400775844145E-12  4.99131258265060271E-13 -3.08105714978432280E-15  2.33185477644809593E-16  2.35066005690332245E-20  1.18451229429893981E-20 -0.00000000000000000E+00 -0.00000000000000000E+00
  564.000000 -2.92166975934248830E-12 -3.37609163754308987E-12  4.56144734116575549E-13 -1.93939087634598444E-15  2.16666324466777951E-16 -1.42045230201121917E-19  1.06811354741077999E-20 -0.00000000000000000E+00 -0.00000000000000000E+00
  566.000000 -2.28032729221753855E-12 -2.70006194404430284E-12  4.21884678756922307E-13 -2.34380377087179075E-15  1.93791066992654556E-16 -2.38424048957498235E-20  9.61612619330534933E-21 -0.00000000000000000E+00 -0.00000000000000000E+00
  568.000000 -2.95406152184361258E-12 -3.32343900431216084E-12  3.71369131163669501E-13 -2.16369726843239625E-15  1.72112282716213347E-16 -7.20336004671651861E-20  8.32419536648555986E-21 -0.00000000000000000E+00 -0.00000000000000000E+00
  570.000000 -1.66218693480744558E-12 -2.02841497542316052E-12  3.66065515095898506E-13 -0.00000000000000000E+00  1.62493570266290157E-16  2.41805908134360369E-20  7.76895935314497682E-21 -0.00000000000000000E+00 -0.00000000000000000E+00
  572.000000 -2.24661385051223125E-12 -2.55334304908760994E-12  3.07997005296192938E-13 -1.39635947996978660E-15  1.28571045867753796E-16 -2.43505768688927634E-20  6.06386435699966251E-21 -0.00000000000000000E+00 -0.00000000000000000E+00
  574.000000 -1.40478853742377082E-12 -1.74843627139471557E-12  3.45509005836271956E-13 -2.00877328974576699E-15  1.47519288465704769E-16 -2.45211583220918828E-20  6.65711134134916384E-21 -0.00000000000000000E+00 -0.00000000000000000E+00
  576.000000 -1.97731243754719733E-12 -2.38204468426867962E-12  4.06177456352879466E-13 -1.61823687789991818E-15  1.73043884892618196E-16 -2.46923351730334194E-20  8.05394526151675923E-21 -0.00000000000000000E+00 -0.00000000000000000E+00
  578.000000 -1.99030222379975950E-12 -2.29432775473745350E-12  3.04715404926068008E-13 -8.14747071994834293E-16  1.24917275686707992E-16 -4.97282148434347103E-20  5.53614891811675456E-21 -0.00000000000000000E+00 -0.00000000000000000E+00
  580.000000 -1.80782902941132596E-12 -2.10021175048430637E-12  2.92060696551723860E-13  2.05098803758233058E-16  1.16970411518367281E-16 -5.00729501362873678E-20  5.37893019042149448E-21 -0.00000000000000000E+00 -0.00000000000000000E+00
  582.000000 -1.75214104954180318E-12 -2.11472094224448972E-12  3.63467661948271671E-13 -1.03257858508031725E-15  1.44803012517122626E-16 -0.00000000000000000E+00  6.32697811998466331E-21 -0.00000000000000000E+00 -0.00000000000000000E+00
  584.000000 -1.12961973224246632E-12 -1.38403205173176045E-12  2.56179009575349928E-13 -1.87143756994979644E-15  1.04781009775834957E-16 -3.80744948313353727E-20  4.54861315205080851E-21 -0.00000000000000000E+00 -0.00000000000000000E+00
  586.000000 -1.82167526317357348E-12 -2.09029193344998910E-12  2.69661058722314299E-13 -1.15150296814652844E-15  1.07135574451132975E-16 -2.55571503938771399E-20  4.50494692001447626E-21 -0.00000000000000000E+00 -0.00000000000000000E+00
  588.000000 -1.24919808794394706E-12 -1.45702002893913848E-12  2.09109356005154121E-13 -1.37017219156603004E-15  8.27537892141742954E-17 -0.00000000000000000E+00  3.39238911154479329E-21 -0.00000000000000000E+00 -0.00000000000000000E+00
  590.000000 -2.15966682897255752E-12 -2.44491431075070122E-12  2.86937860081158710E-13 -1.80397323275876394E-15  1.13577358863947922E-16  1.29536221332057382E-20  4.61725788927743580E-21 -0.00000000000000000E+00 -0.00000000000000000E+00
  592.000000 -7.78222487022483043E-13 -9.84607238153327890E-13  2.06835895514848410E-13 -5.34183614449505127E-16  8.30488588089465065E-17 -1.30415921496461225E-20  3.41322919541519604E-21 -0.00000000000000000E+00 -0.00000000000000000E+00
  594.000000 -1.29546593102046344E-12 -1.54197746502888461E-12  2.47817806879642162E-13 -1.39827755617853646E-15  9.20140579336236502E-17 -1.31298598649577122E-20  3.75688373089122030E-21 -0.00000000000000000E+00 -0.00000000000000000E+00
  596.000000 -1.21867112251132326E-12 -1.44149444457200295E-12  2.23500941526187978E-13 -7.57997379207032846E-16  8.03680256971742380E-17  6.60921263957025002E-21  3.27878908291180356E-21 -0.00000000000000000E+00 -0.00000000000000000E+00
  598.000000 -1.30665050823729171E-12 -1.56281476211097813E-12  2.58143509812974065E-13 -2.07125282366828857E-15  9.19799773668483372E-17  1.33072883921944934E-20  3.59972547327917461E-21 -0.00000000000000000E+00 -0.00000000000000000E+00
  600.000000 -1.57814803148562002E-12 -1.79804097544435355E-12  2.20365373455338257E-13 -5.48718559400742635E-16  7.63061746666657767E-17 -2.00946738061795423E-20  2.98280314310477562E-21 -0.00000000000000000E+00 -0.00000000000000000E+00
  602.000000 -1.38453169060669381E-12 -1.58379190682449567E-12  1.99741613249071430E-13 -5.52382780002962968E-16  7.09898182113182982E-17 -6.74295385745804465E-21  2.67347584582809202E-21 -0.00000000000000000E+00 -0.00000000000000000E+00
  604.000000 -1.58503889797283180E-12 -1.76515430654764918E-12  1.81497721036149402E-13 -1.44575390531246461E-15  6.34255018556549968E-17  1.35756639245836903E-20  2.36646094779119984E-21 -0.00000000000000000E+00 -0.00000000000000000E+00
  606.000000 -1.23350533812796296E-12 -1.43295437425842548E-12  2.00613612396179574E-13 -1.23144516537833454E-15  6.69073545109677399E-17 -4.09971534993674907E-20  2.54230395235335513E-21 -0.00000000000000000E+00 -0.00000000000000000E+00
  608.000000 -1.47470259134953302E-12 -1.67321697528239442E-12  1.99235426474897163E-13 -7.88828045997896027E-16  6.77899102029441852E-17 -6.87803472026625302E-21  2.47179372759568449E-21 -0.00000000000000000E+00 -0.00000000000000000E+00
  610.000000 -9.16925960722063023E-13 -1.10346960870607929E-12  1.86936463316983821E-13 -4.53729279895591804E-16  6.09255624859803480E-17 -1.38467187468137147E-20  2.23116073557056931E-21 -0.00000000000000000E+00 -0.00000000000000000E+00
  612.000000 -1.21033107239068417E-12 -1.40301137313922943E-12  1.93644798896820726E-13 -1.02759622056095905E-15  6.31097505249026472E-17 -1.39376657519661320E-20  2.25942628401013473E-21 -0.00000000000000000E+00 -0.00000000000000000E+00
  614.000000 -1.19838521884932930E-12 -1.35335485054759080E-12  1.55378376183792706E-13 -4.59699337821871891E-16  5.09530027761547463E-17 -0.00000000000000000E+00  1.84951456206896031E-21 -0.00000000000000000E+00 -0.00000000000000000E+00
  616.000000 -1.24807340314056901E-12 -1.42141132578794250E-12  1.73974823729253400E-13 -6.94048498919893799E-16  5.71595931727646899E-17 -1.41204528588845591E-20  1.94432016904562767E-21 -0.00000000000000000E+00 -0.00000000000000000E+00
  618.000000 -1.02264139513630863E-12 -1.19221354428057119E-12  1.70449280158862929E-13 -9.31416831469196279E-16  5.43478082815278129E-17 -6.39553183229275994E-20  1.96390571673052427E-21 -0.00000000000000000E+00 -0.00000000000000000E+00
  620.000000 -1.19250045498512904E-12 -1.37993401667522691E-12  1.88428490048723248E-13 -1.05463707116822712E-15  5.97353028591378690E-17 -2.86088615225756049E-20  2.01854516113875736E-21 -0.00000000000000000E+00 -0.00000000000000000E+00
  622.000000 -1.03751446630628879E-12 -1.20769667490245316E-12  1.70775857935425014E-13 -6.48665206246434765E-16  5.50536165812847669E-17 -3.95913822171896219E-20  1.84178660172295458E-21 -0.00000000000000000E+00 -0.00000000000000000E+00
  624.000000 -1.12118087647921116E-12 -1.27624948437040198E-12  1.55732823985674064E-13 -7.12192792617411821E-16  4.79895534087904473E-17 -1.44895994591758590E-20  1.63432493899883963E-21 -0.00000000000000000E+00 -0.00000000000000000E+00
  626.000000 -4.64897983810909488E-13 -6.11639848344818987E-13  1.47175838507972063E-13 -4.77843631519389814E-16  4.38645521121314889E-17  3.64565758910667277E-21  1.45968712063841381E-21 -0.00000000000000000E+00 -0.00000000000000000E+00
  628.000000 -7.83527033238811892E-13 -9.23331500077663820E-13  1.40423332303478024E-13 -6.61240006566035301E-16  4.23841694549607093E-17 -1.10069692144115421E-20  1.37945414959259231E-21 -0.00000000000000000E+00 -0.00000000000000000E+00
  630.000000 -8.56888104188257083E-13 -9.91170087713699927E-13  1.34543595890824512E-13 -3.02481105869659426E-16  4.08822119651961563E-17 -1.47695852475419630E-20  1.29810807839724280E-21 -0.00000000000000000E+00 -0.00000000000000000E+00
  632.000000 -6.80366209554237367E-13 -8.10446991448481549E-13  1.30528722180404477E-13 -4.87047470822404807E-16  3.91207563233816356E-17 -1.48635092414063967E-20  1.29184797117692309E-21 -0.00000000000000000E+00 -0.00000000000000000E+00
  634.000000 -1.15930837673430280E-12 -1.31748268444790982E-12  1.58313581501739153E-13 -1.83800597718737412E-16  4.45142072600067159E-17  1.12182982006065315E-20  1.38402832618160002E-21 -0.00000000000000000E+00 -0.00000000000000000E+00
  636.000000 -1.12995666353844575E-12 -1.26267427500579688E-12  1.33172677442017641E-13 -4.93232138674139427E-16  3.81725068260991700E-17 -7.52612516287444194E-21  1.18330678830350110E-21 -0.00000000000000000E+00 -0.00000000000000000E+00
  638.000000 -9.40212660247113231E-13 -1.08003389268655473E-12  1.40463966741863521E-13 -6.82466269505520592E-16  3.97459049001794666E-17 -1.51470674162269313E-20  1.20925074343413253E-21 -0.00000000000000000E+00 -0.00000000000000000E+00
  640.000000 -5.45691228763928232E-13 -6.39303457935769944E-13  9.38976953843162218E-14 -3.12159891570200168E-16  2.67043032241694700E-17 -1.14316366541821360E-20  8.07508188137214662E-22 -0.00000000000000000E+00 -0.00000000000000000E+00
  642.000000 -7.90720997131296094E-13 -9.00627486843980074E-13  1.10568106643792202E-13 -6.91050666523701243E-16  2.94481818120895419E-17 -1.53375946937966368E-20  8.91198129180566343E-22 -0.00000000000000000E+00 -0.00000000000000000E+00
  644.000000 -8.92689531503277350E-13 -1.00334557212450373E-12  1.10752359019791491E-13 -1.26429633584236862E-16  3.01258111274939427E-17 -1.54333048808882889E-20  8.57196499121602996E-22 -0.00000000000000000E+00 -0.00000000000000000E+00
  646.000000 -5.81667273702833000E-13 -6.83913915880175828E-13  1.02281768669579877E-13 -6.36080650930223084E-17  2.84497009888713035E-17  3.10586255337022990E-20  8.13241598752336792E-22 -0.00000000000000000E+00 -0.00000000000000000E+00
  648.000000 -1.08167980448707413E-12 -1.17969468398904045E-12  9.83078903324200415E-14 -3.20012663842513131E-16  2.70010685117120464E-17 -0.00000000000000000E+00  7.64877070193575480E-22 -0.00000000000000000E+00 -0.00000000000000000E+00
  650.000000 -5.55085366164338583E-13 -6.59437770942047899E-13  1.04582708985340408E-13 -2.57592879274237451E-16  2.72937767590378536E-17 -5.89583311327142565E-21  7.90717201389266758E-22 -0.00000000000000000E+00 -0.00000000000000000E+00
  652.000000 -7.22308357421830018E-13 -8.29377615912864793E-13  1.07819090068672426E-13 -7.77541514918310823E-16  2.77151028266780684E-17 -5.93217098173760088E-21  7.66624960856063598E-22 -0.00000000000000000E+00 -0.00000000000000000E+00
  654.000000 -5.52719225262508825E-13 -6.34199955868488831E-13  8.18827245652571985E-14 -4.23756138275614464E-16  2.17735275375991817E-17 -1.19372409745609534E-20  5.88701825405593957E-22 -0.00000000000000000E+00 -0.00000000000000000E+00
  656.000000 -5.46560394378761239E-13 -6.38084785719079919E-13  9.18296361026636465E-14 -3.27962986080941599E-16  2.27396211052215363E-17 -2.20189993096335305E-20  6.21630129657622727E-22 -0.00000000000000000E+00 -0.00000000000000000E+00
  658.000000 -5.23403627552552793E-13 -6.08192978822100664E-13  8.49991923527414993E-14 -2.30976066175928009E-16  2.11384346277076974E-17 -4.02790293973088721E-21  5.76257598311108407E-22 -0.00000000000000000E+00 -0.00000000000000000E+00
  660.000000 -8.10655706272514465E-13 -9.17843729183859530E-13  1.07294232230983583E-13 -1.32789891374979681E-16  2.65839138006551128E-17 -4.05242588424620608E-21  7.10361763888861313E-22 -0.00000000000000000E+00 -0.00000000000000000E+00
  662.000000 -7.91131370492097366E-13 -8.89214296888390149E-13  9.83265809059277559E-14 -2.67191795940021082E-16  2.35488863120965841E-17 -1.22310697604379775E-20  6.31062681324680786E-22 -0.00000000000000000E+00 -0.00000000000000000E+00
  664.000000 -8.05832603507577292E-13 -8.94595309099277400E-13  8.92444839606250309E-14 -5.04016287428228677E-16  2.22475939372616565E-17 -1.02542376185756170E-20  5.78803646829756494E-22 -0.00000000000000000E+00 -0.00000000000000000E+00
  666.000000 -7.31659570557362565E-13 -8.30762357191870369E-13  9.95184073719428094E-14 -4.39449489074475712E-16  2.38343247529876406E-17 -6.18966189914845205E-21  6.16548353235490301E-22 -0.00000000000000000E+00 -0.00000000000000000E+00
  668.000000 -8.07782173468384886E-13 -9.05406030464136723E-13  9.79405561800147876E-14 -3.40071375625051346E-16  2.33799070742222813E-17 -8.30252381897098042E-21  5.86811681052758520E-22 -0.00000000000000000E+00 -0.00000000000000000E+00
  670.000000 -9.26449287519659422E-13 -1.01593217111250571E-12  8.97698685681308877E-14 -3.07899701643741618E-16  2.09141941437697758E-17 -0.00000000000000000E+00  5.32215317944795279E-22 -0.00000000000000000E+00 -0.00000000000000000E+00
  672.000000 -5.91965081308607179E-13 -6.69590459255476986E-13  7.79169818952713799E-14 -3.09740652410531105E-16  1.81488663521795573E-17 -1.26033794112358034E-20  4.41036226141877877E-22 -0.00000000000000000E+00 -0.00000000000000000E+00
  674.000000 -5.20054076006823118E-13 -6.02678674337513102E-13  8.30898907634438922E-14 -4.84691029453422738E-16  1.94065744214749341E-17 -8.45234077590371662E-21  4.74618744740687216E-22 -0.00000000000000000E+00 -0.00000000000000000E+00
  676.000000 -4.59867753437808319E-13 -5.34935919788189325E-13  7.52253637202141223E-14 -1.74132786389384546E-16  1.69371343011549824E-17 -2.12564436510479190E-21  4.07899529045987891E-22 -0.00000000000000000E+00 -0.00000000000000000E+00
  678.000000 -8.57799173974331451E-13 -9.32716899377613551E-13  7.51106156950722519E-14 -2.10197618549642473E-16  1.73111971006053209E-17 -4.27648149718510916E-21  4.06140454688722511E-22 -0.00000000000000000E+00 -0.00000000000000000E+00
  680.000000 -6.22428142372979796E-13 -6.85627985844787691E-13  6.34318654667258307E-14 -2.46679476815044887E-16  1.46603595316977007E-17 -3.22631151665882525E-21  3.48676895680576158E-22 -0.00000000000000000E+00 -0.00000000000000000E+00
  682.000000 -3.99159265432572584E-13 -4.71877436571767784E-13  7.28801088935963462E-14 -1.77237618904660402E-16  1.53005913195038859E-17 -1.08177257632239008E-21  3.54956626605784226E-22 -0.00000000000000000E+00 -0.00000000000000000E+00
  684.000000 -3.80505579924374643E-13 -4.38137634691402831E-13  5.79049087515330528E-14 -2.85245855918882052E-16  1.23959380745998552E-17 -4.35250634641848834E-21  2.85845753707659511E-22 -0.00000000000000000E+00 -0.00000000000000000E+00
  686.000000 -3.12547750003970790E-13 -3.67252990833424912E-13  5.50879486250137368E-14 -3.94510048746843142E-16  1.18030794058670231E-17 -1.09449920306630406E-21  2.68280566376603821E-22 -0.00000000000000000E+00 -0.00000000000000000E+00
  688.000000 -5.25764732104510670E-13 -5.91036046861619317E-13  6.55103430847595683E-14 -2.52517842287068794E-16  1.34925130574703330E-17 -3.30267127712230729E-21  3.04249990698441732E-22 -0.00000000000000000E+00 -0.00000000000000000E+00
  690.000000 -5.68085700315202158E-13 -6.31632128600432480E-13  6.38598659430584335E-14 -3.26556132663367011E-16  1.31104350136117385E-17  7.75110178169612895E-21  2.88719890584942305E-22 -0.00000000000000000E+00 -0.00000000000000000E+00
  692.000000 -3.71102240855050757E-13 -4.29761136161008077E-13  5.89753733047035562E-14 -3.28451955286096515E-16  1.19748108698056024E-17 -1.11372868952805077E-21  2.59398723098086025E-22 -0.00000000000000000E+00 -0.00000000000000000E+00
  694.000000 -5.57843867445226876E-13 -6.20183196337257999E-13  6.25468848578768707E-14 -2.20235510062946737E-16  1.26893506774549385E-17 -1.00815815763678003E-20  2.75121285422797519E-22 -0.00000000000000000E+00 -0.00000000000000000E+00
  696.000000 -5.97852089263367833E-13 -6.61566701402556815E-13  6.40892741983726930E-14 -3.87636739103060634E-16  1.29789086753256898E-17 -4.50656551226586467E-21  2.77809519493928428E-22 -0.00000000000000000E+00 -0.00000000000000000E+00
  698.000000 -4.08572069676347297E-13 -4.56256643437703471E-13  4.78237757769988609E-14 -1.48521042785710757E-16  9.31882519431827810E-18 -0.00000000000000000E+00  2.01948659929575121E-22 -0.00000000000000000E+00 -0.00000000000000000E+00
  700.000000 -5.69903448689238512E-13 -6.30953180836267392E-13  6.12430881020051161E-14 -2.05388405220139117E-16  1.20344768683675253E-17 -2.27925698264536477E-21  2.52632487822508678E-22 -0.00000000000000000E+00 -0.00000000000000000E+00
  702.000000 -7.26397975090837454E-13 -7.88397421427474770E-13  6.21944612177924133E-14 -2.06563729890011014E-16  1.15531915687772492E-17 -4.58459982887986107E-21  2.41766006601086444E-22 -0.00000000000000000E+00 -0.00000000000000000E+00
  704.000000 -4.35645496660887441E-13 -4.83473240063926088E-13  4.80451532313526609E-14 -2.26628081279965371E-16  9.22152023437359101E-18 -3.45807008789009661E-21  1.90801718716592250E-22 -0.00000000000000000E+00 -0.00000000000000000E+00
  706.000000 -2.62057539197930115E-13 -3.11183455429368643E-13  4.92301950972243346E-14 -1.13958784947278556E-16  9.68204520548167447E-18 -2.31849741510576489E-21  1.92453398714833994E-22 -0.00000000000000000E+00 -0.00000000000000000E+00
  708.000000 -4.50541049157086666E-13 -5.08542176636145698E-13  5.80667148803291352E-14 -7.64035722109593840E-17  1.08188652056534284E-17 -2.91456497997128979E-21  2.20300126415798684E-22 -0.00000000000000000E+00 -0.00000000000000000E+00
  710.000000 -3.99098343518761154E-13 -4.32739453686479354E-13  3.38077698192562027E-14 -1.72880641121196486E-16  6.22790504039032437E-18 -7.03453129562160081E-21  1.19074097451928154E-22 -0.00000000000000000E+00 -0.00000000000000000E+00
  712.000000 -5.84842604627618565E-13 -6.32990336288654279E-13  4.83705994283078121E-14 -2.31807984480708330E-16  8.94181190135544903E-18 -1.76855456909720100E-21  1.73861809852654533E-22 -0.00000000000000000E+00 -0.00000000000000000E+00
  714.000000 -3.26444573953040302E-13 -3.77952427196939156E-13  5.17508874410282628E-14 -2.52538114389402186E-16  9.50432657069489912E-18 -5.92834741186059075E-22  1.83524036089824931E-22 -0.00000000000000000E+00 -0.00000000000000000E+00
  716.000000 -4.36658088741041364E-13 -4.80091924118437743E-13  4.34458186539471703E-14 -1.95349904019546618E-17  7.55454706950590372E-18 -2.98080297881388281E-21  1.47584678736195177E-22 -0.00000000000000000E+00 -0.00000000000000000E+00
  718.000000 -3.74823914359161935E-13 -4.22430529347319349E-13  4.77748812952325439E-14 -1.76798491635317811E-16  8.53681952883207685E-18 -4.79596602743375123E-21  1.60997394719760926E-22 -0.00000000000000000E+00 -0.00000000000000000E+00
  720.000000 -3.45626675868057099E-13 -3.84331258501230458E-13  3.88756124964238081E-14 -1.77784813245840571E-16  6.75181039887632350E-18  3.01420107092693021E-21  1.25395474239733635E-22 -0.00000000000000000E+00 -0.00000000000000000E+00
  722.000000 -4.67883733582580316E-13 -5.08512365366500680E-13  4.08398993434970853E-14 -2.18501406993418271E-16  7.23553132178133986E-18 -1.81858193409383555E-21  1.34676884767691255E-22 -0.00000000000000000E+00 -0.00000000000000000E+00
  724.000000 -4.52383729998234021E-13 -4.90880169971103792E-13  3.86695967229840881E-14 -1.79765687245277255E-16  6.61247482380088865E-18 -3.65734226980137670E-21  1.19649380896822385E-22 -0.00000000000000000E+00 -0.00000000000000000E+00
  726.000000 -4.48076648166243101E-13 -4.93595961027764446E-13  4.56319182720980171E-14 -1.20506826422794054E-16  7.90433773573990938E-18 -3.06464707496119345E-21  1.42757485816063394E-22 -0.00000000000000000E+00 -0.00000000000000000E+00
  728.000000 -3.12858876397256889E-13 -3.51559464444624588E-13  3.87749409313924156E-14 -8.07811269404008682E-17  6.42935727113542053E-18 -1.23262217621461286E-21  1.18266727356529024E-22 -0.00000000000000000E+00 -0.00000000000000000E+00
  730.000000 -3.36003669435286149E-13 -3.74287513989959322E-13  3.83384779954993025E-14 -6.09191917301366002E-17  6.28625774038193478E-18 -6.19702064312099267E-22  1.12865659174029798E-22 -0.00000000000000000E+00 -0.00000000000000000E+00
  732.000000 -3.60858425970289310E-13 -3.97249059134188469E-13  3.65887291307805165E-14 -2.04178175953016282E-16  6.08147887360058277E-18  6.23102343606617091E-22  1.07095715307387314E-22 -0.00000000000000000E+00 -0.00000000000000000E+00
  734.000000 -3.60738851920891327E-13 -3.99422784539137615E-13  3.87597767891597317E-14 -8.21181711634740136E-17  6.27514345072445469E-18 -1.25302385198172018E-21  1.09823135464218144E-22 -0.00000000000000000E+00 -0.00000000000000000E+00
  736.000000 -3.43624574677235245E-13 -3.80465470404025186E-13  3.69896985115024528E-14 -1.54811796225596186E-16  6.00702021812860216E-18  1.88979243439448469E-21  1.01502523331735028E-22 -0.00000000000000000E+00 -0.00000000000000000E+00
  738.000000 -4.57317790590615914E-13 -4.88796034455035409E-13  3.15459397236605742E-14 -7.26386769952710521E-17  4.94526707222269427E-18 -2.53343600011408530E-21  8.41179921912879891E-23 -0.00000000000000000E+00 -0.00000000000000000E+00
  740.000000 -3.68726892896035335E-13 -4.05979546981623847E-13  3.73928530114653577E-14 -1.46065832076036553E-16  5.86871646734075394E-18 -1.91038947504581859E-21  1.00121323399211190E-22 -0.00000000000000000E+00 -0.00000000000000000E+00
  742.000000 -2.64451270979713934E-13 -3.00761997449297468E-13  3.64203981286258677E-14 -1.15387206052674109E-16  5.71609206120313933E-18 -6.40243286425082784E-22  9.51924222248231016E-23 -0.00000000000000000E+00 -0.00000000000000000E+00
  744.000000 -3.11756034141787179E-13 -3.45583475480404744E-13  3.39171282087701912E-14 -9.49173364051404632E-17  5.23198859524862782E-18 -1.60924846064487819E-21  8.69057030016228211E-23 -0.00000000000000000E+00 -0.00000000000000000E+00
  746.000000 -2.75306262666127118E-13 -3.04013454879892657E-13  2.88405621258826744E-14 -1.37840921925174555E-16  4.47320299516792371E-18 -2.26507674813190592E-21  7.18896428850458467E-23 -0.00000000000000000E+00 -0.00000000000000000E+00
  748.000000 -2.93200205219364986E-13 -3.27477577449549928E-13  3.44533701275047367E-14 -1.81221315645909817E-16  5.22593637719707759E-18 -2.60255795677145285E-21  8.45068867799324328E-23 -0.00000000000000000E+00 -0.00000000000000000E+00
  750.000000 -2.99550824844625848E-13 -3.29231135640445579E-13  2.98365716674153786E-14 -1.60757390449436318E-16  4.50036965450895912E-18 -3.92474097776944091E-21  7.39402291954447940E-23 -0.00000000000000000E+00 -0.00000000000000000E+00
  752.000000 -3.62283805360637986E-13 -3.97187251475657674E-13  3.49952309242875437E-14 -9.69695438172992367E-17  5.18728136956689671E-18 -2.63046722594670226E-21  8.36470596141498953E-23 -0.00000000000000000E+00 -0.00000000000000000E+00
  754.000000 -1.90634547217478311E-13 -2.21834866144904908E-13  3.13688365408029604E-14 -1.73308489175706964E-16  4.79179355447969120E-18 -9.91679129652253946E-22  7.39239976205618931E-23 -0.00000000000000000E+00 -0.00000000000000000E+00
  756.000000 -3.25901988566486772E-13 -3.56821231576931921E-13  3.10127828226044331E-14 -9.80038783017696347E-17  4.46632257885668895E-18 -2.32620967648785873E-21  6.97733092138517922E-23 -0.00000000000000000E+00 -0.00000000000000000E+00
  758.000000 -2.18629788975494880E-13 -2.46614274417693213E-13  2.81119254574146031E-14 -1.31364137651470117E-16  3.92339180648515025E-18  6.68152555600332190E-22  6.24761789050115274E-23 -0.00000000000000000E+00 -0.00000000000000000E+00
  760.000000 -2.40914054666931252E-13 -2.70455330056421463E-13  2.95810517249210960E-14 -4.40194222097040101E-17  4.24503705391432704E-18 -2.01504923445300358E-21  6.47741249681751563E-23 -0.00000000000000000E+00 -0.00000000000000000E+00
  762.000000 -2.31740747673596289E-13 -2.60552291616275540E-13  2.88519181613131189E-14 -4.42514082228728850E-17  3.87848035937777453E-18 -1.35044580758279068E-21  5.96754617120324948E-23 -0.00000000000000000E+00 -0.00000000000000000E+00
  764.000000 -2.66666423741859116E-13 -2.96085530113684361E-13  2.95373786050911109E-14 -1.22331010789157441E-16  4.06177184260874327E-18 -3.05447414634681596E-21  6.01548456555932166E-23 -0.00000000000000000E+00 -0.00000000000000000E+00
  766.000000 -2.94984800950864880E-13 -3.20532956341787703E-13  2.56676781445572157E-14 -1.22972325605457060E-16  3.44986282770991020E-18 -3.41165232170679404E-22  5.03085449782935443E-23 -0.00000000000000000E+00 -0.00000000000000000E+00
  768.000000 -2.63488463317227376E-13 -2.87686556071096586E-13  2.42735531684987752E-14 -7.86642926756904751E-17  3.20451638690033737E-18 -6.85898199250928349E-22  4.75573946746249144E-23 -0.00000000000000000E+00 -0.00000000000000000E+00
  770.000000 -1.62890446668823370E-13 -1.85079599711971663E-13  2.22312409810278457E-14 -4.51854491484305818E-17  3.09988066667700034E-18 -2.41316333037577861E-21  4.37655179895160747E-23 -0.00000000000000000E+00 -0.00000000000000000E+00
  772.000000 -2.41633625552967588E-13 -2.67435807425262871E-13  2.58896756508831241E-14 -9.08409671960811415E-17  3.34887354653521775E-18 -1.73265394584810517E-21  4.77156653055825893E-23 -0.00000000000000000E+00 -0.00000000000000000E+00
  774.000000 -2.64082912381585931E-13 -2.92199217503608262E-13  2.82154869401921699E-14 -1.02726287403612276E-16  3.54459194817151695E-18 -1.74164305629496722E-22  5.14499047391823818E-23 -0.00000000000000000E+00 -0.00000000000000000E+00
  776.000000 -2.26235347048446575E-13 -2.46717443261857185E-13  2.05597869384880977E-14 -8.03116677284691316E-17  2.62178156368049340E-18 -8.75327712233070772E-22  3.64150005284461063E-23 -0.00000000000000000E+00 -0.00000000000000000E+00
  778.000000 -2.96308414272959224E-13 -3.18845341927986206E-13  2.26033300845939279E-14 -6.91938676058997842E-17  2.79298163513397567E-18 -1.58372194532546503E-21  4.01257676034609482E-23 -0.00000000000000000E+00 -0.00000000000000000E+00
  780.000000 -1.56937102336803434E-13 -1.78048198154352960E-13  2.11432235308294121E-14 -3.47750387020220600E-17  2.64887990113058668E-18 -1.59187494058328522E-21  3.73959336627909373E-23 -0.00000000000000000E+00 -0.00000000000000000E+00
  782.000000 -3.13193276804148795E-13 -3.34063214682006509E-13  2.09721605199362319E-14 -1.04860802599681162E-16  2.63972506544336262E-18 -1.60004886779298648E-21  3.55045565824290120E-23 -0.00000000000000000E+00 -0.00000000000000000E+00
  784.000000 -3.03970828098511328E-13 -3.23782228653141930E-13  1.98616413409913437E-14 -5.26989304448473173E-17  2.45882596476609657E-18 -7.14774989757586237E-22  3.28943080003186076E-23 -0.00000000000000000E+00 -0.00000000000000000E+00
  786.000000 -2.68328160147810074E-13 -2.89276698558755133E-13  2.09989270112638005E-14 -5.29681454880533112E-17  2.58058781728905577E-18 -1.07763967871202206E-21  3.49917180831784534E-23 -0.00000000000000000E+00 -0.00000000000000000E+00
  788.000000 -2.44507807266929485E-13 -2.66521491102853830E-13  2.20523818987801639E-14 -4.14073694451344274E-17  2.70927124299219428E-18 -0.00000000000000000E+00  3.53463103675393254E-23 -0.00000000000000000E+00 -0.00000000000000000E+00
  790.000000 -2.94639662991408344E-13 -3.16580856034563162E-13  2.19742120624952197E-14 -3.56724221793753525E-17  2.65336864192293898E-18 -0.00000000000000000E+00  3.41970596741608950E-23 -0.00000000000000000E+00 -0.00000000000000000E+00
  792.000000 -2.00357663830924422E-13 -2.20282495004126318E-13  1.99822228541069450E-14 -5.97554511187408688E-17  2.36337477569238779E-18  3.64718329582158595E-22  3.07196835219347448E-23 -0.00000000000000000E+00 -0.00000000000000000E+00
  794.000000 -1.89930048104519951E-13 -2.09096635489572650E-13  1.92184407619092507E-14 -5.40518646428697643E-17  2.19937600272093783E-18 -9.16406667800390677E-22  2.81902441755003015E-23 -0.00000000000000000E+00 -0.00000000000000000E+00
  796.000000 -1.91781486539640751E-13 -2.10151345723215457E-13  1.84461888939035641E-14 -7.84687354779929003E-17  2.13973489922712016E-18 -7.36823312406033144E-22  2.70732198528095649E-23 -0.00000000000000000E+00 -0.00000000000000000E+00
  798.000000 -2.64784984164091065E-13 -2.85752959662737796E-13  2.10626332360102254E-14 -9.70628259723973477E-17  2.40524336821248316E-18 -1.85132648415369697E-22  3.03733251306465896E-23 -0.00000000000000000E+00 -0.00000000000000000E+00
  800.000000 -1.10345688933636658E-13 -1.24863956628080077E-13  1.45349449512374452E-14 -1.82906186466914168E-17  1.61352788191841587E-18 -1.86061794501662354E-22  2.00325320740315168E-23 -0.00000000000000000E+00 -0.00000000000000000E+00
  802.000000 -1.56816317131256516E-13 -1.75684679535329150E-13  1.89213968472759646E-14 -5.51465581688742468E-17  2.11227593680692370E-18 -1.86993266360386305E-22  2.60220121644092280E-23 -0.00000000000000000E+00 -0.00000000000000000E+00
  804.000000 -1.70592785843107000E-13 -1.89173576689914830E-13  1.86217739554134930E-14 -4.31059582301238260E-17  2.12282411484845288E-18 -0.00000000000000000E+00  2.55096307566643252E-23 -0.00000000000000000E+00 -0.00000000000000000E+00
  806.000000 -1.84921598296704911E-13 -2.02790303320098565E-13  1.79223852055360560E-14 -5.56980203210719937E-17  2.01856974687912829E-18 -7.55452749580512067E-22  2.38845534840518330E-23 -0.00000000000000000E+00 -0.00000000000000000E+00
  808.000000 -2.14132950062423413E-13 -2.29272699881348085E-13  1.51753848662784643E-14 -3.73165201629798336E-17  1.68240170656663639E-18 -9.49008182855728910E-22  2.01108179374700399E-23 -0.00000000000000000E+00 -0.00000000000000000E+00
  810.000000 -1.77942955461052017E-13 -1.92007598305507878E-13  1.41005580005607334E-14 -3.75014840440445037E-17  1.58697686384302912E-18 -6.67598440318581981E-22  1.86737565965228368E-23 -0.00000000000000000E+00 -0.00000000000000000E+00
  812.000000 -2.00781367682184334E-13 -2.18684548519178515E-13  1.79389668707138610E-14 -3.76869051905753394E-17  1.90152028142551368E-18 -6.70899292841663044E-22  2.20887601995860054E-23 -0.00000000000000000E+00 -0.00000000000000000E+00
  814.000000 -2.04953278851464809E-13 -2.19763138984526397E-13  1.48461311722083549E-14 -3.78727836025723345E-17  1.60268941026510534E-18 -9.63154693668933442E-22  1.82002376196229138E-23 -0.00000000000000000E+00 -0.00000000000000000E+00
  816.000000 -2.16884506597940249E-13 -2.33835228856538170E-13  1.69997399450825263E-14 -5.07454923733806787E-17  1.72827055324379994E-18 -4.83946727498823881E-22  1.92822524237812666E-23 -0.00000000000000000E+00 -0.00000000000000000E+00
  818.000000 -2.09267557998748070E-13 -2.21928279992457279E-13  1.26976428580243251E-14 -3.82459122229648337E-17  1.32590808976098795E-18 -8.75379460669666393E-22  1.51975600810705964E-23 -0.00000000000000000E+00 -0.00000000000000000E+00
  820.000000 -2.08927635986814381E-13 -2.23014830535040304E-13  1.41434037747406071E-14 -5.76497436470405191E-17  1.44186913092912754E-18 -1.36836820993816345E-21  1.63696392302172855E-23 -0.00000000000000000E+00 -0.00000000000000000E+00
  822.000000 -2.09658421809805188E-13 -2.24104034436701626E-13  1.44699525911565154E-14 -2.57472466034813445E-17  1.40805254862788598E-18 -7.85743609725382829E-22  1.55383868134169930E-23 -0.00000000000000000E+00 -0.00000000000000000E+00
  824.000000 -2.11760180813755706E-13 -2.25195891697441321E-13  1.34537986767772836E-14 -1.94045173222749307E-17  1.31700581435362067E-18 -2.96089436680220500E-22  1.45056836654860628E-23 -0.00000000000000000E+00 -0.00000000000000000E+00
  826.000000 -1.85152914073805187E-13 -1.99668002044640505E-13  1.45591251490883715E-14 -4.54972660909011572E-17  1.45987321441228591E-18  1.98352338914712771E-22  1.62710903015975330E-23 -0.00000000000000000E+00 -0.00000000000000000E+00
  828.000000 -1.86377206100094403E-13 -2.00636087908372646E-13  1.43162208559620084E-14 -5.87801038794060462E-17  1.44143917933439323E-18 -3.98628091630086602E-22  1.56444008128751037E-23 -0.00000000000000000E+00 -0.00000000000000000E+00
  830.000000 -1.60246884082996149E-13 -1.74725646308452634E-13  1.45429699601686827E-14 -6.56271207588839511E-17  1.41957102032156213E-18 -2.00278078487805031E-22  1.53044527750690842E-23 -0.00000000000000000E+00 -0.00000000000000000E+00
  832.000000 -9.55776680240931610E-14 -1.08042284391145161E-13  1.25029401370612324E-14 -3.95662662565228830E-17  1.24288564249819620E-18 -4.02488873865996156E-22  1.30936627057236295E-23 -0.00000000000000000E+00 -0.00000000000000000E+00
  834.000000 -1.76866447411118834E-13 -1.89984099848376903E-13  1.31462211948653657E-14 -2.98175379923861612E-17  1.24886823622624328E-18 -1.01106560575311150E-22  1.32554255441753152E-23 -0.00000000000000000E+00 -0.00000000000000000E+00
  836.000000 -1.76384053507395155E-13 -1.90896387131490844E-13  1.45409357385315283E-14 -2.99607192414797982E-17  1.35889546906885368E-18 -3.04776196711016843E-22  1.41127649681452283E-23 -0.00000000000000000E+00 -0.00000000000000000E+00
  838.000000 -1.52232684033092748E-13 -1.64409308171867726E-13  1.22022533408808082E-14 -2.67593275019315971E-17  1.13021573677591941E-18 -1.02078733451582325E-22  1.17380574843006040E-23 -0.00000000000000000E+00 -0.00000000000000000E+00
  840.000000 -1.59083691931365599E-13 -1.72078140228072856E-13  1.30134093547480097E-14 -2.01654070579772862E-17  1.20454173018842190E-18 -2.05133128438082754E-22  1.24201698858995424E-23 -0.00000000000000000E+00 -0.00000000000000000E+00
  842.000000 -2.30365932473432772E-13 -2.42057949620348139E-13  1.17246819347356147E-14 -3.37692452037316043E-17  1.10475558039551640E-18 -3.09166673618148261E-22  1.09697810626230987E-23 -0.00000000000000000E+00 -0.00000000000000000E+00
  844.000000 -1.74347371736528816E-13 -1.87618552190057918E-13  1.33005050018993607E-14 -3.05368737288505726E-17  1.21272740720044591E-18 -4.14182857650425539E-22  1.21342634077273111E-23 -0.00000000000000000E+00 -0.00000000000000000E+00
  846.000000 -1.60774690576266735E-13 -1.74545178871138588E-13  1.37999782044993954E-14 -3.06817697234423290E-17  1.19184825965628844E-18 -0.00000000000000000E+00  1.18362445724706893E-23 -0.00000000000000000E+00 -0.00000000000000000E+00
  848.000000 -1.76565686202515191E-13 -1.89401141250869578E-13  1.28788391764914198E-14 -4.45279014080820385E-17  1.14397102475691533E-18 -2.09059032302067866E-22  1.13053163219990317E-23 -0.00000000000000000E+00 -0.00000000000000000E+00
  850.000000 -1.92039300295936140E-13 -2.04391566503894341E-13  1.23890362239698886E-14 -3.78553884621302144E-17  1.08551939570916734E-18 -1.57534742024356715E-22  1.05894935638117377E-23 -0.00000000000000000E+00 -0.00000000000000000E+00
  852.000000 -9.55778493349910304E-14 -1.06217865904863091E-13  1.06771083956450917E-14 -3.80337410466632161E-17  9.42064431109644562E-19 -1.58276954151485996E-22  9.11947294427507184E-24 -0.00000000000000000E+00 -0.00000000000000000E+00
  854.000000 -1.53873983354444849E-13 -1.63632927501546242E-13  9.78240327454896006E-15 -2.43170535944043729E-17  8.58288861521248157E-19 -3.71048791418523757E-22  8.33410371350199890E-24 -0.00000000000000000E+00 -0.00000000000000000E+00
  856.000000 -1.38299824672803116E-13 -1.50104581140663304E-13  1.18386053578201724E-14 -3.49015488143283366E-17  1.05318150230736874E-18 -5.32555371312383066E-22  9.90740217138759482E-24 -0.00000000000000000E+00 -0.00000000000000000E+00
  858.000000 -1.12122433212360829E-13 -1.22081714534501305E-13  9.98646378085534559E-15 -2.80518645529644545E-17  8.69772167535763190E-19 -3.74532798520567299E-22  8.20335510152470186E-24 -0.00000000000000000E+00 -0.00000000000000000E+00
  860.000000 -1.90535848343808255E-13 -2.02014273829655108E-13  1.15267631133271406E-14 -4.93198910716931416E-17  9.82200676685853300E-19  5.37544153177459080E-23  9.16029831342447362E-24 -0.00000000000000000E+00 -0.00000000000000000E+00
  862.000000 -1.19445366213358854E-13 -1.30471050640436914E-13  1.10424717338911458E-14 -1.76962688043127342E-17  9.09007557721533040E-19 -5.40047265756614202E-23  8.43823852744709691E-24 -0.00000000000000000E+00 -0.00000000000000000E+00
  864.000000 -1.28334903451691608E-13 -1.38359253060442957E-13  1.00697318222444096E-14 -4.62240514439185457E-17  8.42047211174147275E-19 -2.17022477106738976E-22  7.76215646878351036E-24 -0.00000000000000000E+00 -0.00000000000000000E+00
  866.000000 -1.08411273899878985E-13 -1.17053091821210535E-13  8.65895674361005587E-15 -1.78608843721329559E-17  7.22109973638969110E-19 -5.45070934208159030E-23  6.62708313563630782E-24 -0.00000000000000000E+00 -0.00000000000000000E+00
  868.000000 -1.45029191066638970E-13 -1.54342619908566159E-13  9.33060853241889902E-15 -1.79434779469594225E-17  7.63999646960381552E-19 -2.19036596032219494E-22  6.84489362600685920E-24 -0.00000000000000000E+00 -0.00000000000000000E+00
  870.000000 -8.77007029931742714E-14 -9.59862401588531208E-14  8.30650155220844302E-15 -2.16315144588761547E-17  6.67182941073735528E-19 -5.50117860384016793E-23 -0.00000000000000000E+00 -0.00000000000000000E+00 -0.00000000000000000E+00
  872.000000 -1.23985932543319338E-13 -1.33515780182839755E-13  9.56167696621899298E-15 -3.25966260212011121E-17  7.67520382660659961E-19 -2.21060018047425092E-22 -0.00000000000000000E+00 -0.00000000000000000E+00 -0.00000000000000000E+00
  874.000000 -1.62006199114557843E-13 -1.71386979208150035E-13  9.40183326838187212E-15 -2.18308822021250899E-17  7.78151562868716480E-19 -4.44150435427349616E-22 -0.00000000000000000E+00 -0.00000000000000000E+00 -0.00000000000000000E+00
  876.000000 -1.46907048170791520E-13 -1.57200755875782874E-13  1.03221478467543441E-14 -2.92412120304655632E-17  8.01349133403261560E-19 -2.78865928940444595E-22 -0.00000000000000000E+00 -0.00000000000000000E+00 -0.00000000000000000E+00
  878.000000 -1.03244636627762996E-13 -1.12799562118688540E-13  9.57621282570116298E-15 -2.20311644763063562E-17  7.44053813286713655E-19 -2.24112594363467979E-22 -0.00000000000000000E+00 -0.00000000000000000E+00 -0.00000000000000000E+00
  880.000000 -1.71180133797690597E-13 -1.81302465023972308E-13  1.01510494739984504E-14 -2.95088647499954949E-17  7.90673316970704502E-19 -5.62836928367528819E-23 -0.00000000000000000E+00 -0.00000000000000000E+00 -0.00000000000000000E+00
  882.000000 -1.06429454636855175E-13 -1.13829689760870181E-13  7.44043024218187966E-15 -4.07593290159365909E-17  5.64493548161053594E-19 -2.82699092628732774E-22 -0.00000000000000000E+00 -0.00000000000000000E+00 -0.00000000000000000E+00
  884.000000 -1.14081625423169182E-13 -1.21969610113441219E-13  7.92087800053109489E-15 -3.34999539496145941E-17  6.07041266231080361E-19 -3.97575679604936615E-22 -0.00000000000000000E+00 -0.00000000000000000E+00 -0.00000000000000000E+00
  886.000000 -9.18723078355570014E-14 -9.95492331612353515E-14  7.68754595025164820E-15 -1.12172363087329488E-17  5.97011112134712611E-19 -3.99376699631401799E-22 -0.00000000000000000E+00 -0.00000000000000000E+00 -0.00000000000000000E+00
  888.000000 -1.15608463796660157E-13 -1.23075904769165961E-13  7.48190924988337980E-15 -1.50239141563923292E-17  5.55694090501327601E-19 -5.73116842513745469E-23 -0.00000000000000000E+00 -0.00000000000000000E+00 -0.00000000000000000E+00
  890.000000 -9.90591346920310194E-14 -1.08177059424330558E-13  9.14554938771544678E-15 -2.82968731055552206E-17  6.72419185125498297E-19 -2.01495474994798299E-22 -0.00000000000000000E+00 -0.00000000000000000E+00 -0.00000000000000000E+00
  892.000000 -1.54788056753067331E-13 -1.62995692102892080E-13  8.24680585044394444E-15 -3.97938701423076367E-17  6.23629754369311443E-19 -2.60231258777995309E-22 -0.00000000000000000E+00 -0.00000000000000000E+00 -0.00000000000000000E+00
  894.000000 -1.08408640263717407E-13 -1.16948167077656507E-13  8.55792576792226006E-15 -1.90345324019623221E-17  6.35723640768663546E-19 -1.45221957412432267E-22 -0.00000000000000000E+00 -0.00000000000000000E+00 -0.00000000000000000E+00
  896.000000 -1.01577142015830587E-13 -1.09640543035984550E-13  8.07620071470421861E-15 -1.33838553510723328E-17  5.84423371217304682E-19 -2.62570404400745936E-22 -0.00000000000000000E+00 -0.00000000000000000E+00 -0.00000000000000000E+00
  898.000000 -1.19335164927671861E-13 -1.25863492600887881E-13  6.54514744238015579E-15 -1.72847203583982983E-17  4.65127023533287591E-19 -1.75829267968732697E-22 -0.00000000000000000E+00 -0.00000000000000000E+00 -0.00000000000000000E+00
  900.000000 -1.41895463517940646E-13 -1.50129397852043124E-13  8.24106686399989890E-15 -7.71635474157293961E-18  5.84001457492092584E-19 -1.76613343999624766E-22 -0.00000000000000000E+00 -0.00000000000000000E+00 -0.00000000000000000E+00
