# Wavelength || Total || n=1 | n=2 | ...
  300.000000  5.96574714643073889E+02 -5.36601650357652034E+01  5.47831082886551258E+02  6.50241834069738474E+01  3.30127065510593170E+01  3.73845919555572515E+00  5.75738930788940784E-01  4.74479957868558927E-02  5.26071212308223870E-03
  302.000000  6.21076061830490744E+02 -6.43970363756652660E+01  5.77787935787635661E+02  6.90412897941107957E+01  3.41569812986127417E+01  3.84618083331388405E+00  5.87374319836612369E-01  4.80421048638455944E-02  5.29406778248086261E-03
  304.000000  6.46931884102440790E+02 -7.56199319201257367E+01  6.09293866096501802E+02  7.33009046829447186E+01  3.53455255490330629E+01  3.95803463658710220E+00  5.99482275914583695E-01  4.86716093790945589E-02  5.33117220623661146E-03
  306.000000  6.74245105642846397E+02 -8.73394146136329255E+01  6.42444788270094705E+02  7.78169314417760773E+01  3.65816485046835496E+01  4.07433181424038970E+00  6.12108122610881988E-01  4.93397544691548326E-02  5.37234860456572896E-03
  308.000000  7.03129409467569417E+02 -9.95665190528825406E+01  6.77346009931950221E+02  8.26046908918266780E+01  3.78690348558368370E+01  4.19542174879787400E+00  6.25302859993089100E-01  5.00502644604388855E-02  5.41796758681941694E-03
  310.000000  7.33710780458233899E+02 -1.12312668612556536E+02  7.14113427112773024E+02  8.76811218854159620E+01  3.92118012632315427E+01  4.32169873814744676E+00  6.39124171401725616E-01  5.08074434172109263E-02  5.46845640365718061E-03
  312.000000  7.66129350933009960E+02 -1.25589550951322963E+02  7.52874925687957898E+02  9.30650223063604614E+01  4.06145650018912718E+01  4.45361049800292719E+00  6.53637673642191275E-01  5.16163036228338423E-02  5.52441285538931258E-03
  314.000000  8.00541626100109397E+02 -1.39408938603423849E+02  7.93772037775201170E+02  9.87773423671319932E+01  4.20825281307593073E+01  4.59166900615666940E+00  6.68918483976027378E-01  5.24827313825674199E-02  5.58620892560950707E-03
  316.000000  8.37123194065272173E+02 -1.53782436598701224E+02  8.36961916410663662E+02  1.04841546517432661E+02  4.36215816978145057E+01  4.73646450072561365E+00  6.85053204268603055E-01  5.34137032861006084E-02  5.65462978236071050E-03
  318.000000  8.76072056418036709E+02 -1.68721132320537890E+02  8.82619711610687318E+02  1.11284066728203626E+02  4.52384361007664140E+01  4.88868378317320396E+00  7.02142461445442900E-01  5.44175715612353617E-02  5.73048273748767538E-03
  320.000000  9.17612768312035541E+02 -1.84235113141658985E+02  9.30941458133110586E+02  1.18134879437603871E+02  4.69407860225811575E+01  5.04913448053635339E+00  7.20304200225725277E-01  5.55044453254139661E-02  5.81473431138021957E-03
  322.000000  9.62001645282374852E+02 -2.00332803219019752E+02  9.82147623095890140E+02  1.25428252754884610E+02  4.87375216980041017E+01  5.21877768310484491E+00  7.39678008928962627E-01  5.66867069191950568E-02  5.90855366271556080E-03
  324.000000  1.00953339742767162E+03 -2.17020049641665082E+02  1.03648751490542008E+03  1.33203732433961420E+02  5.06390032008527839E+01  5.39877254734950451E+00  7.60430888573040864E-01  5.79797216017964717E-02  6.01337157793038930E-03
  326.000000  1.06054970383511841E+03 -2.34298855600017760E+02  1.09424483098339488E+03  1.41507469394944792E+02  5.26574218898336213E+01  5.59053829810527869E+00  7.82765077807203946E-01  5.94028289690010231E-02  6.13096208134858173E-03
  328.000000  1.11545047120885533E+03 -2.52165606821386064E+02  1.15574473178441053E+03  1.50394046372483444E+02  5.48072846649201466E+01  5.79584202639452428E+00  8.06928871363394751E-01  6.09807529438938026E-02  6.26355772546545626E-03
  330.000000  1.17470888001643493E+03 -2.70608553316595135E+02  1.22136299011884921E+03  1.59929051106440994E+02  5.71060749805738155E+01  6.01692555448718469E+00  8.33231908856239434E-01  6.27456474087528943E-02  6.41401641383731146E-03
  332.000000  1.23889189675189550E+03 -2.89604164853697512E+02  1.29153800578539676E+03  1.70192794833826611E+02  5.95751745662026835E+01  6.25669288203991680E+00  8.62067337350857388E-01  6.47401311955092817E-02  6.58606958058168164E-03
  334.000000  1.30868888400005494E+03 -3.09111721377693357E+02  1.36678684130044508E+03  1.81285837594439499E+02  6.22411808741039962E+01  6.51899408835637484E+00  8.93944910022571815E-01  6.70219068398889839E-02  6.78470354085360539E-03
  336.000000  1.38495258492212156E+03 -3.29065011983398108E+02  1.44772699994681693E+03  1.93337453479006740E+02  6.51378460652623801E+01  6.80906745340382802E+00  9.29542194863717031E-01  6.96709980219638175E-02  7.01676814393080352E-03
  338.000000  1.46875974005943635E+03 -3.49359028524045243E+02  1.53510655755830862E+03  2.06519047125455614E+02  6.83090331485345388E+01  7.13425005681385738E+00  9.69787218809445406E-01  7.28014829642652794E-02  7.29199259511032621E-03
  340.000000  1.56150431113291074E+03 -3.69827392422060257E+02  1.62984668002324952E+03  2.21066235247468143E+02  7.18134214680895155E+01  7.50516199761936509E+00  1.01599875624315716E+00  7.65812905689800816E-02  7.62477173253172952E-03
  342.000000  1.66504784996171838E+03 -3.90201315647333104E+02  1.73310279780723249E+03  2.37316755834504193E+02  7.57324043366960495E+01  7.93776387805851247E+00  1.07013909394311613E+00  8.12671604360588468E-02  8.03749818096777605E-03
  344.000000  1.78197475363682906E+03 -4.10030191350746463E+02  1.84635378335735754E+03  2.55778710247258800E+02  8.01842132313559404E+01  8.45710110780305868E+00  1.13530070884601009E+00  8.72691857324981030E-02  8.56714922190282037E-03
  346.000000  1.91603391937340984E+03 -4.28533140250644465E+02  1.97153011769137106E+03  2.77260342411002512E+02  8.53509484758279768E+01  9.10440170736150201E+00  1.21670191616723788E+00  9.52688986170509983E-02  9.27852370685788852E-03
  348.000000  2.07284316189276478E+03 -4.44400947661846658E+02  2.11118803766947485E+03  3.03133228616397219E+02  9.15319340408538409E+01  9.95049865207936968E+00  1.32378773129185623E+00  1.06333348481089801E-01  1.02894960332675228E-02
  350.000000  2.26085734080816883E+03 -4.55743888421062366E+02  2.26874916498097173E+03  3.35895856198613615E+02  9.92242687351860582E+01  1.11243684820673643E+01  1.47396854469655803E+00  1.21762271991125395E-01  1.18400157046241617E-02
  352.000000  2.49273950855227076E+03 -4.60241512971477277E+02  2.44886261698162843E+03  3.80374637982032482E+02  1.08972116556957801E+02  1.29271919893571230E+01  1.68290421725750483E+00  1.47398101196640402E-01  1.41556953177269500E-02
  354.000000  2.78630061883166854E+03 -4.56527762622108639E+02  2.65805544774040936E+03  4.46184576696529689E+02  1.20494012177674236E+02  1.59724876521940047E+01  1.90725872454527789E+00  1.98240322804046687E-01  1.63581396198495058E-02
  356.000000  3.17832918430206291E+03 -4.36045252089905262E+02  2.90716165209514020E+03  5.49179591579645944E+02  1.34769070334530483E+02  2.08132505243311492E+01  2.15388705811921932E+00  2.78686993523978244E-01  1.82978066768352786E-02
  358.000000  3.67526681164037700E+03 -3.96896791159895656E+02  3.21226466882206705E+03  6.78245271751049131E+02  1.52771408043615764E+02  2.60464664647803055E+01  2.45868921188386169E+00  3.56480106037386668E-01  2.06184008395561870E-02
  360.000000  4.13186116048111762E+03 -3.85506085218223234E+02  3.60372503649164264E+03  7.16293317599691363E+02  1.69062969362503878E+02  2.53134639224511311E+01  2.62517620910807103E+00  3.26311635424097968E-01  2.09704785198873457E-02
  362.000000  4.63600648823862866E+03 -3.82812417971634204E+02  4.13687369127704187E+03  6.70356971476487615E+02  1.88011182653164752E+02  2.05504421370538353E+01  2.77281709386615738E+00  2.33030129078330095E-01  2.07714435702954503E-02
  364.000000  5.48757098114280598E+03 -3.30580491802442339E+02  4.90233683889059103E+03  6.71783369113248682E+02  2.22165792607432792E+02  1.84475030891752532E+01  3.21040141923981937E+00  1.84364185267208797E-01  2.32036402918748379E-02
  366.000000  6.91934819701174365E+03 -2.00087594992783124E+02  6.06406854265166839E+03  7.49656167018688166E+02  2.81593649635662985E+02  1.98105764236670936E+01  4.09173487966090654E+00  1.85833281365098552E-01  2.92881138140354408E-02
  368.000000  9.25684179443782887E+03  2.70775541957627865E+01  7.89156824463617431E+03  9.25156472583690629E+02  3.81889392339667722E+02  2.52260728411972934E+01  5.64587909639249030E+00  2.37663961796663686E-01  4.05147831483523915E-02
  370.000000  1.26662359248127577E+04  2.64477630555484211E+02  1.05744777912026948E+04  1.24602777134985217E+03  5.36078685370722837E+02  3.66861056395053993E+01  8.07045967153719346E+00  3.59265777476555193E-01  5.82152454841199513E-02
  372.000000  1.56571712603324322E+04  1.45655994567527159E+02  1.31128029922842288E+04  1.65056702895686658E+03  6.85526116889572791E+02  5.16210802061268055E+01  1.04028208458804183E+01  5.20156425509640807E-01  7.50701567215803084E-02
  374.000000  1.50514088870343967E+04 -3.95525876567175146E+02  1.29530660823749295E+04  1.75551541956483743E+03  6.72235436951449856E+02  5.53988037639727722E+01  1.00900814529072349E+01  5.56829290676022715E-01  7.21102027994794531E-02
  376.000000  1.18992336636847831E+04 -8.78417258833029337E+02  1.06658437045009014E+04  1.52685786628684218E+03  5.29475358254137063E+02  4.72393839305730978E+01  7.71783547646586143E+00  4.62695346508166294E-01  5.40787223831296696E-02
  378.000000  9.20507402782618556E+03 -1.17485855019568044E+03  8.64421990430307233E+03  1.28957175757978962E+03  4.01577552941089948E+02  3.85479387571256638E+01  5.61355549604119020E+00  3.63591656087738468E-01  3.82772886611561017E-02
  380.000000  7.57733293622234760E+03 -1.35974569474708187E+03  7.43570730881008876E+03  1.14274162030081948E+03  3.21271482388777201E+02  3.27513976482976972E+01  4.28212804052220974E+00  2.96406625672116675E-01  2.82871552515420073E-02
  382.000000  6.68794595663281052E+03 -1.49082857184802560E+03  6.80455391110375331E+03  1.06661575250624105E+03  2.74583024957587213E+02  2.92558216757969802E+01  3.48938898363442362E+00  2.54332775865984795E-01  2.22964779565390965E-02
  384.000000  6.23369995910608122E+03 -1.59615019927531466E+03  6.51727884309996352E+03  1.03439887661692001E+03  2.47718604791322718E+02  2.71958895348867813E+01  3.01148967655034427E+00  2.27828491083802487E-01  1.86261706692972123E-02
  386.000000  6.03610946471988245E+03 -1.68850765521430003E+03  6.43413879449545311E+03  1.02907744118858295E+03  2.32446068569067563E+02  2.60115849671816974E+01  2.71617380162188304E+00  2.10763153133752407E-01  1.62937591408344254E-02
  388.000000  5.99603658130114309E+03 -1.77369138552765435E+03  6.47665477430760620E+03  1.04078855605514332E+03  2.24166038825929689E+02  2.53741720466757066E+01  2.53010900783618897E+00  1.99558496028810234E-01  1.47580895768700312E-02
  390.000000  6.05687131213203702E+03 -1.85415546008899764E+03  6.59940464470825191E+03  1.06366826606323298E+03  2.20248798622225820E+02  2.50874964327696510E+01  2.41175344021984950E+00  1.92098284891264154E-01  1.37146694436955860E-02
  392.000000  6.18436912375387146E+03 -1.93063505040950258E+03  6.77433695011971849E+03  1.09398954649632878E+03  2.19112718980548493E+02  2.50284198250150709E+01  2.33647884516632187E+00  1.87075304536073572E-01  1.29845920612217947E-02
  394.000000  6.35620690826337341E+03 -2.00289150892723410E+03  6.98259124615538531E+03  1.12916244919996734E+03  2.19745292264708809E+02  2.51144492490615221E+01  2.28888515471527887E+00  1.83637689148735350E-01  1.24574776213229391E-02
  396.000000  6.55650548318308665E+03 -2.07008202019338205E+03  7.21019891519536031E+03  1.16719822824927132E+03  2.21452045540146628E+02  2.52862426162916307E+01  2.25878663003875779E+00  1.81223367379465344E-01  1.20617779797033524E-02
  398.000000  6.77288371441700747E+03 -2.13096690742121427E+03  7.44578188990276067E+03  1.20641879137028218E+03  2.23721756796590853E+02  2.54980249064240141E+01  2.23905747189565041E+00  1.79352534241520867E-01  1.17488560261323847E-02
  400.000000  6.99485653429061949E+03 -2.18405062114938482E+03  7.67932651772800546E+03  1.24530168969632041E+03  2.26152963594925524E+02  2.57123293360199128E+01  2.22444666131485258E+00  1.77724228189829220E-01  1.14841952280210144E-02
  402.000000  7.21299240933421970E+03 -2.22770153390373162E+03  7.90157818645025054E+03  1.28240591513661275E+03  2.28414377591806158E+02  2.58972231606407632E+01  2.21091922125870965E+00  1.76079233743746510E-01  1.12424436395948246E-02
  404.000000  7.41853421816083846E+03 -2.26027110714169976E+03  8.10382446279073883E+03  1.31635024743236363E+03  2.30225066994767900E+02  2.60250386241563412E+01  2.19529576344904154E+00  1.74209097031848364E-01  1.10046000311729390E-02
  406.000000  7.60332195363402479E+03 -2.28021907108154119E+03  8.27793664592450114E+03  1.34582793987042851E+03  2.31346623077554227E+02  2.60720452204044264E+01  2.17506637387682566E+00  1.71947817922138785E-01  1.07564308792451081E-02
  408.000000  7.75991593460105196E+03 -2.28624191157954192E+03  8.41658240665885933E+03  1.36964623672993389E+03  2.31582547227909458E+02  2.60186929460406056E+01  2.14830618302967125E+00  1.69168838152331413E-01  1.04875966686438279E-02
  410.000000  7.88184232468185746E+03 -2.27739529221467092E+03  8.51353604795565843E+03  1.38678029685250976E+03  2.30781508233258904E+02  2.58501422205267950E+01  2.11364575793274900E+00  1.65784709743375253E-01  1.01911668984506938E-02
  412.000000  7.96388959280086146E+03 -2.25319701468089625E+03  8.56401526038646443E+03  1.39643081475783106E+03  2.28841819975226656E+02  2.55568382059817054E+01  2.07026335631820846E+00  1.61747486051955991E-01  9.86331388306813280E-03
  414.000000  8.00238781164431657E+03 -2.21369633355030965E+03  8.56497527679391351E+03  1.39807454555453796E+03  2.25714973270826732E+02  2.51349230073369370E+01  2.01787515815604701E+00  1.57048364534317253E-01  9.50304532020495966E-03
  416.000000  7.99541034912399027E+03 -2.15949827082148113E+03  8.51530008677635124E+03  1.39149808080052981E+03  2.21406588353144286E+02  2.45863291401361543E+01  1.95670738835599778E+00  1.51715598098714849E-01  9.11188885471118405E-03
  418.000000  7.94285325979379195E+03 -2.09173760447381210E+03  8.41584862234500361E+03  1.37680799704719266E+03  2.15973831744646560E+02  2.39184673106998602E+01  1.88744210232068954E+00  1.45810229555035448E-01  8.69348818571264413E-03
  420.000000  7.84637089432934954E+03 -2.01200505195075675E+03  8.26933989005549302E+03  1.35441462322649636E+03  2.09519120437947748E+02  2.31435035419663890E+01  1.81113615777121906E+00  1.39419749812576432E-01  8.25311061845742863E-03
  422.000000  7.70917267850075768E+03 -1.92223580878532812E+03  8.08008964744017612E+03  1.32499128953694344E+03  2.02180684352598348E+02  2.22772990762810856E+01  1.72911953792259809E+00  1.32650245150322921E-01  7.79709701350274256E-03
  424.000000  7.53570969225110548E+03 -1.82457604303055268E+03  7.85363570781988528E+03  1.28941493010986574E+03  1.94121119607851853E+02  2.13381439579354470E+01  1.64288359050024391E+00  1.25617892582717328E-01  7.33230303718165194E-03
  426.000000  7.33129531764537114E+03 -1.72124493622363661E+03  7.59630380637921371E+03  1.24869639869353455E+03  1.85515331071372316E+02  2.03454401529505304E+01  1.55397124985589130E+00  1.18440738049916977E-01  6.86558403133938865E-03
  428.000000  7.10170916752763605E+03 -1.61440827429277851E+03  7.31476882336254130E+03  1.20390941110540962E+03  1.76539211571246653E+02  1.93184808123421199E+01  1.46388003804922295E+00  1.11231564116964471E-01  6.40336670920410144E-03
  430.000000  6.85282837987416588E+03 -1.50607532718816947E+03  7.01565830736451790E+03  1.15612583050451599E+03  1.67360103408823704E+02  1.82754366513809572E+01  1.37398541112614292E+00  1.04092387976242123E-01  5.95133399514397379E-03
  432.000000  6.59031833313457082E+03 -1.39802526947311708E+03  6.70523054906723155E+03  1.10636267446738566E+03  1.58129654367193439E+02  1.72326116788429218E+01  1.28548798122262897E+00  9.71108154803587281E-02  5.51423033206779357E-03
  434.000000  6.31940009026693133E+03 -1.29176412217151665E+03  6.38914264421398548E+03  1.05554350832720684E+03  1.48979239395014986E+02  1.62039821550071181E+01  1.19938437635759620E+00  9.03581924451694052E-02  5.09577843178936601E-03
  436.000000  6.04469812545531204E+03 -1.18850913802425202E+03  6.07230901444046958E+03  1.00447444552008960E+03  1.40017762438290703E+02  1.52009943977139947E+01  1.11645870479619580E+00  8.38892907284447265E-02  4.69868747585720260E-03
  438.000000  5.77016147690566413E+03 -1.08919512290982675E+03  5.75884005302751393E+03  9.53833191092478501E+02  1.31331424499758072E+02  1.42325732799380784E+01  1.03729002862556285E+00  7.77431593886086791E-02  4.32472778734747151E-03
  440.000000  5.49904522652887590E+03 -9.94496302496583667E+02  5.45204455813544882E+03  9.04168552147053333E+02  1.22984944655419170E+02  1.33052836736474127E+01  9.62270817377345877E-01  7.19447494808794497E-02  3.97484703208590608E-03
  442.000000  5.23393678447681941E+03 -9.04857626949502446E+02  5.15447780229566433E+03  8.55907508986250605E+02  1.15023723631397885E+02  1.24235885069464782E+01  8.91631740172046494E-01  6.65069595107404821E-02  3.64930637978863820E-03
  444.000000  4.97681187347356445E+03 -8.20530389912841201E+02  4.86801824996298637E+03  8.09367100966813382E+02  1.07476507478606010E+02  1.15901553309849277E+01  8.25469007549628042E-01  6.14328194314303633E-02  3.34782003277244713E-03
  446.000000  4.72910723500379299E+03 -7.41608305916226527E+02  4.59395877778828435E+03  7.64768822771008672E+02  1.00358207057662014E+02  1.08061745174292163E+01  7.63771487529685267E-01  5.67176113489835723E-02  3.06968675601194778E-03
  448.000000  4.49179994341106067E+03 -6.68061447064636013E+02  4.33310170860078597E+03  7.22253776288243671E+02  9.36726314636142376E+01  1.00716636314157402E+01  7.06445785478709842E-01  5.23507994908270213E-02  2.81390666757023490E-03
  450.000000  4.26548612666179270E+03 -5.99766516083520401E+02  4.08585031875956702E+03  6.81897361834179833E+02  8.74149843924187877E+01  9.38574249549336059E+00  6.53338280852524322E-01  4.83177026216541350E-02  2.57928017960109635E-03
  452.000000  4.05045445401281495E+03 -5.36532761011516413E+02  3.85229232592679227E+03  6.43722754118231364E+02  8.15740446203769380E+01  8.74687126677807569E+00  6.04253716950362230E-01  4.46008866515733293E-02  2.36448855038936612E-03
  454.000000  3.84675178917659196E+03 -4.78123416671747691E+02  3.63227306484017026E+03  6.07712767767066680E+02  7.61340040288449700E+01  8.15304941955458595E+00  5.58970350760809143E-01  4.11812848031173628E-02  2.16815713897469068E-03
  456.000000  3.65423990192169003E+03 -4.24272924800883629E+02  3.42545762376901257E+03  5.73819974788468926E+02  7.10759711327554982E+01  7.60197713801636787E+00  5.17251920826760636E-01  3.80390701458096364E-02  1.98890334729629912E-03
  458.000000  3.47264314341249974E+03 -3.74700386936172436E+02  3.23138223649835618E+03  5.41975106178935448E+02  6.63791684665348640E+01  7.09118269832867743E+00  4.78856821170566993E-01  3.51543137442770701E-02  1.82537160149658984E-03
  460.000000  3.30158761717405559E+03 -3.29119789588523417E+02  3.04949582454416486E+03  5.12093870954136719E+02  6.20218622424863142E+01  6.61812038419585047E+00  4.43544915846700194E-01  3.25074640011219287E-02  1.67625774758405977E-03
  462.000000  3.14063271809120215E+03 -2.87247550506330299E+02  2.87919287964774821E+03  4.84082377044212308E+02  5.79820657706622811E+01  6.18024370628656161E+00  4.11082422215979015E-01  3.00796813469724096E-02  1.54032505962731388E-03
  464.000000  2.98929605430347692E+03 -2.48807898969680537E+02  2.71983896734935433E+03  4.57841355863174726E+02  5.42380568611561173E+01  5.77505847225740432E+00  3.81245254476024253E-01  2.78530589561966774E-02  1.41641378239011346E-03
  466.000000  2.84707278130933901E+03 -2.13536544216585753E+02  2.57079009609416653E+03  4.33269388519677307E+02  5.07687457529485968E+01  5.40015978923969975E+00  3.53821168252750506E-01  2.58107558182702826E-02  1.30344582147756596E-03
  468.000000  2.71345031617806308E+03 -1.81183018815863761E+02  2.43140708890580800E+03  4.10265315745235853E+02  4.75539253458095388E+01  5.05325651476014670E+00  3.28610992411451253E-01  2.39370640086245152E-02  1.20042589275764057E-03
  470.000000  2.58791929886440585E+03 -1.51512017031949654E+02  2.30106595430887273E+03  3.88729991952225760E+02  4.45744304925702437E+01  4.73218609296023729E+00  3.05429181755469514E-01  2.22174278011649448E-02  1.10644017052311753E-03
  472.000000  2.46998155122468052E+03 -1.24303986930572137E+02  2.17916510425486649E+03  3.68567520441042859E+02  4.18122283295834620E+01  4.43492217084013785E+00  2.84103877124248283E-01  2.06384285557962704E-02  1.02065323976265987E-03
  474.000000  2.35915566734969070E+03 -9.93551813746307744E+01  2.06513012373346191E+03  3.49686084075671602E+02  3.92504573372929642E+01  4.15957690887998410E+00  2.64476618880607250E-01  1.91877461705537433E-02  9.42303963736986503E-04
  476.000000  2.25498075964286545E+03 -7.64773278479715373E+01  1.95841666718726447E+03  3.31998465049392451E+02  3.68734291315833076E+01  3.90439949051808322E+00  2.46401826055039797E-01  1.78541053017904836E-02  8.70700721323009537E-04
  478.000000  2.15701878788678505E+03 -5.54970398450477660E+01  1.85851194403600061E+03  3.15422329247334801E+02  3.46666038988635847E+01  3.66777199478156435E+00  2.29746126029523656E-01  1.66272124773731642E-02  8.05216344843317946E-04
  480.000000  2.06485581478549011E+03 -3.62550625923649932E+01  1.76493516011411111E+03  2.99880335312503973E+02  3.26165478618238396E+01  3.44820351999623487E+00  2.14387597838262028E-01  1.54976885889110527E-02  7.45282993205127189E-04
  482.000000  1.97810246097415575E+03 -1.86054221290087298E+01  1.67723720267154840E+03  2.85300115711169497E+02  3.07108791324560038E+01  3.24432322580899646E+00  2.00214975081673352E-01  1.44569999776172978E-02  6.90387122084428601E-04
  484.000000  1.89639377425475118E+03 -2.41452819963706133E+00  1.59499979205545492E+03  2.71614166614883231E+02  2.89382067007307384E+01  3.05487278704103504E+00  1.87126841264076665E-01  1.34973903564437163E-02  6.40064658067445238E-04
  486.000000  1.81938868035086284E+03  1.24397328853519866E+01  1.51783427128461608E+03  2.58759674961737346E+02  2.72880660494410883E+01  2.87869861787665604E+00  1.75030840318092601E-01  1.26118150783814630E-02  5.93896443173369754E-04
  488.000000  1.74676914428519081E+03  2.60688901983448886E+01  1.44538016343879417E+03  2.46678304313807160E+02  2.57508539128666314E+01  2.71474412115144359E+00  1.63842917523737391E-01  1.17938787160542825E-02  5.51503986789673799E-04
  490.000000  1.67823914101543755E+03  3.85747479431702232E+01  1.37730359426056452E+03  2.35315955798106927E+02  2.43177639524389129E+01  2.56204213867497677E+00  1.53486600421939123E-01  1.10377765187234019E-02  5.12545541121687599E-04
  492.000000  1.61352350989535557E+03  5.00502021280099143E+01  1.31329565196798558E+03  2.24622516243429970E+02  2.29807245588952291E+01  2.41970771928679840E+00  1.43892325220705164E-01  1.03382400254563404E-02  4.76712501702688521E-04
  494.000000  1.55236674863882922E+03  6.05800077856893040E+01  1.25307073660217793E+03  2.14551602381230197E+02  2.17323395680961333E+01  2.28693127735921875E+00  1.34996811241209741E-01  9.69048691043609620E-03  4.43726124703100087E-04
  496.000000  1.49453178775736797E+03  7.02414936233726621E+01  1.19636493611609694E+03  2.05060307477074360E+02  2.05658323651727812E+01  2.16297218223610166E+00  1.26742483871752160E-01  9.09017499700640920E-03  4.13334546455881478E-04
  498.000000  1.43979877506607681E+03  7.91052232978126995E+01  1.14293445488819270E+03  1.96108954845252782E+02  1.94749936235132850E+01  2.04715279586222065E+00  1.19076945071472415E-01  8.53336028467566871E-03  3.85310086823648622E-04
  500.000000  1.38796389111798339E+03  8.72356041155744606E+01  1.09255411163951453E+03  1.87660861246975315E+02  1.84541327613649955E+01  1.93885295943899783E+00  1.11952489523811316E-01  8.01645877537131291E-03  3.59446816048503972E-04
  502.000000  1.33883820977087225E+03  9.46914450342283089E+01  1.04501591721937939E+03  1.79682112080707213E+02  1.74980330837456641E+01  1.83750491864294063E+00  1.05325663952654427E-01  7.53621185218780222E-03  3.35558363998326450E-04
  504.000000  1.29224661306031498E+03  1.01526466522790543E+02  1.00012773791015309E+03  1.72141349461252531E+02  1.66019104989736590E+01  1.74258866946081525E+00  9.91568667849753310E-02  7.08965494855830734E-03  3.13475950869232869E-04
  506.000000  1.24802676578774117E+03  1.07789765239318513E+02  9.57712046389741317E+02  1.65009573687808000E+02  1.57613756477939084E+01  1.65362770202093379E+00  9.34099851965450173E-02  6.67408924278656539E-03  2.93046619108859976E-04
  508.000000  1.20602815245408374E+03  1.13526236682535455E+02  9.17604759977652520E+02  1.58259958170477489E+02  1.49723992519189402E+01  1.57018511717448961E+00  8.80520665591816298E-02  6.28705611827595854E-03  2.74131647394596910E-04
  510.000000  1.16611117713456292E+03  1.18776959017368426E+02  8.79654164034850510E+02  1.51867677580213609E+02  1.42312804720623483E+01  1.49186008942347481E+00  8.30530213752616875E-02  5.92631414064040754E-03  2.56605128769295059E-04
  512.000000  1.12814632545105405E+03  1.23579541235421857E+02  8.43719917202721149E+02  1.45809748778010544E+02  1.35346180593101781E+01  1.41828464966666834E+00  7.83853549102097313E-02  5.58981831707969831E-03  2.40352696404798132E-04
  514.000000  1.09201338678305956E+03  1.27968438687832531E+02  8.09672134409972955E+02  1.40064883942044275E+02  1.28792840846943655E+01  1.34912076182146601E+00  7.40239248927289234E-02  5.27570141943996263E-03  2.25270381853594253E-04
  516.000000  1.05760073418767888E+03  1.31975238875107607E+02  7.77390543135019925E+02  1.34613355227665807E+02  1.22624000378609566E+01  1.28405766843263858E+00  6.99457228307150680E-02  4.98225716918050416E-03  2.11263592013019905E-04
  518.000000  1.02480465907605526E+03  1.35628920198752894E+02  7.46763708201884015E+02  1.29436870250748484E+02  1.16813150949764921E+01  1.22280948172476567E+00  6.61296766767444089E-02  4.70792509930726463E-03  1.98246192329502651E-04
  520.000000  9.93528757450146600E+02  1.38956086180781313E+02  7.17688320345363081E+02  1.24518457669237179E+02  1.11335863673248809E+01  1.16511299806724700E+00  6.25564727632304668E-02  4.45127692471998168E-03  1.86139684999587368E-04
  522.000000  9.63683364409312958E+02  1.41981177470525836E+02  6.90068543854920335E+02  1.19842362142253123E+02  1.06169609543627956E+01  1.11072571540257159E+00  5.92083951082276044E-02  4.21100426802628516E-03  1.74872472061157703E-04
  524.000000  9.35185033623393679E+02  1.44726663756053313E+02  6.63815418762491163E+02  1.15393947965101830E+02  1.01293596378022688E+01  1.05942403478287384E+00  5.60691803654487925E-02  3.98590760253385041E-03  1.64379194314752825E-04
  526.000000  9.07956058542411142E+02  1.47213217520562466E+02  6.38846313246989325E+02  1.11159610706809360E+02  9.66886206605340348E+00  1.01100162871640409E+00  5.31238868545299212E-02  3.77488628772904315E-03  1.54600137970239444E-04
  528.000000  8.81924032222744017E+02  1.49459871405813828E+02  6.15084422167852495E+02  1.07126696211263891E+02  9.23369329074944289E+00  9.65267960519352819E-01  5.03587762581141837E-02  3.57692958505698329E-03  1.45480701776682579E-04
  530.000000  8.57021442792595622E+02  1.51484160778307341E+02  5.92458307897854525E+02  1.03283426360998533E+02  8.82221152897124306E+00  9.22046940281082361E-01  4.77612067113965949E-02  3.39110855324894090E-03  1.36970918174623936E-04
  532.000000  8.33185301748291067E+02  1.53302252948439673E+02  5.70901479887598725E+02  9.96188310420209859E+01  8.43289703596988183E+00  8.81175704369305812E-01  4.53195361370755806E-02  3.21656873282358648E-03  1.29025022710529020E-04
  534.000000  8.10356802441123591E+02  1.54929064346982159E+02  5.50352009656527230E+02  9.61226857879464944E+01  8.06434198364191523E+00  8.42503506626242959E-01  4.30230347941985974E-02  3.05252353878432327E-03  1.21601066579815801E-04
  536.000000  7.88481006294318263E+02  1.56378366838476722E+02  5.30752178159923005E+02  9.27854546206727093E+01  7.71524124974073633E+00  8.05890710533237131E-01  4.08618061150395270E-02  2.89824828901201785E-03  1.14660567728859140E-04
  538.000000  7.67506554464683404E+02  1.57662884235131969E+02  5.12048152724762531E+02  8.95982376424649374E+01  7.38438403167363244E+00  7.71207872652141191E-01  3.88267149982814835E-02  2.75307480346008307E-03  1.08168196443381119E-04
  540.000000  7.47385402832591581E+02  1.58794379966256201E+02  4.94189690979639238E+02  8.65527229703058225E+01  7.07064620697475821E+00  7.38334908594442729E-01  3.69093228131875950E-02  2.61638651610689296E-03  1.02091491800141188E-04
  542.000000  7.28072578370514520E+02  1.59783736766014954E+02  4.77129869420644354E+02  8.36411426371489455E+01  6.77298336998331152E+00  7.07160333623478743E-01  3.51018284459185398E-02  2.48761404773632138E-03  9.64006057537669696E-05
  544.000000  7.09525955092366644E+02  1.60641029152608098E+02  4.60824834457447139E+02  8.08562321164457671E+01  6.49042448104094571E+00  6.77580570771049051E-01  3.33970147883657087E-02  2.36623119309718397E-03  9.10680719832639569E-05
  546.000000  6.91706047935696802E+02  1.61375589396887335E+02  4.45233573972238162E+02  7.81911931557889233E+01  6.22206607072103868E+00  6.49499320051385443E-01  3.17882001320715507E-02  2.25175128089050939E-03  8.60685969380960977E-05
  548.000000  6.74575823062914310E+02  1.61996067606271026E+02  4.30317707596958428E+02  7.56396596328107762E+01  5.96706694715994157E+00  6.22826982988772926E-01  3.02691939851509467E-02  2.14372386940347038E-03  8.13788708004614620E-05
  550.000000  6.58100523196157496E+02  1.62510486487602975E+02  4.16041294074024222E+02  7.31956661716394450E+01  5.72464335962365389E+00  5.97480137246513388E-01  2.88342568798592297E-02  2.04173174451171722E-03  7.69773963286193153E-05
  552.000000  6.42247506718287013E+02  1.62926291296161708E+02  4.02370654211827684E+02  7.08536192813276955E+01  5.49406457600335862E+00  5.73381056659444277E-01  2.74780637831057092E-02  1.94538819025505817E-03  7.28443337656222865E-05
  554.000000  6.26986099380186374E+02  1.63250395426360228E+02  3.89274208079850325E+02  6.86082707988672809E+01  5.27464883604590185E+00  5.50457272435440625E-01  2.61956707617973517E-02  1.85433450529615454E-03  6.89613601933299075E-05
  556.000000  6.12287457555733795E+02  1.63489222054891343E+02  3.76722325210633983E+02  6.64546934387917645E+01  5.06575964583504401E+00  5.28641171707982527E-01  2.49824845905827139E-02  1.76823774134334390E-03  6.53115418837702216E-05
  558.000000  5.98124442077228537E+02  1.63648742206207316E+02  3.64687186686724658E+02  6.43882582690351626E+01  4.86680238238322360E+00  5.07869629996358984E-01  2.38342350213929417E-02  1.68678864209079096E-03  6.18792183551596862E-05
  560.000000  5.84471501767203108E+02  1.63734509572273964E+02  3.53142658092256738E+02  6.24046139488860518E+01  4.67722118019632127E+00  4.88083674466972983E-01  2.27469494625484846E-02  1.60969976343434897E-03  5.86498969758220078E-05
  562.000000  5.71304565860721027E+02  1.63751692386921604E+02  3.42064172400919858E+02  6.04996675795389010E+01  4.49649607439336663E+00  4.69228175191815033E-01  2.17169298407067744E-02  1.53670375769013648E-03  5.56101570812267740E-05
  564.000000  5.58600944582219199E+02  1.63705102625478503E+02  3.31428621955557560E+02  5.86695670311071211E+01  4.32414037739343371E+00  4.51251561872008433E-01  2.07407314416558804E-02  1.46755180629953028E-03  5.27475626776551152E-05
  566.000000  5.46339237204687493E+02  1.63599222773120800E+02  3.21214258770984259E+02  5.69106846221435632E+01  4.15969826838332324E+00  4.34105563739152267E-01  1.98151435463239413E-02  1.40201218707466783E-03  5.00505829020926458E-05
  568.000000  5.34499246977358553E+02  1.63438230381882022E+02  3.11400602460250582E+02  5.52196020387254549E+01  4.00274257675426526E+00  4.17744970566678253E-01  1.89371716965988854E-02  1.33986896343967084E-03  4.75085194938557425E-05
  570.000000  5.23061902362121941E+02  1.63226020615281413E+02  3.01968355147552700E+02  5.35930963902229109E+01  3.85287274247687250E+00  4.02127412921284844E-01  1.81040214418793574E-02  1.28092078437733420E-03  4.51114406098668451E-05
  572.000000  5.12009184067421074E+02  1.62966226960776567E+02  2.92899322787416736E+02  5.20281273079444233E+01  3.70971293798415003E+00  3.87213159962011610E-01  1.73130834318791400E-02  1.22497978491072188E-03  4.28501203833777977E-05
  574.000000  5.01324057411028605E+02  1.62662240270911752E+02  2.84176342361798163E+02  5.05218250011815186E+01  3.57291033758624987E+00  3.72964933254947284E-01  1.65619197343821294E-02  1.17187057795489703E-03  4.07159836872507269E-05
  576.000000  4.90990409585794453E+02  1.62317226281592866E+02  2.75783214472980944E+02  4.90714791926285869E+01  3.44213352172398412E+00  3.59347735214886999E-01  1.58482512682633879E-02  1.12142932926886691E-03  3.87010556164238615E-05
  578.000000  4.80992991437440025E+02  1.61934141739826828E+02  2.67704640893034536E+02  4.76745288620211625E+01  3.31707100456582404E+00  3.46328690915521042E-01  1.51699462528017553E-02  1.07350290804616088E-03  3.67979152532587210E-05
  580.000000  4.71317363397125348E+02  1.61515749261181099E+02  2.59926166668958786E+02  4.63285527330226330E+01  3.19742987449311444E+00  3.33876902126241215E-01  1.45250095836763141E-02  1.02794810640223435E-03  3.49996533225683688E-05
  582.000000  4.61949845242353206E+02  1.61064631026739335E+02  2.52434126417294010E+02  4.50312604439952295E+01  3.08293453797617323E+00  3.21963312538858570E-01  1.39115730545183169E-02  9.84630921663817759E-04  3.32998333816913143E-05
  584.000000  4.52877469387217047E+02  1.60583201418308363E+02  2.45215594474297916E+02  4.37804843484481552E+01  2.97332555821693179E+00  3.10560583242852295E-01  1.33278863506347978E-02  9.43425895948248549E-04  3.16924562258814828E-05
  586.000000  4.44087937428023849E+02  1.60073718681792343E+02  2.38258338596178419E+02  4.25741718955690374E+01  2.86835858070716343E+00  2.99642977593197246E-01  1.27723087484032608E-02  9.04215508042259183E-04  3.01719272206589391E-05
  588.000000  4.35569579693724847E+02  1.59538295700911476E+02  2.31550776930001064E+02  4.14103785454791335E+01  2.76780333854185168E+00  2.89186254692115341E-01  1.22433014598080543E-02  8.66889613056953429E-04  2.87330262996196349E-05
  590.000000  4.27311317570872120E+02  1.58978909954809751E+02  2.25081938000198846E+02  4.02872611777185483E+01  2.67144273099480856E+00  2.79167570776458873E-01  1.17394205675439289E-02  8.31344925762226780E-04  2.73708803925899872E-05
  592.000000  4.19302628392548456E+02  1.58397412727807477E+02  2.18841423476560493E+02  3.92030719549287170E+01  2.57907196940401828E+00  2.69565387865030037E-01  1.12593105007469246E-02  7.97484543879113075E-04  2.60809380701012127E-05
  594.000000  4.11533512697893514E+02  1.57795537632501237E+02  2.12819373509968443E+02  3.81561526069154411E+01  2.49049778497008578E+00  2.60359389077872094E-01  1.08016980062755324E-02  7.65217507955070369E-04  2.48589462115551040E-05
  596.000000  4.03994463684015329E+02  1.57174908501971458E+02  2.07006434439389210E+02  3.71449291031560094E+01  2.40553769351024327E+00  2.51530400090874573E-01  1.03653865742689404E-02  7.34458394752547281E-04  2.37009285212827294E-05
  598.000000  3.96676438688347901E+02  1.56537046703089800E+02  2.01393728690510358E+02  3.61679066844521131E+01  2.32401931267176565E+00  2.43060316236172996E-01  9.94925128067689936E-03  7.05126941362218900E-04  2.26031657344161510E-05
  600.000000  3.89570832549957800E+02  1.55883377916036352E+02  1.95972826700905273E+02  3.52236652268607742E+01  2.24577972746683097E+00  2.34932034801194373E-01  9.55223401254386671E-03  6.77147697501671668E-04  2.15621773678908802E-05
  602.000000  3.82669452713809505E+02  1.55215238424344534E+02  1.90735720720328317E+02  3.43108549131952927E+01  2.17066490037002646E+00  2.27129392117700474E-01  9.17333904507436522E-03  6.50449703688963862E-04  2.05747048861020326E-05
  604.000000  3.75964495949299305E+02  1.54533880952437130E+02  1.85674800347017197E+02  3.34281921894282164E+01  2.09852912251817036E+00  2.19637105067207572E-01  8.81162894204713665E-03  6.24966193184483729E-04  1.96376961620787845E-05
  606.000000  3.69448526568140949E+02  1.53840480087998912E+02  1.80782829672147614E+02  3.25744559851158826E+01  2.02923450285708196E+00  2.12440716660734469E-01  8.46622075375954436E-03  6.00634315780944643E-04  1.87482911260852385E-05
  608.000000  3.63114456032452040E+02  1.53136137319890622E+02  1.76052925914980591E+02  3.17484841786825278E+01  1.96265049233927469E+00  2.05526545379951409E-01  8.13628248885885433E-03  5.77394881689707526E-04  1.79038085031961902E-05
  610.000000  3.56955523855387526E+02  1.52421885722846127E+02  1.71478539440458604E+02  3.09491702898760508E+01  1.89865344051818896E+00  1.98881637992682409E-01  7.82102983846709454E-03  5.55192123923125484E-04  1.71017335503110373E-05
  612.000000  3.50965279701843315E+02  1.51698694314937029E+02  1.67053435059760886E+02  3.01754603831454418E+01  1.83712618210282908E+00  1.92493725579848896E-01  7.51972313286386647E-03  5.33973477711630323E-04  1.63397067107865950E-05
  614.000000  3.45137566605924349E+02  1.50967472113801932E+02  1.62771674522017463E+02  2.94263501669342133E+01  1.77795765123687133E+00  1.86351182532440179E-01  7.23166451263169627E-03  5.13689375618611526E-04  1.56155131122386777E-05
  616.000000  3.39466505226624292E+02  1.50229071913595590E+02  1.58627600112775241E+02  2.87008822750783210E+01  1.72104252145037706E+00  1.80442988297071200E-01  6.95619529776139636E-03  4.94293057131029974E-04  1.49270728396695982E-05
  618.000000  3.33946479070291730E+02  1.49484293804188610E+02  1.54615819281131934E+02  2.79981437175480323E+01  1.66628086939349629E+00  1.74758691666568072E-01  6.69269353949561961E-03  4.75740391605697843E-04  1.42724319216361861E-05
  620.000000  3.28572120613482355E+02  1.48733888451747134E+02  1.50731190223718471E+02  2.73172634887600481E+01  1.61357786061964070E+00  1.69288377428539638E-01  6.44057174107621859E-03  4.57989713546392446E-04  1.36497539729628898E-05
  622.000000  3.23338298264662114E+02  1.47978560158308937E+02  1.46968808359029936E+02  2.66574103225897971E+01  1.56284345581722039E+00  1.64022635199911060E-01  6.19927473459321813E-03  4.41001669271426692E-04  1.30573124420358332E-05
  624.000000  3.18240104108172204E+02  1.47218969716762558E+02  1.43323993630813362E+02  2.60177905840267663E+01  1.51399213602063720E+00  1.58952530289049127E-01  5.96827770225040639E-03  4.24739074109580601E-04  1.24934834152765304E-05
  626.000000  3.13272842377784912E+02  1.46455737076099240E+02  1.39792278583765352E+02  2.53976462881868628E+01  1.46694264544417252E+00  1.54069576439726047E-01  5.74708433127922493E-03  4.09166779332994547E-04  1.19567389353554960E-05
  628.000000  3.08432018611163073E+02  1.45689443830676510E+02  1.36369397159115124E+02  2.47962532380779841E+01  1.42161775068939589E+00  1.49365710322535511E-01  5.53522509264775184E-03  3.94251548100456870E-04  1.14456407934617323E-05
  630.000000  3.03713329440260623E+02  1.44920635546322501E+02  1.33051274161545393E+02  2.42129192731614573E+01  1.37794401517242093E+00  1.44833267649921743E-01  5.33225563441916406E-03  3.79961939742790478E-04  1.09588347590446272E-05
  632.000000  2.99112652975737490E+02  1.44149823934812730E+02  1.29834015352548477E+02  2.36469826213378873E+01  1.33585158770936219E+00  1.40464960800571997E-01  5.13775528146500574E-03  3.66268201776812703E-04  1.04950452137173004E-05
  634.000000  2.94626039746639890E+02  1.43377488887574600E+02  1.26713898128549971E+02  2.30978103475207632E+01  1.29527400427384021E+00  1.36253857847661197E-01  4.95132563376699669E-03  3.53142169082275228E-04  1.00530701585921183E-05
  636.000000  2.90249704159474163E+02  1.42604080378646813E+02  1.23687362745243107E+02  2.25647968924676938E+01  1.25614800202041210E+00  1.32193362893577804E-01  4.77258925623921457E-03  3.40557169721950807E-04  9.63177656682385110E-06
  638.000000  2.85980016443132570E+02  1.41830020245916103E+02  1.20751004052384815E+02  2.20473626959878750E+01  1.21841334473612939E+00  1.28277197621117001E-01  4.60118845355423408E-03  3.28487936925901365E-04  9.23009605570221035E-06
  640.000000  2.81813495048543871E+02  1.41055703859119831E+02  1.17901563705763351E+02  2.15449528990728645E+01  1.18201265893841478E+00  1.24499383977881406E-01  4.43678412387449751E-03  3.16910526797820047E-04  8.84702085418904908E-06
  642.000000  2.77746799474551835E+02  1.40281501682647104E+02  1.15135922825670463E+02  2.10570361198827705E+01  1.14689127990721573E+00  1.20854227916936535E-01  4.27905468600509910E-03  3.05802241336930675E-04  8.48160004434504648E-06
  644.000000  2.73776723492667600E+02  1.39507760740066033E+02  1.12451095073053665E+02  2.05831032988807223E+01  1.11299710697760990E+00  1.17336304122403270E-01  4.12769507473188715E-03  2.95141556398932257E-04  8.13293605624425129E-06
  646.000000  2.69900188746301353E+02  1.38734805987432992E+02  1.09844220116957075E+02  2.01226666087377239E+01  1.08028046748429318E+00  1.13940441654021493E-01  3.98241579968794130E-03  2.84908054249843662E-04  7.80018139805614383E-06
  648.000000  2.66114238700783460E+02  1.37962941601307648E+02  1.07312557468349439E+02  1.96752584249369704E+01  1.04869398878062237E+00  1.10661710449498615E-01  3.84294206329790361E-03  2.75082360391871951E-04  7.48253560411434513E-06
  650.000000  2.62416032922674731E+02  1.37192452187251092E+02  1.04853480657438183E+02  1.92404303532942222E+01  1.01819247780272515E+00  1.07495408627957173E-01  3.70901293375770639E-03  2.65646084365375062E-04  7.17924238522695118E-06
  652.000000  2.58802841668358838E+02  1.36423603914383875E+02  1.02464471732970182E+02  1.88177523108553828E+01  9.88732807687056403E-01  1.04437050541831777E-01  3.58038056928775038E-03  2.56581764252904751E-04  6.88958696674443567E-06
  654.000000  2.55272040762859319E+02  1.35656645580594841E+02  1.00143116063654134E+02  1.84068116568985864E+01  9.60273810984855980E-01  1.01482355528470819E-01  3.45680949019545793E-03  2.47872814632304540E-04  6.61289360103666193E-06
  656.000000  2.51821106751517732E+02  1.34891809613197893E+02  9.78870974230900543E+01  1.80072123709690217E+01  9.32776179048163456E-01  9.86272373160573812E-02  3.33807589551365566E-03  2.39503477744133384E-04  6.34852324191941890E-06
  658.000000  2.48447612308057529E+02  1.34129313009208090E+02  9.56941933408513279E+01  1.76185742750958738E+01  9.06202367190278579E-01  9.58677940417413527E-02  3.22396702121577772E-03  2.31458777656205278E-04  6.09587136968369043E-06
  660.000000  2.45149221883896672E+02  1.33369358219231344E+02  9.35622707036594079E+01  1.72405322975233517E+01  8.80516505259271165E-01  9.32002988428645290E-02  3.11428053726968456E-03  2.23724477224195316E-04  5.85436595616620478E-06
  662.000000  2.41923687584214576E+02  1.32612133978516340E+02  9.14892815914780329E+01  1.68727357754742080E+01  8.55684313276993014E-01  9.06211909848497199E-02  3.00882398093655322E-03  2.16287037661637329E-04  5.62346556008966356E-06
  664.000000  2.38768845257770010E+02  1.31857816088777327E+02  8.94732593345872544E+01  1.65148477946209873E+01  8.31673021830502512E-01  8.81270674919089197E-02  2.90741422394594218E-03  2.09133580546330320E-04  5.40265754368593893E-06
  666.000000  2.35682610787616937E+02  1.31106568153707485E+02  8.75123147783681077E+01  1.61665445630960534E+01  8.08451296916451123E-01  8.57146752490167835E-02  2.80987697132037634E-03  2.02251852102510458E-04  5.19145640218419939E-06
  668.000000  2.32662976571311333E+02  1.30358542271284023E+02  8.56046327436200727E+01  1.58275148180155671E+01  7.85989168964242424E-01  8.33809035458131093E-02  2.71604628980117368E-03  1.95630189609798425E-04  4.98940219851519907E-06
  670.000000  2.29708008179767802E+02  1.29613879685698294E+02  8.37484686709221648E+01  1.54974592626180101E+01  7.64257965781390602E-01  8.11227770350596844E-02  2.62576416396737705E-03  1.89257489800433984E-04  4.79605909602523944E-06
  672.000000  2.26815841184250388E+02  1.28872711401180823E+02  8.19421454382891170E+01  1.51760900322487533E+01  7.43230249180134583E-01  7.89374490801700440E-02  2.53888007826756114E-03  1.83123179116169638E-04  4.61101398255416759E-06
  674.000000  2.23984678142144986E+02  1.28135158760279410E+02  8.01840503421223900E+01  1.48631301875287782E+01  7.22879755062183493E-01  7.68221954680190361E-02  2.45525062330362743E-03  1.77217185705096260E-04  4.43387517978518417E-06
  676.000000  2.21212785732545825E+02  1.27401333988863826E+02  7.84726322320041874E+01  1.45583132331518357E+01  7.03181336752047415E-01  7.47744084648326590E-02  2.37473912483480857E-03  1.71529913047182393E-04  4.26427123205509761E-06
  678.000000  2.18498492033269656E+02  1.26671340709836613E+02  7.68063987906346597E+01  1.42613826608582794E+01  6.84110911386652587E-01  7.27915911944812255E-02  2.29721529407993057E-03  1.66052215105099181E-04  4.10184976948432398E-06
  680.000000  2.15840183931216870E+02  1.25945274427383652E+02  7.51839139505708118E+01  1.39720915152203951E+01  6.65645409174893343E-01  7.08713523198032241E-02  2.22255489795955682E-03  1.60775372903758129E-04  3.94627644033054688E-06
  682.000000  2.13236304659028633E+02  1.25223222983816186E+02  7.36037954401297725E+01  1.36902019809579745E+01  6.47762725361389902E-01  6.90114010089049879E-02  2.15063944805604168E-03  1.55691072448906097E-04  3.79723390816512527E-06
  684.000000  2.10685351450743838E+02  1.24505266990392670E+02  7.20647124511503563E+01  1.34154849905892934E+01  6.30441674730065293E-01  6.72095421695386858E-02  2.08135590711504455E-03  1.50791383901072553E-04  3.65442090950197591E-06
  686.000000  2.08185873310244119E+02  1.23791480233914285E+02  7.05653834218935856E+01  1.31477198512890929E+01  6.13661948506038724E-01  6.54636719358021452E-02  2.01459641202849597E-03  1.46068741927012568E-04  3.51755136805458554E-06
  688.000000  2.05736468886183104E+02  1.23081930060461900E+02  6.91045739286309555E+01  1.28866938898972183E+01  5.97404073507690314E-01  6.37717733923253566E-02  1.95025801226243853E-03  1.41515927155712844E-04  3.38635356182838582E-06
  690.000000  2.03335784447710068E+02  1.22376677737626892E+02  6.76810946800057422E+01  1.26322021150888659E+01  5.81649373425569660E-01  6.21319125221867219E-02  1.88824242281019836E-03  1.37126048671343134E-04  3.26056933973518269E-06
  692.000000  2.00982511955601751E+02  1.21675778796565169E+02  6.62937996085265411E+01  1.23840468957701297E+01  5.66379932102671901E-01  6.05422343655709419E-02  1.82845579078160783E-03  1.32892527479700097E-04  3.13995338452902025E-06
  694.000000  1.98675387223738568E+02  1.20979283355090388E+02  6.49415840539117255E+01  1.21420376548286146E+01  5.51578558702558452E-01  5.90009593770810317E-02  1.77080847481268528E-03  1.28809080889134630E-04  3.02427251909832522E-06
  696.000000  1.96413188166019268E+02  1.20287236422821366E+02  6.36233830333119315E+01  1.19059905774096055E+01  5.37228754656749352E-01  5.75063799703105644E-02  1.71521483651279269E-03  1.24869707750573642E-04  2.91330505334502207E-06
  698.000000  1.94194733124348090E+02  1.19599678189511451E+02  6.23381695937970051E+01  1.16757283329499231E+01  5.23314682292727373E-01  5.60568572390729089E-02  1.66159304324733957E-03  1.21068674505204091E-04  2.80684016911718307E-06
  700.000000  1.92018879273510834E+02  1.18916644297633070E+02  6.10849532426879449E+01  1.14510798102352727E+01  5.09821135048321494E-01  5.46508178452825913E-02  1.60986488159349799E-03  1.17400501991618664E-04  2.70467734083876938E-06
  702.000000  1.89884521098661111E+02  1.18238166099906493E+02  5.98627784515540995E+01  1.12318798647977438E+01  4.96733509179095312E-01  5.32867510641025985E-02  1.55995558078816411E-03  1.13859952966920974E-04  2.60662578945985589E-06
  704.000000  1.87790588942037658E+02  1.17564270902867065E+02  5.86707232301306476E+01  1.10179690780085870E+01  4.84037776883851134E-01  5.19632059776317101E-02  1.51179364566032728E-03  1.10442020300213588E-04  2.51250396786698457E-06
  706.000000  1.85736047615083152E+02  1.16894982197135278E+02  5.75078977663661561E+01  1.08091935272561592E+01  4.71720460763426108E-01  5.06787888088280902E-02  1.46531069842936170E-03  1.07141915798447340E-04  2.42213907562024796E-06
  708.000000  1.83719895072705413E+02  1.16230319875182317E+02  5.63734431292016254E+01  1.06054045666372208E+01  4.59768609541206741E-01  4.94321603879415636E-02  1.42044132888141401E-03  1.03955059627868415E-04  2.33536660131412808E-06
  710.000000  1.81741161146618310E+02  1.15570300437392802E+02  5.52665300308326124E+01  1.04064586176182985E+01  4.48169774977803637E-01  4.82220337441715691E-02  1.37712295244010047E-03  1.00877070296412344E-04  2.25202989081456067E-06
  712.000000  1.79798906334785613E+02  1.14914937187003261E+02  5.41863576454761784E+01  1.02122169691641975E+01  4.36911989915666654E-01  4.70471718157454838E-02  1.33529567568598331E-03  9.79037551647036521E-05  2.17197973988291284E-06
  714.000000  1.77892220643763380E+02  1.14264240414391452E+02  5.31321524815241091E+01  1.00225455868443483E+01  4.25983747387179701E-01  4.59063852719118828E-02  1.29490216886146638E-03  9.50311014548976704E-05  2.09507400953707364E-06
  716.000000  1.76020222482041675E+02  1.13618217571731066E+02  5.21031673046711958E+01  9.83731493047124061E+00  4.15373980737250070E-01  4.47985304408892171E-02  1.25588754502194491E-03  9.22552677293484466E-05  2.02117726297512817E-06
  718.000000  1.74182057601277336E+02  1.12976873438206894E+02  5.10986801092138663E+01  9.65639977983681952E+00  4.05072044700116984E-01  4.37225073380141729E-02  1.21819924541101627E-03  8.95725758119619701E-05  1.95016042263663185E-06
  720.000000  1.72376898083104265E+02  1.12340210276298308E+02  5.01179931351550181E+01  9.47967906814666605E+00  3.95067697381215555E-01  4.26772577887643764E-02  1.18178693072352407E-03  8.69795031272842147E-05  1.88190044620863974E-06
  722.000000  1.70603941369663033E+02  1.11708227979898197E+02  4.91604319289223994E+01  9.30703572276944158E+00  3.85351083097983105E-01  4.16617636416190817E-02  1.14660237794187597E-03  8.44726754338776925E-05  1.81628002051433834E-06
  724.000000  1.68862409335321786E+02  1.11080924214496008E+02  4.82253444453612872E+01  9.13835651293691953E+00  3.75912716031977900E-01  4.06750450659825319E-02  1.11259938240473887E-03  8.20488599296260941E-05  1.75318727213597335E-06
  726.000000  1.67151547397845775E+02  1.10458294549925654E+02  4.73121001891388175E+01  8.97353190405965861E+00  3.66743464651836160E-01  3.97161589307319651E-02  1.07973366485295008E-03  7.97049587085001549E-05  1.69251549386403361E-06
  728.000000  1.65470623666958545E+02  1.09840332586083150E+02  4.64200893934726366E+01  8.81245591832976771E+00  3.57834536865319686E-01  3.87841972591413259E-02  1.04796278314421413E-03  7.74380025489850975E-05  1.63416288597330936E-06
  730.000000  1.63818928128693756E+02  1.09227030072036086E+02  4.55487222344989604E+01  8.65502600131134159E+00  3.49177465865372405E-01  3.78782857562471043E-02  1.01724604841618867E-03  7.52451450161396829E-05  1.57803231153617775E-06
  732.000000  1.62195771863615107E+02  1.08618377018812566E+02  4.46974280794098462E+01  8.50114289422405456E+00  3.40764096630429836E-01  3.69975824048582522E-02  9.87544445412447082E-04  7.31236568596932359E-05  1.52403106486141765E-06
  734.000000  1.60600486297514095E+02  1.08014361806289685E+02  4.38656547668477685E+01  8.35071051165219203E+00  3.32586573049578949E-01  3.61412761267248944E-02  9.58820556791150822E-04  7.10709206923495850E-05  1.47207065239480154E-06
  736.000000  1.59032422482867844E+02  1.07414971284393118E+02  4.30528679179307900E+01  8.20363582441682837E+00  3.24637325637887553E-01  3.53085855054975639E-02  9.31038491159172279E-04  6.90844259327223650E-05  1.42206658527918643E-06
  738.000000  1.57490950409805549E+02  1.06820190869059275E+02  4.22585502764803707E+01  8.05982874736684884E+00  3.16909059813879401E-01  3.44987575683413719E-02  9.04163814664455182E-04  6.71617639987913309E-05  1.37393818297153801E-06
  740.000000  1.55975458345134086E+02  1.06230004633161684E+02  4.14822010770632517E+01  7.91920203185827010E+00  3.09394744709606317E-01  3.37110666232326300E-02  8.78163485933324884E-04  6.53006237382292265E-05  1.32760838724270590E-06
  742.000000  1.54485352197957695E+02  1.05644395392543629E+02  4.07233354394928782E+01  7.78167116270085835E+00  3.02087602486347306E-01  3.29448131491245563E-02  8.53005794182804368E-04  6.34987870829377329E-05  1.28300358596470025E-06
  744.000000  1.53020054911064989E+02  1.05063344787733740E+02  3.99814837886209276E+01  7.64715425936250348E+00  2.94981098132759079E-01  3.21993227363351203E-02  8.28660300346104484E-04  6.17541249158392339E-05  1.24005344618897527E-06
  746.000000  1.51579005876491635E+02  1.04486833361233948E+02  3.92561912981628538E+01  7.51557198123625714E+00  2.88068929718963251E-01  3.14739450746479854E-02  8.05097781036024111E-04  6.00645931385666772E-05  1.19869075590155062E-06
  748.000000  1.50161660374472945E+02  1.03914840630876597E+02  3.85470173574883717E+01  7.38684743678019373E+00  2.81345019085639192E-01  3.07680529867540645E-02  7.82290175212975577E-04  5.84282289294937466E-05  1.15885127404986027E-06
  750.000000  1.48767489034448346E+02  1.03347345159226506E+02  3.78535350602636953E+01  7.26090609635323592E+00  2.74803502945932587E-01  3.00810415047944799E-02  7.60210533405279894E-04  5.68431471820272718E-05  1.12047358832331567E-06
  752.000000  1.47395977317416168E+02  1.02784324619426229E+02  3.71753307140358515E+01  7.13767570857924838E+00  2.68438724381500904E-01  2.94123269878964200E-02  7.38832969356860978E-04  5.53075371137592894E-05  1.08349898029688736E-06
  754.000000  1.46046625018493017E+02  1.02225755857629792E+02  3.65120033696547850E+01  7.01708622007528415E+00  2.62245224710203562E-01  2.87613462786620797E-02  7.18132613966629397E-04  5.38196590374805136E-05  1.04787129747889222E-06
  756.000000  1.44718945788869945E+02  1.01671614952120308E+02  3.58631643697938571E+01  6.89906969839766404E+00  2.56217735711865235E-01  2.81275558967622359E-02  6.98085571411914078E-04  5.23778412857476598E-05  1.01353683194336262E-06
  758.000000  1.43412466676181708E+02  1.01121877269309721E+02  3.52284369155582908E+01  6.78356025805595042E+00  2.50351172191121796E-01  2.75104312677946251E-02  6.78668877337770360E-04  5.09804772809937964E-05  9.80444205128522338E-07
  760.000000  1.42126727682696639E+02  1.00576517516890590E+02  3.46074556504706905E+01  6.67049398946058592E+00  2.44640624863030454E-01  2.69094659857262025E-02  6.59860459002550338E-04  4.96260227436772034E-05  9.48544258495310281E-07
  762.000000  1.40861281340294568E+02  1.00035509794103518E+02  3.39998662609851081E+01  6.55980889067297657E+00  2.39081353545410880E-01  2.63241711073037357E-02  6.41639097291861688E-04  4.83129930314697988E-05  9.17789949724032529E-07
  764.000000  1.39615692301755104E+02  9.94988276394614104E+01  3.34053250928515411E+01  6.45144480183369673E+00  2.33668780644198854E-01  2.57540744769085977E-02  6.23984390494076589E-04  4.70399606027188238E-05  8.88136254132142991E-07
  766.000000  1.38389536947450011E+02  9.89664440759295303E+01  3.28234987825613018E+01  6.34534334215026519E+00  2.28398484916080002E-01  2.51987200803934705E-02  6.06876719753702502E-04  4.58055525978915510E-05  8.59540071045432173E-07
  768.000000  1.37182403006874154E+02  9.84383316537082464E+01  3.22540639032823506E+01  6.24144784933428376E+00  2.23266195497929004E-01  2.46576674265548482E-02  5.90297216122156999E-04  4.46084485330818753E-05  8.31960134856505478E-07
  770.000000  1.35993889194353244E+02  9.79144624907960974E+01  3.16967066245705062E+01  6.13970332137933905E+00  2.18267786188237528E-01  2.41304909549173024E-02  5.74227729115395300E-04  4.34473780998506561E-05  8.05356930501987287E-07
  772.000000  1.34823604858350308E+02  9.73948083114028123E+01  3.11511223853223989E+01  6.04005636057833240E+00  2.13399269969803185E-01  2.36167794686027999E-02  5.58650796713094314E-04  4.23211190661333263E-05  7.79692613138013343E-07
  774.000000  1.33671169643776580E+02  9.68793404823567812E+01  3.06170155793385383E+01  5.94245511968451368E+00  2.08656793762692055E-01  2.31161355911205270E-02  5.43549616725526167E-04  4.12284952731622299E-05  7.54930931794473640E-07
  776.000000  1.32536213166703249E+02  9.63680300475099898E+01  3.00940992529961946E+01  5.84684925012356604E+00  2.04036633396239397E-01  2.26281752459589237E-02  5.28908019454804004E-04  4.01683747235857577E-05  7.31037156772690950E-07
  778.000000  1.31418374701138958E+02  9.58608477604324207E+01  2.95820948145010405E+01  5.75318985216905077E+00  1.99535188791135271E-01  2.21525271579331925E-02  5.14710441596598301E-04  3.91396677563377724E-05  7.07978010619616140E-07
  780.000000  1.30317302877062417E+02  9.53577641152461979E+01  2.90807317541564245E+01  5.66142942699706175E+00  1.95148979339233364E-01  2.16888323752678809E-02  5.00941901311064276E-04  3.81413253039084778E-05  6.85721602460051721E-07
  782.000000  1.29232655389597056E+02  9.48587493759175118E+01  2.85897473753001812E+01  5.57152183054259531E+00  1.90874639476255215E-01  2.12367438114969276E-02  4.87587974415367939E-04  3.71723372280462173E-05  6.64237365543545854E-07
  784.000000  1.28164098718556602E+02  9.43637736038884896E+01  2.81088865353498605E+01  5.48342222907926491E+00  1.86708914434404211E-01  2.07959258062427599E-02  4.74634771633863559E-04  3.62317307299790209E-05  6.43495997800846513E-07
  786.000000  1.27111307858184915E+02  9.38728066843161173E+01  2.76379013965876013E+01  5.39708705645190623E+00  1.82648656170137563E-01  2.03660537040435338E-02  4.62068916864484612E-04  3.53185688316060074E-05  6.23469405285520218E-07
  788.000000  1.26073966056444334E+02  9.33858183507970807E+01  2.71765511862419125E+01  5.31247397289214351E+00  1.78690819456829075E-01  1.99468134503958602E-02  4.49877526405598801E-04  3.44319489241658438E-05  6.04130648337810681E-07
  790.000000  1.25051764563685367E+02  9.29027782088361960E+01  2.67246019655122211E+01  5.22954182535214684E+00  1.74832458136197522E-01  1.95379012042476430E-02  4.38048189097787143E-04  3.35710013811390531E-05  5.85453890324288437E-07
  792.000000  1.24044402390168344E+02  9.24236557580070439E+01  2.62818264071313834E+01  5.14825060929253375E+00  1.71070721521264013E-01  1.91390229661989077E-02  4.26568947340099866E-04  3.27348882323032491E-05  5.67414348831178733E-07
  794.000000  1.23051586072107128E+02  9.19484204128766578E+01  2.58480035811299551E+01  5.06856143186599439E+00  1.67402850943719567E-01  1.87498942217129393E-02  4.15428278937603342E-04  3.19228018960201776E-05  5.49988249185845558E-07
  796.000000  1.22073029445944755E+02  9.14770415228139200E+01  2.54229187484575370E+01  4.99043647643851607E+00  1.63826176439621163E-01  1.83702395986678965E-02  4.04615079736182922E-04  3.11339639669350578E-05  5.33152780171795704E-07
  798.000000  1.21108453430494720E+02  9.10094883906949690E+01  2.50063631621425593E+01  4.91383896839428669E+00  1.60338113567155965E-01  1.79997925386167941E-02  3.94118647018185174E-04  3.03676240565328350E-05  5.16886051851994006E-07
  800.000000  1.20157585816612851E+02  9.05457302905539336E+01  2.45981338756659298E+01  4.83873314217183825E+00  1.56936160350674508E-01  1.76382949811504409E-02  3.83928663608488270E-04  2.96230586839587214E-05  5.01167055362048872E-07
  802.000000  1.19220161064217706E+02  9.00857364842810284E+01  2.41980335583185493E+01  4.76508420948240197E+00  1.53617894346432637E-01  1.72854970607954975E-02  3.74035182675290577E-04  2.88995702148409707E-05  4.85975624613293434E-07
  804.000000  1.18295920106119311E+02  8.96294762373049139E+01  2.38058703171230484E+01  4.69285832866182240E+00  1.50380969822226845E-01  1.69411568158841716E-02  3.64428613172283972E-04  2.81964858457396727E-05  4.71292399758201056E-07
  806.000000  1.17384610158776752E+02  8.91769188335135254E+01  2.34214575252314425E+01  4.62202257511205339E+00  1.47223115049486653E-01  1.66050399088967689E-02  3.55099705914034417E-04  2.75131566322166224E-05  4.57098792386526752E-07
  808.000000  1.16485984539275123E+02  8.87280335891564960E+01  2.30446136563996191E+01  4.55254491278777440E+00  1.44142129699731336E-01  1.62769193577604714E-02  3.46039540236390479E-04  2.68489565583870594E-05  4.43376952315488484E-07
  810.000000  1.15599802488679728E+02  8.82827898661075778E+01  2.26751621253608526E+01  4.48439416668744784E+00  1.41135882343590230E-01  1.59565752776483251E-02  3.37239511231398551E-04  2.62032816461226733E-05  4.30109735937756763E-07
  812.000000  1.14725829001246666E+02  8.78411570842653759E+01  2.23129311338471723E+01  4.41753999630863703E+00  1.38202308045376254E-01  1.56437946328114481E-02  3.28691317513306650E-04  2.55755491019776881E-05  4.17280676006871348E-07
  814.000000  1.13863834659305681E+02  8.74031047331825448E+01  2.19577535220239355E+01  4.35195287002987552E+00  1.35339406051325828E-01  1.53383709980284607E-02  3.20386949506472449E-04  2.49651965001891017E-05  4.04873952828628285E-07
  816.000000  1.13013595473872741E+02  8.69686023831807802E+01  2.16094666251782499E+01  4.28760404038364307E+00  1.32545237567229302E-01  1.50401043292625637E-02  3.12318678224969906E-04  2.43716810000645478E-05  3.92874366766768587E-07
  818.000000  1.12174892730260368E+02  8.65376196955697878E+01  2.12679121353534732E+01  4.22446552018401267E+00  1.29817923619554049E-01  1.47488007431191871E-02  3.04479044516162806E-04  2.37944785961472267E-05  3.81267311997894609E-07
  820.000000  1.11347512839070163E+02  8.61101264324543081E+01  2.09329359678619156E+01  4.16251005947808927E+00  1.27155643000182228E-01  1.44642723047594558E-02  2.96860848762003687E-04  2.32330833997653950E-05  3.70038751473890177E-07
  822.000000  1.10531247191860984E+02  8.56860924657818259E+01  2.06043881323576095E+01  4.10171112328710841E+00  1.24556630287422712E-01  1.41863368238854815E-02  2.89457140996542692E-04  2.26870069504105380E-05  3.59175193001170597E-07
  824.000000  1.09725892021712525E+02  8.52654877859410476E+01  2.02821226084083364E+01  4.04204287010895147E+00  1.22019173943051396E-01  1.39148176584811094E-02  2.82261211442339616E-04  2.21557775557322682E-05  3.48663666416423854E-07
  826.000000  1.08931248268246009E+02  8.48482825097593150E+01  1.99659972253156965E+01  3.98348013115152932E+00  1.19541614480695779E-01  1.36495435259730066E-02  2.75266581433239910E-04  2.16389396587760026E-05  3.38491701784617827E-07
  828.000000  1.08147121447036938E+02  8.44344468880070735E+01  1.96558735460400520E+01  3.92599839026982877E+00  1.17122342703231852E-01  1.33903483215082157E-02  2.68466994708424381E-04  2.11360532312592736E-05  3.28647308572367635E-07
  830.000000  1.07373321523259449E+02  8.40239513124068935E+01  1.93516167551025511E+01  3.86957376457998281E+00  1.14759798005766703E-01  1.31370709430505637E-02  2.61856409066455332E-04  2.06466931917535353E-05  3.19118955757332723E-07
  832.000000  1.06609662789380849E+02  8.36167663221915518E+01  1.90530955502667254E+01  3.81418298572459324E+00  1.12452466742190005E-01  1.28895551230181135E-02  2.55428988357692057E-04  2.01704488476306481E-05  3.09895552821849811E-07
  834.000000  1.05855963746799262E+02  8.32128626102385738E+01  1.87601820378930171E+01  3.75980338176432261E+00  1.10198880652555342E-01  1.26476492661905734E-02  2.49179094803743070E-04  1.97069233597397502E-05  3.00966431596435654E-07
  836.000000  1.05112046991181984E+02  8.28122110287300188E+01  1.84727516318004987E+01  3.70641285967376399E+00  1.07997615347885045E-01  1.24112062936298471E-02  2.43101281626243013E-04  1.92557332287984590E-05  2.92321328897206480E-07
  838.000000  1.04377739101501348E+02  8.24147825944685337E+01  1.81906829555268565E+01  3.65398988841777994E+00  1.05847288851661628E-01  1.21800834923729128E-02  2.37190285973946886E-04  1.88165078025520396E-05  2.83950369938657309E-07
  840.000000  1.03652870532613775E+02  8.20205484938505265E+01  1.79138577478564862E+01  3.60251348258647885E+00  1.03746560194638043E-01  1.19541423706560051E-02  2.31441022137774099E-04  1.83888888028019031E-05  2.75844052475742932E-07
  842.000000  1.02937275511035466E+02  8.16294800873287159E+01  1.76421607714594018E+01  3.55196318657012577E+00  1.01694128060644429E-01  1.17332485184529923E-02  2.25848575031974656E-04  1.79725298713984705E-05  2.67993231637660300E-07
  844.000000  1.02230791934213343E+02  8.12415489137343343E+01  1.73754797245930099E+01  3.50231905925152009E+00  9.96887294822003112E-02  1.15172714731076233E-02  2.20408193940396899E-04  1.75670961344111037E-05  2.60389105424309720E-07
  846.000000  1.01533261272754345E+02  8.08567266941348635E+01  1.71137051556734079E+01  3.45356165919921798E+00  9.77291385834861831E-02  1.13060845898632564E-02  2.15115286510449009E-04  1.71722637836741547E-05  2.53023200840682463E-07
  848.000000  1.00844528475753791E+02  8.04749853354167612E+01  1.68567303806898394E+01  3.40567203034166832E+00  9.58141653684029121E-02  1.10995649170848379E-02  2.09965412985249839E-04  1.67877196749497071E-05  2.45887360629051922E-07
  850.000000  1.00164441879063048E+02  8.00962969336220567E+01  1.66044514032913071E+01  3.35863168810534818E+00  9.39426545530160223E-02  1.08975930759946070E-02  2.04954280664475333E-04  1.64131609420026078E-05  2.38973730574246840E-07
  852.000000  9.94928531163368746E+01  7.97206337769538891E+01  1.63567668374908024E+01  3.31242260600048377E+00  9.21134844390300717E-02  1.07000531447355891E-02  2.00077738583207508E-04  1.60482946259009022E-05  2.32274747362510635E-07
  854.000000  9.88296170328152073E+01  7.93479683485350051E+01  1.61135778328743662E+01  3.26702720263773161E+00  9.03255658286441082E-02  1.05068325466002969E-02  1.95331772400666597E-04  1.56928373188946921E-05  2.25783126958295660E-07
  856.000000  9.81745916018324749E+01  7.89782733289410999E+01  1.58747880022257295E+01  3.22242832916013544E+00  8.85778409771314085E-02  1.03178219422487023E-02  1.90712579439504407E-04  1.53465148222405787E-05  2.19491853481669561E-07
  858.000000  9.75276378433808446E+01  7.86115215984288511E+01  1.56403033514699707E+01  3.17860925707626585E+00  8.68692825829276011E-02  1.01329151257697394E-02  1.86216241087813051E-04  1.50090618173888863E-05  2.13394168556404864E-07
  860.000000  9.68886197460971914E+01  7.82476862390661836E+01  1.54100322119003295E+01  3.13555366647940792E+00  8.51988928144024327E-02  9.95200892443431386E-03  1.81839207313841785E-04  1.46802215499872218E-05  2.07483561124581211E-07
  862.000000  9.62574041905585744E+01  7.78867405364687215E+01  1.51838851745162486E+01  3.09324563464000102E+00  8.35657023693016227E-02  9.77500310198792938E-03  1.77577963026737562E-04  1.43597455261094588E-05  2.01753757677848664E-07
  864.000000  9.56338608755107060E+01  7.75286579815190180E+01  1.49617750265015967E+01  3.05166962495706251E+00  8.19687695687016660E-02  9.60180026535618035E-03  1.73429107040600703E-04  1.40473932202501804E-05  1.96198712916503661E-07
  866.000000  9.50178622460556284E+01  7.71734122717689388E+01  1.47436166896808931E+01  3.01081047625673337E+00  8.04071794819952168E-02  9.43230577462441516E-03  1.69389348043667793E-04  1.37429317945606741E-05  1.90812600791848785E-07
  868.000000  9.44092834240242240E+01  7.68209773126914115E+01  1.45293271609417669E+01  2.97065339242574256E+00  7.88800430827737153E-02  9.26642765616894452E-03  1.65455500723962626E-04  1.34461358288709572E-05  1.85589805937717053E-07
  870.000000  9.38080021404109630E+01  7.64713272187868256E+01  1.43188254545101081E+01  2.93118393236761676E+00  7.73864964335847505E-02  9.10407651881494154E-03  1.61624482039665477E-04  1.31567870610283006E-05  1.80524915447027719E-07
  872.000000  9.32138986697989935E+01  7.61244363144960516E+01  1.41120325460647589E+01  2.89238800027104626E+00  7.59256998997416555E-02  8.94516547291179104E-03  1.57893307638405054E-04  1.28746741371726010E-05  1.75612711008779400E-07
  874.000000  9.26268557666619898E+01  7.57802791349552649E+01  1.39088713185576403E+01  2.85425183617852296E+00  7.44968373894248775E-02  8.78961005220505430E-03  1.54259088404734367E-04  1.25995923714647034E-05  1.70848161357986296E-07
  876.000000  9.20467586036035925E+01  7.54388304266421414E+01  1.37092665097587929E+01  2.81676200684636990E+00  7.30991156208095488E-02  8.63732813841059689E-03  1.50719027145720274E-04  1.23313435149583145E-05  1.66226415050419443E-07
  878.000000  9.14734947113033598E+01  7.51000651478228178E+01  1.35131446613998047E+01  2.77990539688495675E+00  7.17317634136789561E-02  8.48823988837814868E-03  1.47270415397233773E-04  1.20697355331775244E-05  1.61742793532158916E-07
  880.000000  9.09069539202935033E+01  7.47639584689442245E+01  1.33204340699043904E+01  2.74366920016993365E+00  7.03940310056673235E-02  8.34226766375306510E-03  1.43910630352346732E-04  1.18145823920769377E-05  1.57392784497514909E-07
  882.000000  9.03470283042958044E+01  7.44304857728058096E+01  1.31310647386126540E+01  2.70804091151492177E+00  6.90851893915708642E-02  8.19933596303868556E-03  1.40637131904572106E-04  1.15657038520311328E-05  1.53172035518230756E-07
  884.000000  8.97936121253382140E+01  7.40996226547250103E+01  1.29449683315123565E+01  2.67300831859789145E+00  6.78045296855595697E-02  8.05937135597536124E-03  1.37447459803755008E-04  1.13229252695423125E-05  1.49076347939686592E-07
  886.000000  8.92466017802444895E+01  7.37713449224560520E+01  1.27620781283237719E+01  2.63855949413049995E+00  6.65513625040408535E-02  7.92230242013785245E-03  1.34339230913437137E-04  1.10860774063136707E-05  1.45101671018948070E-07
  888.000000  8.87058957488456201E+01  7.34456285961525168E+01  1.25823289810013179E+01  2.60468278826444566E+00  6.53250173707212028E-02  7.78805967968503043E-03  1.31310136576471664E-04  1.08549962454528307E-05  1.41244096312348635E-07
  890.000000  8.81713945435357118E+01  7.31224499081224337E+01  1.24056572715384306E+01  2.57136682122561133E+00  6.41248421403260993E-02  7.65657554616644420E-03  1.28357940073714461E-04  1.06295228144611972E-05  1.37499852284743016E-07
  892.000000  8.76430006602411424E+01  7.28017853024989847E+01  1.22320008710276102E+01  2.53860047616826989E+00  6.29502024424605372E-02  7.52778426131958927E-03  1.25480474177359132E-04  1.04095030147618521E-05  1.33865299138100133E-07
  894.000000  8.71206185308905248E+01  7.24836114349051570E+01  1.20612990999932101E+01  2.50637289224297888E+00  6.18004811442114110E-02  7.40162184178397384E-03  1.22675638797905130E-04  1.01947874575222008E-05  1.30336923854367561E-07
  896.000000  8.66041544770737204E+01  7.21679051719352458E+01  1.18934926898719588E+01  2.47467345786985238E+00  6.06750778296632348E-02  7.27802602565331448E-03  1.19941398713266012E-04  9.98523130547848391E-06  1.26911335434359675E-07
  898.000000  8.60935166650516663E+01  7.18546435905864485E+01  1.17285237456742735E+01  2.44349180421147771E+00  5.95734082979050977E-02  7.15693622081184800E-03  1.17275781383423681E-04  9.78069412055978128E-06  1.23585260328144794E-07
  900.000000  8.55886150620797963E+01  7.15438039776877304E+01  1.15663357097522699E+01  2.41281779883785763E+00  5.84949040768531076E-02  7.03829345497707353E-03  1.14676874844776901E-04  9.58103971706543860E-06  1.20355538052260862E-07
