# Wavelength || Total || n=1 | n=2 | ...
  300.000000  4.83795995726058834E+02  5.81891479947889820E+01  4.95525630598606597E+01  3.43697125220704777E+02  1.36197975141116885E+01  1.78769146128062637E+01  5.65450955044802583E-01  2.85871950911176065E-01  9.12441783041436846E-03
  302.000000  5.00043616727602569E+02  5.60717714803840863E+01  5.28647841934218405E+01  3.57723457061394924E+02  1.41998900677871838E+01  1.83051554694490726E+01  5.80378728762367957E-01  2.88943909633061602E-01  9.23581677004456543E-03
  304.000000  5.17086704217412603E+02  5.39801040563361312E+01  5.64673216378441083E+01  3.72174618645342889E+02  1.48256629237341357E+01  1.87409320438482645E+01  5.96631992221552165E-01  2.92068374710125644E-01  9.36454337548828925E-03
  306.000000  5.34986359984942283E+02  5.19186409310232193E+01  6.03905314861210059E+01  3.87070753431944468E+02  1.55021268679449129E+01  1.91851803111559995E+01  6.14353429110783056E-01  2.95261357308275574E-01  9.51217033360585856E-03
  308.000000  5.53810696417754230E+02  4.98916415268299716E+01  6.46691584648823579E+01  4.02433998279838306E+02  1.62350381432682980E+01  1.96389320140996411E+01  6.33707189489844946E-01  2.98540274028368802E-01  9.68052531738388018E-03
  310.000000  5.73635979203426132E+02  4.79031220031888552E+01  6.93431205184838007E+01  4.18288693046699336E+02  1.70310356002877157E+01  2.01033291196321997E+01  6.54882925363424961E-01  3.01924250379511427E-01  9.87173939122087431E-03
  312.000000  5.94548015167771950E+02  4.59568494107015795E+01  7.44584624044647683E+01  4.34661629179072179E+02  1.78978087504519792E+01  2.05796418443976243E+01  6.78100765453331311E-01  3.05434506091010194E-01  1.00883071393764977E-02
  314.000000  6.16643850338455650E+02  4.40563397602777513E+01  8.00685216147972483E+01  4.51582347132148016E+02  1.88443050449796097E+01  2.10692912824941345E+01  7.03617493148488871E-01  3.09094848641176645E-01  1.03331619693632464E-02
  316.000000  6.40033863995576212E+02  4.22048637784196217E+01  8.62353628545029807E+01  4.69083495596498494E+02  1.98809873483541573E+01  2.15738780539861565E+01  7.31734280414672367E-01  3.12932312124491963E-01  1.06097712755508847E-02
  318.000000  6.64844372871300379E+02  4.04054664725872499E+01  9.30315546625390652E+01  4.87201269873232036E+02  2.10201562054123272E+01  2.20952189503545071E+01  7.62806454770703191E-01  3.16977994492292692E-01  1.09222579121805788E-02
  320.000000  6.91220899162929868E+02  3.86610103737230020E+01  1.00542385285379254E+02  5.05975952903154280E+02  2.22763565438205475E+01  2.26353943764943075E+01  7.97255953138066298E-01  3.21268170227211436E-01  1.12755569931298049E-02
  322.000000  7.19332311738679891E+02  3.69742583505467337E+01  1.08868647117153984E+02  5.25452591303105578E+02  2.36668955531602840E+01  2.31968106295630960E+01  8.35587371769447418E-01  3.25845792530120193E-01  1.16756208506978969E-02
  324.000000  7.49376129725010401E+02  3.53480217304759208E+01  1.18130163560043670E+02  5.45681851695771002E+02  2.52125086259867004E+01  2.37822829668651181E+01  8.78408897667423805E-01  3.30762557417470904E-01  1.21296907831202443E-02
  326.000000  7.81585394012781876E+02  3.37854158096170067E+01  1.28470294446758857E+02  5.66721121906672010E+02  2.69382249827175642E+01  2.43951484344229321E+01  9.26459973087484401E-01  3.36081796244217523E-01  1.26466632617531841E-02
  328.000000  8.16237685284355621E+02  3.22902925730995776E+01  1.40061744323205488E+02  5.88635951018327432E+02  2.88745064124643243E+01  2.50394223273331846E+01  9.80648418021581536E-01  3.41882619110585095E-01  1.32375927932494464E-02
  330.000000  8.53667130707879892E+02  3.08679687610310793E+01  1.53114124291059937E+02  6.11501968265256892E+02  3.10587655311370305E+01  2.57200203427265492E+01  1.04210112134642108E+00  3.48265997546511386E-01  1.39163977754553896E-02
  332.000000  8.94280654306589099E+02  2.95264542329241522E+01  1.67883901975912494E+02  6.35407494688582801E+02  3.35374210175079739E+01  2.64430826309162939E+01  1.11223468427498617E+00  3.55363942954109502E-01  1.47011335163245941E-02
  334.000000  9.38580392103333111E+02  2.82785476135395584E+01  1.84687646033921368E+02  6.60457184024476305E+02  3.63687286081884338E+01  2.72164612736529392E+01  1.19285627535566130E+00  3.63353790364898011E-01  1.56144838337851071E-02
  336.000000  9.87195324331981510E+02  2.71454825681612419E+01  2.03919881307721937E+02  6.86777239435531556E+02  3.96267604406997123E+01  2.80504798730562008E+01  1.28631187362767174E+00  3.72481212592078115E-01  1.66876205910548511E-02
  338.000000  1.04092716222214267E+03  2.61634592443642759E+01  2.26077502970180234E+02  7.14523126508794576E+02  4.34071340776733479E+01  2.89591655730495212E+01  1.39571210058946571E+00  3.83098781807465927E-01  1.79629656836265243E-02
  340.000000  1.10081928029067899E+03  2.53958136865621782E+01  2.51793703525631713E+02  7.43891395060534364E+02  4.78355014710784801E+01  2.99623402451004495E+01  1.52529188381324321E+00  3.95733505669427110E-01  1.95009122891857262E-02
  342.000000  1.16826492764995055E+03  2.49567932941417894E+01  2.81886018420954997E+02  7.75138564316440466E+02  5.30805780846141175E+01  3.10893552446203358E+01  1.68101542632830725E+00  4.11211183040522732E-01  2.13916798100798194E-02
  344.000000  1.24518576832348776E+03  2.50596947591529897E+01  3.17425738611957627E+02  8.08612826745918937E+02  5.93750289644445743E+01  3.23861442854512873E+01  1.87165756338385036E+00  4.30898679026509190E-01  2.37787141520274803E-02
  346.000000  1.33433343105042832E+03  2.61086263717397742E+01  3.59838523778738136E+02  8.44811219141846436E+02  6.70508044995800532E+01  3.39293485209441315E+01  2.11079114372518850E+00  4.57209752445731421E-01  2.69078414087375387E-02
  348.000000  1.43976090569113762E+03  2.88180993665973801E+01  4.11042651149878395E+02  8.84495804646581973E+02  7.66033276895672373E+01  3.58555645559047491E+01  2.41936962341083284E+00  4.94901966837371754E-01  3.11866923596941757E-02
  350.000000  1.56743511811474218E+03  3.42059143908263650E+01  4.73626508430218905E+02  9.28971308755813311E+02  8.88152530778971823E+01  3.84037056763333169E+01  2.82167926282569681E+00  5.54083018236369851E-01  3.66655025909957757E-02
  352.000000  1.72602998238102759E+03  4.32246558499773528E+01  5.51169327134732612E+02  9.80864803385901041E+02  1.04936683817739649E+02  4.18006172246097520E+01  3.35379664987301140E+00  6.37017963818206967E-01  4.30803543761377333E-02
  354.000000  1.92649819881901931E+03  5.36113095442033227E+01  6.48780913045819489E+02  1.04622694067020416E+03  1.26964841891453005E+02  4.60348800249865633E+01  4.11530572519749605E+00  7.11361505356488233E-01  5.26464117988286323E-02
  356.000000  2.19207778065540788E+03  6.44106491902275593E+01  7.74133349536080914E+02  1.13572869187943252E+03  1.58772765941640245E+02  5.28399065083493582E+01  5.29678240762907571E+00  8.26858525970722402E-01  6.87766660774197930E-02
  358.000000  2.54667388233381917E+03  7.56240539512418763E+01  9.40047818927446997E+02  1.25458627326452893E+03  2.03891935396801983E+02  6.43546928714402213E+01  7.00437491940622703E+00  1.07226723149045688E+00  9.24657714622506566E-02
  360.000000  2.91686897036572509E+03  5.73686037539810059E+01  1.16950665475451433E+03  1.35706252429129404E+03  2.49799210236908806E+02  7.34098460091796028E+01  8.35593021758052323E+00  1.25816895931289174E+00  1.08032142953669821E-01
  362.000000  3.30206751320195872E+03  1.61938201257471519E+01  1.49653036635719809E+03  1.41662360129118019E+03  2.88810351785452838E+02  7.37777611628028893E+01  8.81594223356358242E+00  1.20938598823870969E+00  1.06284257775432739E-01
  364.000000  3.90728782368728753E+03  2.00007765979171381E+00  1.97061954671560534E+03  1.49673920674416127E+03  3.52505576618787927E+02  7.42248914473533006E+01  9.94310479773259281E+00  1.14353713347885622E+00  1.11882570376452550E-01
  366.000000  4.90364852658991367E+03  2.68579077569738729E+01  2.68688128542533332E+03  1.63201577670152255E+03  4.64694640936876453E+02  7.93663605515425701E+01  1.25270452469618547E+01  1.17066138557259203E+00  1.34848585130237203E-01
  368.000000  6.53528874839525542E+03  1.13058794837421374E+02  3.81194905346903170E+03  1.84874332638008264E+03  6.52249519607344268E+02  9.06556700666460102E+01  1.71440523349854743E+01  1.30864604220781922E+00  1.79685657535829768E-01
  370.000000  9.20713182753078581E+03  3.30887243169374415E+02  5.58319914308166608E+03  2.19917525244060835E+03  9.56620899246089834E+02  1.10650865248964479E+02  2.47549929839429375E+01  1.58849257833433777E+00  2.54938781805997716E-01
  372.000000  1.31817885789840548E+04  8.23956406755547505E+02  8.02619564476783489E+03  2.76337626544867635E+03  1.38773497692875367E+03  1.42587060597754629E+02  3.55254187018357186E+01  2.05166385055588218E+00  3.61141933094984546E-01
  374.000000  1.69015701348046823E+04  1.65496380605166814E+03  9.82086955975489400E+03  3.47634783515191612E+03  1.72431705113660792E+03  1.78285147780792357E+02  4.37833057958490812E+01  2.56301929582388865E+00  4.40409837130083082E-01
  376.000000  1.63913857231148795E+04  2.27486382262582447E+03  8.68553631814670734E+03  3.65527391311151132E+03  1.55793819780466242E+03  1.75594628249988119E+02  3.93028296552784298E+01  2.48429390717432153E+00  3.91719613734207439E-01
  378.000000  1.23074214905326371E+04  2.18638427482660336E+03  5.85624572029719911E+03  3.02712116654315150E+03  1.08018031767841239E+03  1.28369662295690404E+02  2.71072728677480761E+01  1.74514797749792128E+00  2.67928046334530934E-01
  380.000000  8.64077988392551015E+03  1.83369681838595716E+03  3.59911801669367014E+03  2.41352824103569947E+03  6.87971455365906195E+02  8.79822059942229373E+01  1.71925166913553547E+01  1.12200543198273395E+00  1.68624326716209499E-01
  382.000000  6.35750448895689533E+03  1.53800814121280200E+03  2.22114389370202525E+03  2.07606656065660991E+03  4.44265664165369742E+02  6.60640568261468530E+01  1.10673602198835681E+01  7.81042587188593318E-01  1.07769586868552217E-01
  384.000000  5.02786285200052498E+03  1.33640435642404555E+03  1.40923247855816567E+03  1.92030168796510793E+03  2.98631432473879215E+02  5.51900532128670562E+01  7.42414628551344435E+00  6.06888523046547834E-01  7.18085578987514850E-02
  386.000000  4.24639655926127489E+03  1.20466103100114015E+03  9.15727698074121918E+02  1.86135900182021442E+03  2.09026193995130342E+02  4.98645968493463627E+01  5.19217647170490970E+00  5.15953738812255591E-01  4.99073108042394076E-02
  388.000000  3.77981910110302988E+03  1.12001925784541891E+03  6.01850740686991003E+02  1.85487442184045267E+03  1.51433193456829230E+02  4.73746482650003600E+01  3.76365027673222263E+00  4.67219577916422713E-01  3.59691536890141619E-02
  390.000000  3.50198164420171588E+03  1.06748508819176641E+03  3.93131076236698959E+02  1.87886421414788947E+03  1.12802448872859443E+02  4.64213888112631281E+01  2.80960936770362535E+00  4.41105889364300674E-01  2.67126841707878218E-02
  392.000000  3.34325166973064415E+03  1.03769337326239838E+03  2.48648909173569677E+02  1.92206486707681984E+03  8.58917382867248449E+01  4.63565453407465000E+01  2.14805170643336840E+00  4.27854609270712560E-01  2.03302746810123114E-02
  394.000000  3.26363612170699525E+03  1.02475644173055116E+03  1.45000646452876595E+02  1.97840531005619505E+03  6.65231354978203910E+01  4.68382216162690312E+01  1.67425745082493393E+00  4.22323160986149970E-01  1.57857414720938491E-02
  396.000000  3.23918454804454041E+03  1.02489338627989491E+03  6.82301542575764444E+01  2.04443961655758926E+03  5.21857592984576328E+01  4.76760807955222816E+01  1.32544082463727908E+00  4.21650086796641899E-01  1.24599440658589543E-02
  398.000000  3.25497921994940998E+03  1.03561879526512348E+03  9.68434657409218858E+00  2.11810926470379854E+03  4.13115754335830232E+01  4.87586277046370213E+01  1.06248040326587545E+00  4.24161527970393137E-01  9.96833693945617036E-03
  400.000000  3.30138523519174259E+03  1.05526229027401496E+03 -3.61929226821089571E+01  2.19811467775606798E+03  3.28869409570327917E+01  5.00172124189141414E+01  8.60141370114633652E-01  4.28831457875999023E-01  8.06363983090815049E-03
  402.000000  3.37196053181453590E+03  1.08267691428163380E+03 -7.30810416521144646E+01  2.28357795266987341E+03  2.62362255741757302E+01  5.14072583846900670E+01  7.01639393168296266E-01  4.35001287127568748E-01  6.58187598123047626E-03
  404.000000  3.46224234118638697E+03  1.11705575309741835E+03 -1.03482477083740264E+02  2.37385114620478225E+03  2.08968002624998164E+01  5.28979753041245147E+01  5.75504934634203491E-01  4.42227143974369019E-01  5.41132269364528757E-03
  406.000000  3.56901368178360099E+03  1.15781139631479527E+03 -1.29137314394483724E+02  2.46840043145377422E+03  1.65443416906884266E+01  5.44664477604211470E+01  4.73711932578143757E-01  4.50193003271774528E-01  4.47402255630088234E-03
  408.000000  3.68984199171828641E+03  1.20449218664664295E+03 -1.51275338122102653E+02  2.56673132234567902E+03  1.29468372773002258E+01  5.60940774128964108E+01  3.90526200508350241E-01  4.58665530292799495E-01  3.71442706940675093E-03
  410.000000  3.82277698077328705E+03  1.25671980066071046E+03 -1.70771940212517961E+02  2.66833695472623458E+03  9.93551622052165051E+00  5.77643423963071783E+01  3.21777159288262837E-01  4.67437597833994689E-01  3.09222490931808543E-03
  412.000000  3.96614461620587690E+03  1.31413855482607323E+03 -1.88244562450881574E+02  2.77265990169328961E+03  7.38608766160284880E+00  5.94613250901246744E+01  2.64386315270684624E-01  4.76345369727743717E-01  2.57770066994395365E-03
  414.000000  4.11840093031719334E+03  1.37637008272896128E+03 -2.04110289516540547E+02  2.87906252867076910E+03  5.20646139578350375E+00  6.11687115286922420E+01  2.16056064344331972E-01  4.85230777686364023E-01  2.14866749725682506E-03
  416.000000  4.27802478887935285E+03  1.44296884492146637E+03 -2.18616099247081024E+02  2.98680346143095403E+03  3.32869072637532781E+00  6.28691019843313654E+01  1.75061546853198219E-01  4.93939111241603723E-01  1.78840521097433031E-03
  418.000000  4.44343758775484366E+03  1.51337500355058728E+03 -2.31847952814529435E+02  3.09501930122659451E+03  1.70377798819636661E+00  6.45435491985425074E+01  1.40110745907705864E-01  5.02313601775530305E-01  1.48425776897959734E-03
  420.000000  4.61294337877827820E+03  1.58686206013673655E+03 -2.43721883831719310E+02  3.20271173706174432E+03  2.98509352474188305E-01  6.61712859006535865E+01  1.10251179559121129E-01  5.10192304701793886E-01  1.22667412852462136E-03
  422.000000  4.78468641028238835E+03  1.66247796757834294E+03 -2.53959086648259927E+02  3.30874089560283073E+03 -9.06221132112568162E-01  6.77296302702989550E+01  8.48091878748518241E-02  5.17406870056219437E-01  1.00855335679162763E-03
  424.000000  4.95662531668837892E+03  1.73898122535846051E+03 -2.62048150088516138E+02  3.41182623032391621E+03 -1.91602207702053429E+00  6.91940735638421529E+01  6.33518081197473187E-02  5.23783001371733392E-01  8.24798205900891565E-04
  426.000000  5.12652457546767346E+03  1.81477943518471875E+03 -2.67202375788012716E+02  3.51055651643470992E+03 -2.72303850336447173E+00  7.05385613878595876E+01  4.56622437542847093E-02  5.29142507288522856E-01  6.72000719673467050E-04
  428.000000  5.29196453780771844E+03  1.88788918709715654E+03 -2.68330607649321280E+02  3.60341058933821978E+03 -3.30618446322019466E+00  7.17359804387067612E+01  3.17179851039776570E-02  5.33306878559873576E-01  5.48182512535710302E-04
  430.000000  5.45037140111829831E+03  1.95595442208980239E+03 -2.64057524782576195E+02  3.68879031726247513E+03 -3.63288054811468353E+00  7.27588564425372653E+01  2.16558688293657063E-02  5.36102290847831453E-01  4.52494496636649565E-04
  432.000000  5.59906796315219799E+03  2.01638181949944556E+03 -2.52850179513761873E+02  3.76506683892227738E+03 -3.66422554479789975E+00  7.35802564476969678E+01  1.57027319003082665E-02  5.37365850934544143E-01  3.84758503013626809E-04
  434.000000  5.73534490108178397E+03  2.06665890504498384E+03 -2.33314627155213429E+02  3.83064006284481411E+03 -3.36565624724444623E+00  7.41748686495481451E+01  1.40504250916879889E-02  5.36952777394507197E-01  3.44742408373820207E-04
  436.000000  5.85655062370419546E+03  2.10487671967702045E+03 -2.04683803862940721E+02  3.88400934392306226E+03 -2.72358755318390910E+00  7.45202039718831912E+01  1.66723405525138306E-02  5.34744042462302338E-01  3.31165340237489405E-04
  438.000000  5.96019533888718888E+03  2.13034846906508756E+03 -1.67390666997527774E+02  3.92384980780033766E+03 -1.76421717949717349E+00  7.45978263003777897E+01  2.31254042992195645E-02  5.30653817597336319E-01  3.40676513683725699E-04
  440.000000  6.04406188823660705E+03  2.14403489966393681E+03 -1.23444842862777932E+02  3.94908490322007447E+03 -5.64997765873185176E-01  7.43944827961605597E+01  3.24399249538405432E-02  5.24635917850596378E-01  3.67342281395247050E-04
  442.000000  6.10631289505594941E+03  2.14842738949319755E+03 -7.62742956518926434E+01  3.95894438151134273E+03  7.52123157505379503E-01  7.39029961564091451E+01  4.32087624489330621E-02  5.16688435204100793E-01  4.03191733842135885E-04
  444.000000  6.14558259676700891E+03  2.14678643490988907E+03 -2.99367653310627659E+01  3.95300090213407748E+03  2.04802125594905648E+00  7.31228176776926375E+01  5.38903122867928977E-02  5.06855967780212469E-01  4.39840397046874644E-04
  446.000000  6.16104373211727307E+03  2.14207966468197992E+03  1.19568874864890375E+01  3.93118594065553407E+03  3.20214473522226184E+00  7.20602075850578103E+01  6.31873262310221201E-02  4.95229214688623465E-01  4.70432069586874523E-04
  448.000000  6.15244401973276035E+03  2.13618558954352920E+03  4.70494510367026493E+01  3.89379003725403572E+03  4.13814571033938439E+00  7.07280588190839978E+01  7.03044720474369084E-02  4.81942013811020531E-01  4.90883210531405795E-04
  450.000000  6.12011055691699312E+03  2.12969205929426971E+03  7.44507297186584367E+01  3.84145036781488807E+03  4.82935806442183146E+00  6.91453893043006929E+01  7.49866925317880656E-02  4.67166056227689641E-01  4.99971695223635376E-04
  452.000000  6.06492282542323301E+03  2.12219614810355415E+03  9.44487527884034392E+01  3.77512448248189548E+03  5.28792664602542484E+00  6.73365251052978948E+01  7.73881034185774502E-02  4.51103618768814996E-01  4.98575869439762173E-04
  454.000000  5.98825690522530931E+03  2.11279524423479597E+03  1.08022954154177370E+02  3.69604832414252314E+03  5.54801305096445763E+00  6.53300161623139815E+01  7.78859858428981172E-02  4.33978820526069786E-01  4.88674165853037498E-04
  456.000000  5.89190581332466627E+03  2.10051441904140665E+03  1.16409738810652144E+02  3.60567957865252265E+03  5.65128752867674056E+00  6.31573629716758589E+01  7.69256904006054981E-02  4.16028089615575358E-01  4.72539715339850841E-04
  458.000000  5.77798316671519933E+03  2.08456960692445864E+03  1.20820356655592093E+02  3.50563090814708903E+03  5.63776484144576262E+00  6.08516615234463458E+01  7.49257405756751510E-02  3.97490618974132903E-01  4.52263617208451506E-04
  460.000000  5.64881872868199116E+03  2.06447751789919857E+03  1.22302720900816027E+02  3.39759945036460749E+03  5.54149499725420380E+00  5.84462800396095261E+01  7.22353809104321620E-02  3.78599546415953281E-01  4.29553178890624643E-04
  462.000000  5.50685440758172899E+03  2.04006362424393592E+03  1.21699700625959352E+02  3.28329888839774503E+03  5.38942297529121994E+00  5.59736658508235010E+01  6.91253506116661226E-02  3.59574438274183339E-01  4.05699087995826425E-04
  464.000000  5.35454808663792846E+03  2.01141738635092042E+03  1.19658563992588284E+02  3.16439911258914890E+03  5.20187868007149223E+00  5.34643528170270201E+01  6.57951433180983675E-02  3.40615441683774112E-01  3.81623171161370384E-04
  466.000000  5.19429071746737554E+03  1.97882822167268750E+03  1.16661208470166926E+02  3.04247674347188649E+03  4.99369271966052697E+00  5.09462077918205196E+01  6.23861396015284800E-02  3.21899249196755999E-01  3.57952355501498388E-04
  468.000000  5.02833989517667942E+03  1.94272096816965495E+03  1.13058645259536092E+02  2.91897804464909723E+03  4.77540500754503405E+00  4.84439250237205457E+01  5.89951481217518697E-02  3.03576827273197847E-01  3.35091731750700324E-04
  470.000000  4.85877104260273336E+03  1.90359958974074834E+03  1.09102304001082885E+02  2.79519428749170038E+03  4.55433552256520713E+00  4.59787537411096281E+01  5.56861021007602069E-02  2.85772717273320043E-01  3.13286152896917101E-04
  472.000000  4.68744562044848681E+03  1.86200211522964673E+03  1.04969703569255557E+02  2.67224854778495410E+03  4.33544823742778718E+00  4.35684280000491739E+01  5.24993290299903548E-02  2.68585629957797001E-01  2.92668164882550535E-04
  474.000000  4.51599456598882534E+03  1.81846685929154046E+03  1.00784377717817634E+02  2.55109223497229277E+03  4.12201304256600043E+00  4.12272591062376250E+01  4.94585467887742949E-02  2.52090017988933934E-01  2.73293593414745321E-04
  476.000000  4.34581445164323577E+03  1.77350865084470570E+03  9.66308511857893393E+01  2.43250933423823153E+03  3.91609746534681635E+00  3.89663484390650794E+01  4.65759877604095610E-02  2.36338315148757389E-01  2.55167188095653573E-04
  478.000000  4.17807357830729597E+03  1.72760333264178189E+03  9.25656777800506632E+01  2.31712630431342905E+03  3.71892498691823681E+00  3.67938806816681421E+01  4.38560795487476854E-02  2.21363563172315647E-01  2.38260725929589971E-04
  480.000000  4.01372527212829482E+03  1.68117876190551033E+03  8.86254790001543853E+01  2.20542573291207827E+03  3.53113294710668635E+00  3.47154625891701087E+01  4.12980537716391705E-02  2.07182194908735268E-01  2.22525594250196361E-04
  482.000000  3.85352592534104042E+03  1.63461070573524921E+03  8.48327555877171875E+01  2.09776212587764076E+03  3.35295666067242371E+00  3.27344790058283408E+01  3.88977766883564016E-02  1.93796795824215107E-01  2.07901419889534926E-04
  484.000000  3.69805571201279236E+03  1.58822226576375397E+03  8.12000704047245989E+01  1.99437852897269318E+03  3.18436009196487468E+00  3.08524447174901297E+01  3.66490228748041005E-02  1.81198717383638436E-01  1.94321907177346954E-04
  486.000000  3.54774033981578759E+03  1.54228572246645126E+03  7.77330508263475508E+01  1.89542300470013947E+03  3.02512816366488480E+00  2.90693371254353607E+01  3.45443538759172969E-02  1.69370461148952128E-01  1.81718725110785337E-04
  488.000000  3.40287261530313299E+03  1.49702593003518996E+03  7.44325397369054258E+01  1.80096428011679018E+03  2.87493166667240452E+00  2.73839002157571052E+01  3.25757183701440717E-02  1.58287789406557383E-01  1.70024041416195272E-04
  490.000000  3.26363297005194545E+03  1.45262460366836240E+03  7.12961339795490971E+01  1.71100612946427214E+03  2.73337266325220885E+00  2.57939147011601371E+01  3.07348568540918507E-02  1.47921546370986395E-01  1.59172124394401829E-04
  492.000000  3.13010840318433065E+03  1.40922501777295111E+03  6.83192824914925296E+01  1.62550025249377609E+03  2.60001602765510054E+00  2.42964325343702647E+01  2.90135696148389986E-02  1.38239194163807977E-01  1.49100307015590839E-04
  494.000000  3.00230953878513128E+03  1.36693677613752516E+03  6.54960679165340878E+01  1.54435755751783836E+03  2.47441114780443394E+00  2.28879763454119178E+01  2.74038894480202605E-02  1.29206081050767307E-01  1.39749518393242551E-04
  496.000000  2.88018567880037062E+03  1.32584042662195134E+03  6.28197605727542836E+01  1.46745786333308456E+03  2.35610665241893313E+00  2.15647059000805719E+01  2.58981883117741958E-02  1.20786467243775786E-01  1.31064525068493829E-04
  498.000000  2.76363786126768309E+03  1.28599177754348057E+03  6.02832086036713051E+01  1.39465810376116428E+03  2.24466020234757790E+00  2.03225545872898365E+01  2.44892384446432181E-02  1.12944337304234754E-01  1.22993980716080644E-04
  500.000000  2.65253001983676768E+03  1.24742583530295451E+03  5.78791102036567082E+01  1.32579916038982537E+03  2.13964479788108664E+00  1.91573393807071781E+01  2.31702423714269419E-02  1.05644029019064306E-01  1.15490352316611263E-04
  502.000000  2.54669839303152321E+03  1.21016032730377992E+03  5.56002009650027276E+01  1.26071147024257925E+03  2.04065263650225681E+00  1.80648478244277833E+01  2.19348419212719234E-02  9.88507075400447827E-02  1.08509769550079233E-04
  504.000000  2.44595935914813754E+03  1.17419880480929351E+03  5.34393801896171681E+01  1.19921956157821842E+03  1.94729725871853732E+00  1.70409054757705967E+01  2.07771133526654765E-02  9.25307113368706163E-02  1.02011829342886341E-04
  506.000000  2.35011588227965512E+03  1.13953334043379800E+03  5.13897933980789858E+01  1.14114566764639585E+03  1.85921450805350430E+00  1.60814269867393129E+01  1.96915535438106463E-02  8.66517936689551321E-02  9.59593771904019801E-05
  508.000000  2.25896275247733456E+03  1.10614684723552273E+03  4.94448835124126589E+01  1.08631255870745076E+03  1.77606268036637194E+00  1.51824536823858107E+01  1.86730606995255885E-02  8.11832802173282214E-02  9.03182797097418574E-05
  510.000000  2.17229079288297271E+03  1.07401505303597332E+03  4.75984197566341933E+01  1.03454571968769710E+03  1.69752212968377814E+00  1.43401801433341181E+01  1.77169119615765112E-02  7.60961604904731304E-02  8.50571979091969743E-05
  512.000000  2.08989019211227242E+03  1.04310816638676806E+03  4.58445108363981078E+01  9.85674986403712523E+02  1.62329452044040323E+00  1.35509719502466233E+01  1.68187395578225617E-02  7.13631277818689708E-02  8.01473672209055565E-05
  514.000000  2.01155310348654757E+03  1.01339227075165945E+03  4.41776071588476000E+01  9.39535738648416896E+02  1.55310186054197996E+00  1.28113764182011689E+01  1.59745065954768478E-02  6.69585798969692808E-02  7.55623879781676654E-05
  516.000000  1.93707563553293244E+03  9.84830481973091082E+02  4.25924955443682265E+01  8.95969734404925816E+02  1.48668540985685294E+00  1.21181278488138169E+01  1.51804832300139626E-02  6.28585906184644522E-02  7.12780284000959457E-05
  518.000000  1.86625934149908994E+03  9.57383901600838726E+02  4.10842889288009303E+01  8.54825656521608721E+02  1.42380453011118258E+00  1.14681485620657604E+01  1.44332236789093439E-02  5.90408599446550983E-02  6.72720410527977467E-05
  520.000000  1.79891230006423712E+03  9.31012395644476783E+02  3.96484128586542255E+01  8.15959431582545335E+02  1.36423552163603934E+00  1.08585467390649040E+01  1.37295443659724431E-02  5.54846495006884460E-02  6.35239930264024891E-05
  522.000000  1.73484986533712458E+03  9.05675225133940330E+02  3.82805900734230562E+01  7.79234370515518322E+02  1.30777047765657017E+00  1.02866119099631081E+01  1.30665033544683177E-02  5.21707081593468444E-02  6.00151095934090215E-05
  524.000000  1.67389515169131300E+03  8.81331551688579566E+02  3.69768240969357507E+01  7.44521171673140543E+02  1.25421617626838522E+00  9.74980875533264602E+00  1.24413811398438653E-02  4.90811917858030647E-02  5.67281308152655105E-05
  526.000000  1.61587930806272789E+03  8.57940838301377880E+02  3.57333824884779148E+01  7.11697819608932491E+02  1.20339302274318061E+00  9.24576975109597754E+00  1.18516628136363655E-02  4.61995801063528264E-02  5.36471803882934172E-05
  528.000000  1.56064162689377827E+03  8.35463162762502179E+02  3.45467802048004131E+01  6.80649406431689385E+02  1.15513404946740361E+00  8.77228707313828693E+00  1.12950215709173660E-02  4.35105929635620156E-02  5.07576459268232880E-05
  530.000000  1.50802952485841547E+03  8.13859458636359705E+02  3.34137633799603080E+01  6.51267897323233683E+02  1.10928397708110804E+00  8.32730408457121740E+00  1.07693035086711408E-02  4.10001076307954584E-02  4.80460698448487093E-05
  532.000000  1.45789842570671976E+03  7.93091696490280810E+02  3.23312937239790870E+01  6.23451857409518993E+02  1.06569833780433498E+00  7.90890665304708396E+00  1.02725136474262589E-02  3.86550783921207827E-02  4.55000499978909471E-05
  534.000000  1.41011156984683612E+03  7.73123016108194861E+02  3.12965336652074804E+01  5.97106153558070901E+02  1.02424266015860788E+00  7.51531448472756303E+00  9.80280310026169534E-03  3.64634592272590000E-02  4.31081492712646956E-05
  536.000000  1.36453977052534606E+03  7.53917818730638828E+02  3.03068323066350622E+01  5.72141641714717821E+02  9.84791713147615599E-01  7.14487261292646636E+00  9.35845731004623753E-03  3.44141301565099658E-02  4.08598133399523910E-05
  538.000000  1.32106113252066120E+03  7.35441826901802415E+02  2.93597122266892967E+01  5.48474847985893803E+02  9.47228807197666334E-01  6.79604314092481321E+00  8.93788527541565514E-03  3.24968275816892513E-02  3.87452958730404666E-05
  540.000000  1.27956074600475586E+03  7.17662118247253602E+02  2.84528571282316243E+01  5.26027649728289134E+02  9.11445148746048206E-01  6.46739730816388203E+00  8.53960968816080968E-03  3.07020787929720915E-02  3.67555905069571711E-05
  542.000000  1.23993036556283369E+03  7.00547138447156613E+02  2.75841003204234951E+01  5.04726961343773269E+02  8.77339245138985091E-01  6.15760792537757684E+00  8.16225790786927197E-03  2.90211406871699155E-02  3.48823689646188021E-05
  544.000000  1.20206808217391927E+03  6.84066697763140837E+02  2.67514140049214824E+01  4.84504428229176710E+02  8.44816356426183135E-01  5.86544220597398702E+00  7.80455370383408877E-03  2.74459426517007603E-02  3.31179247490473111E-05
  546.000000  1.16587799418621580E+03  6.68191954720436115E+02  2.59528993306599283E+01  4.65296131339083445E+02  8.13787990686239415E-01  5.58975500702644190E+00  7.46530969881697200E-03  2.59690335030717673E-02  3.14551218901386578E-05
  548.000000  1.13126988188157748E+03  6.52895389904778312E+02  2.51867771758457444E+01  4.47042304038488737E+02  7.84171439611158316E-01  5.32948248272815306E+00  7.14342045389760021E-03  2.45835323233797240E-02  2.98873482699694027E-05
  550.000000  1.09815888906871965E+03  6.38150772299521122E+02  2.44513796138896708E+01  4.29687062311083139E+02  7.55889351223846817E-01  5.08363614538200626E+00  6.83785613830070662E-03  2.32830830085072674E-02  2.84084730958344531E-05
  552.000000  1.06646521421813782E+03  6.23933120141895415E+02  2.37451420191024418E+01  4.13178148915133022E+02  7.28869336781403754E-01  4.85129732336109587E+00  6.54765673276406709E-03  2.20618123236809988E-02  2.70128081309490322E-05
  554.000000  1.03611381291152998E+03  6.10218657903634266E+02  2.30665957682592513E+01  3.97466691715973184E+02  7.03043609095893363E-01  4.63161200152306929E+00  6.27192671914870385E-03  2.09142912529729115E-02  2.56950723295605712E-05
  556.000000  1.00703411279528143E+03  5.96984770693444261E+02  2.24143614957087820E+01  3.82506976149515083E+02  6.78348649699840434E-01  4.42378602691369771E+00  6.00983021324341844E-03  1.98354994268620903E-02  2.44503595574572312E-05
  558.000000  9.79159741767018545E+02  5.84209957122468040E+02  2.17871428611735389E+01  3.68256231566931774E+02  6.54724902468170389E-01  4.22708066095214097E+00  5.76058650139131111E-03  1.88207924143453768E-02  2.32741091095344308E-05
  560.000000  9.52428269764664719E+02  5.71873781460757527E+02  2.11837207915478238E+01  3.54674431062748511E+02  6.32116491495174682E-01  4.04080845842000702E+00  5.52346594518206540E-03  1.78658716719225265E-02  2.21620787642201104E-05
  562.000000  9.26780964252363333E+02  5.59956825739785018E+02  2.06029481604071130E+01  3.41724104284202440E+02  6.10470961198921636E-01  3.86432945327818933E+00  5.29778622160751410E-03  1.69667569499691064E-02  2.11103201397248557E-05
  564.000000  9.02162559287409863E+02  5.48440642313068565E+02  2.00437448710495438E+01  3.29370162650040072E+02  5.89739036790671411E-01  3.69704763146899218E+00  5.08290886909831732E-03  1.61197609667585139E-02  2.01151561401174469E-05
  566.000000  8.78521037893519519E+02  5.37307707267678779E+02  1.95050933114736651E+01  3.17579736364211783E+02  5.69874403403582641E-01  3.53840767130779055E+00  4.87823611257729231E-03  1.53214661710764696E-02  1.91731602997035995E-05
  568.000000  8.55807427351309229E+02  5.26541374984607501E+02  1.89860341517116922E+01  3.06322022587435470E+02  5.50833502317582768E-01  3.38789193273057743E+00  4.68320794308786995E-03  1.45687034254900726E-02  1.82811378528442689E-05
  570.000000  8.33975606935685391E+02  5.16125834067742289E+02  1.84856624564250822E+01  2.95568144123193633E+02  5.32575342852944389E-01  3.24501767747957892E+00  4.49729942984436384E-03  1.38585324535828482E-02  1.74361083730800755E-05
  572.000000  8.12982127575710479E+02  5.06046064799230408E+02  1.80031240875172855E+01  2.85291017979683545E+02  5.15061328625164072E-01  3.10933450321396387E+00  4.32001824458828291E-03  1.31882239055509075E-02  1.66352898404167014E-05
  574.000000  7.92786042875069711E+02  4.96287798224064318E+02  1.75376123737057981E+01  2.75465233183460100E+02  4.98255096970667999E-01  2.98042197549757804E+00  4.15090237995082226E-03  1.25552429073528364E-02  1.58760840092928306E-05
  576.000000  7.73348750918139785E+02  4.86837476931244055E+02  1.70883650256253716E+01  2.66066937240147922E+02  4.82122370452960525E-01  2.85788744259222716E+00  3.98951804524227960E-03  1.19572339689172774E-02  1.51560629617857402E-05
  578.000000  7.54633846277633324E+02  4.77682217562101869E+02  1.66546612769869249E+01  2.57073730662300932E+02  4.66630819456809454E-01  2.74136401896883042E+00  3.83545772457754511E-03  1.13920071367447050E-02  1.44729567417280916E-05
  580.000000  7.36606981645187147E+02  4.68809775052122859E+02  1.62358192338502718E+01  2.48464569011531665E+02  4.51749934963061872E-01  2.63050872440808803E+00  3.68833838363069469E-03  1.08575252854801584E-02  1.38246419751699674E-05
  582.000000  7.19235738517963568E+02  4.60208508593380429E+02  1.58311934152723452E+01  2.40219671930751105E+02  4.37450910673100546E-01  2.52500076649112026E+00  3.54779981254652087E-03  1.03518924516892499E-02  1.32091313915837992E-05
  584.000000  7.02489506389987810E+02  4.51867349287709658E+02  1.54401724704805510E+01  2.32320438672115102E+02  4.23706533730191848E-01  2.42453995517328424E+00  3.41350309367671962E-03  9.87334312114379088E-03  1.26245641681164152E-05
  586.000000  6.86339369917057184E+02  4.43775769449578547E+02  1.50621770586015362E+01  2.24749369655781919E+02  4.10491083346985808E-01  2.32884523897893159E+00  3.28512918383237675E-03  9.42023238840085722E-03  1.20691970265662343E-05
  588.000000  6.70758003548007082E+02  4.35923753510334791E+02  1.46966578780580814E+01  2.17489993623845947E+02  3.97780236702799772E-01  2.23765335315338065E+00  3.16237760161458678E-03  8.99102691437556924E-03  1.15413960190039770E-05
  590.000000  6.55719573136776035E+02  4.28301770466245671E+02  1.43430938342502561E+01  2.10526799982423881E+02  3.85550981541976034E-01  2.15071757085991555E+00  3.04496521130532801E-03  8.58429661399222506E-03  1.10396289441472246E-05
  592.000000  6.41199644077264452E+02  4.20900747811895599E+02  1.40009903345165068E+01  2.03845175952140551E+02  3.73781534938226689E-01  2.06780654920798446E+00  2.93262509547969827E-03  8.19870701185263819E-03  1.05624583415084083E-05
  594.000000  6.27175095526733912E+02  4.13712046895601361E+02  1.36698777009037933E+01  1.97431348173672120E+02  3.62451267749746231E-01  1.98870326255341867E+00  2.82510550922998333E-03  7.83301220925032224E-03  1.01085350155041340E-05
  596.000000  6.13624040308299300E+02  4.06727439632708865E+02  1.33493096913607072E+01  1.91272328439884291E+02  3.51540634316580447E-01  1.91320401611650626E+00  2.72216890948235842E-03  7.48604841078678081E-03  9.67659204565353893E-06
  598.000000  6.00525750109886644E+02  3.99939086513796155E+02  1.30388621214513076E+01  1.85355863249655783E+02  3.41031107002611467E-01  1.84111753352463547E+00  2.62359105349730228E-03  7.15672796335677531E-03  9.26543924319468501E-06
  600.000000  5.87860585616872299E+02  3.93339515841721095E+02  1.27381315787479679E+01  1.79670386900806932E+02  3.30905115206393541E-01  1.77226411240640269E+00  2.52916016108858770E-03  6.84403386439938477E-03  8.87395801773768495E-06
  602.000000  5.75609931243821961E+02  3.86921604137441591E+02  1.24467342231296225E+01  1.74204977860171994E+02  3.21145988506037761E-01  1.70647484264036420E+00  2.43867613562619113E-03  6.54701470006844189E-03  8.50109662097392593E-06
  604.000000  5.63756134147255693E+02  3.80678557650671337E+02  1.21643046664374186E+01  1.68949318168536081E+02  3.11737903623514667E-01  1.64359088230480177E+00  2.35194983926086077E-03  6.26477997742150641E-03  8.14586573714194909E-06
  606.000000  5.52282447227525836E+02  3.74603894918466267E+02  1.18904949257382082E+01  1.63893655656048992E+02  3.02665834924083887E-01  1.58346278677775398E+00  2.26880241821690197E-03  5.99649581784911234E-03  7.80733439275113104E-06
  608.000000  5.41172975842937831E+02  3.68691430312023840E+02  1.16249734447099762E+01  1.59028768760920627E+02  2.93915508188828667E-01  1.52594988681235000E+00  2.18906467434157575E-03  5.74138098183351979E-03  7.48462616031149670E-06
  610.000000  5.30412627982277627E+02  3.62935258518701630E+02  1.13674241782408654E+01  1.54345933759571949E+02  2.85473357418691787E-01  1.47091971175164171E+00  2.11257647940587493E-03  5.49870319771664142E-03  7.17691563305319125E-06
  612.000000  5.19987067655934766E+02  3.57329739904834696E+02  1.11175457356351686E+01  1.49836894231228342E+02  2.77326484448941646E-01  1.41824745436383348E+00  2.03918622896394125E-03  5.26777576953609689E-03  6.88342514953153063E-06
  614.000000  5.09882671285435322E+02  3.51869486710587807E+02  1.08750505782038562E+01  1.45493832593213114E+02  2.69462621169833660E-01  1.36781547406496617E+00  1.96875033281169098E-03  5.04795444114036328E-03  6.60342174878158342E-06
  616.000000  5.00086486884015414E+02  3.46549350027566106E+02  1.06396642674323108E+01  1.41309343555839320E+02  2.61870094166523792E-01  1.31951283556180976E+00  1.90113273934675660E-03  4.83863449576551509E-03  6.33621433839299589E-06
  618.000000  4.90586195837391529E+02  3.41364407514644881E+02  1.04111247600306545E+01  1.37276409357208109E+02  2.54537791604623476E-01  1.27323488018879361E+00  1.83620449134010849E-03  4.63924807204239408E-03  6.08115105920373507E-06
  620.000000  4.81370077106401538E+02  3.36309951808531878E+02  1.01891817467242589E+01  1.33388376648900277E+02  2.47455132203561384E-01  1.22888282743479804E+00  1.77384331083220328E-03  4.44926167903450086E-03  5.83761683176985256E-06
  622.000000  4.72426973686039162E+02  3.31381479588383172E+02  9.97359603158318642E+00  1.29638934913427363E+02  2.40612036149545794E-01  1.18636340435937981E+00  1.71393321104971216E-03  4.26817389439376142E-03  5.60503107096528379E-06
  624.000000  4.63746261167285070E+02  3.26574681255956421E+02  9.76413894922793801E+00  1.26022096303293665E+02  2.33998897813793683E-01  1.14558850078327823E+00  1.65636413339828852E-03  4.09551323107079732E-03  5.38284555610719205E-06
  626.000000  4.55317818258873274E+02  3.21885431194913053E+02  9.56059181720079998E+00  1.22532176799990111E+02  2.27606560150280662E-01  1.10647484830957898E+00  1.60103160774835809E-03  3.93083615925269355E-03  5.17054244511742037E-06
  628.000000  4.47131999136281536E+02  3.17309778574847314E+02  9.36274542117586073E+00  1.19163778598874686E+02  2.21426290658207042E-01  1.06894372138731852E+00  1.54783643436763639E-03  3.77372527132134464E-03  4.96763242209717815E-06
  630.000000  4.39179607494983941E+02  3.12843938667981547E+02  9.17039953076143810E+00  1.15911773633049052E+02  2.15449758801550317E-01  1.03292065877279149E+00  1.49668438597138818E-03  3.62378757865072830E-03  4.77365296854165067E-06
  632.000000  4.31451872193366228E+02  3.08484284647901859E+02  8.98336244385899541E+00  1.12771288155916523E+02  2.09669014788432390E-01  9.98335203875139632E-01  1.44748592849928211E-03  3.48065292999559994E-03  4.58816674922349721E-06
  634.000000  4.23940424379003730E+02  3.04227339841775120E+02  8.80145055766804241E+00  1.09737688308089488E+02  2.04076469617239714E-01  9.65120662592368173E-01  1.40015595931125818E-03  3.34397254207352036E-03  4.41076010446111912E-06
  636.000000  4.16637275999810015E+02  3.00069770409378634E+02  8.62448796456647315E+00  1.06806566599966985E+02  1.98664876306110155E-01  9.33213877354811761E-01  1.35461356160684583E-03  3.21341763372143220E-03  4.24104164111366536E-06
  638.000000  4.09534799608009394E+02  2.96008378423346585E+02  8.45230607129378875E+00  1.03973729246377388E+02  1.93427312227513609E-01  9.02555016193507864E-01  1.31078177396588228E-03  3.08867815571529144E-03  4.07864091532150711E-06
  640.000000  4.02625709371616210E+02  2.92040095326952269E+02  8.28474323980544902E+00  1.01235184294450434E+02  1.88357162474064588E-01  8.73087375743829663E-01  1.26858737397519896E-03  2.96946160898950299E-03  3.92320720041885424E-06
  642.000000  3.95903043214559432E+02  2.88161975747355882E+02  8.12164444857542556E+00  9.85871304902305212E+01  1.83448104190187700E-01  8.44757197179504926E-01  1.22796067500185037E-03  2.85549194458373711E-03  3.77440833409713453E-06
  644.000000  3.89360146011227243E+02  2.84371191643077054E+02  7.96286097280881844E+00  9.60259468335826227E+01  1.78694091804442762E-01  8.17513494150235998E-01  1.18883533522124059E-03  2.74650853918555161E-03  3.63192963920992182E-06
  646.000000  3.82990653767384003E+02  2.80665026766274423E+02  7.80825008261153375E+00  9.35481827746312860E+01  1.74089343107618477E-01  7.91307891867444546E-01  1.15114817809879900E-03  2.64226524063024010E-03  3.49547291315625823E-06
  648.000000  3.76788478723400090E+02  2.77040871421269912E+02  7.65767475778510498E+00  9.11505490084188921E+01  1.69628326120401185E-01  7.66094476548585979E-01  1.11483902356034840E-03  2.54252947817195556E-03  3.36475548106922264E-06
  650.000000  3.70747795320467333E+02  2.73496217501853835E+02  7.51100341831327256E+00  8.88299088276371123E+01  1.65305746701083500E-01  7.41829654490786639E-01  1.07985052915315276E-03  2.44708143275333082E-03  3.23950930844089204E-06
  652.000000  3.64863026974945171E+02  2.70028653791564238E+02  7.36810966952285895E+00  8.65832699961280667E+01  1.61116536846953096E-01  7.18472020099461872E-01  1.04612804054208305E-03  2.35571326287715424E-03  3.11948016912286373E-06
  654.000000  3.59128833608987463E+02  2.66635861511139865E+02  7.22887206103071467E+00  8.44077771086616195E+01  1.57055843646137755E-01  6.95982232249472199E-01  1.01361945074488467E-03  2.26822838203342807E-03  3.00442686496211044E-06
  656.000000  3.53540099889946077E+02  2.63315610099226660E+02  7.09317385864700967E+00  8.23007044048589051E+01  1.53119018839353055E-01  6.74322898402215487E-01  9.82275067539414284E-04  2.18444078394882009E-03  2.89412049356519551E-06
  658.000000  3.48091924133771386E+02  2.60065753212744539E+02  6.96090282837500673E+00  8.02594490075083797E+01  1.49301608953121806E-01  6.53458465945816913E-01  9.52047488516091648E-04  2.10417441221881019E-03  2.78834376098137743E-06
  660.000000  3.42779607830974612E+02  2.56884224934304711E+02  6.83195103190211572E+00  7.82815245575869767E+01  1.45599345971181793E-01  6.33355120264784022E-01  9.22891483300692663E-04  2.02726257114780890E-03  2.68689033630942002E-06
  662.000000  3.37598645756329802E+02  2.53769036174869825E+02  6.70621463274382990E+00  7.63645552203023357E+01  1.42008138509831239E-01  6.13980689082387010E-01  8.94763882485960418E-04  1.95354737486849684E-03  2.58956424544994258E-06
  664.000000  3.32544716626409922E+02  2.50718271260591564E+02  6.58359371257631043E+00  7.45062700382378722E+01  1.38524063467733410E-01  5.95304552652217156E-01  8.67623472856121104E-04  1.88287923203475302E-03  2.49617930141988239E-06
  666.000000  3.27613674270963372E+02  2.47730084693238496E+02  6.46399209698789967E+00  7.27044976093885396E+01  1.35143358121070284E-01  5.77297559406640293E-01  8.41430898510034712E-04  1.81511636358952120E-03  2.40655856883912464E-06
  668.000000  3.22801539286923628E+02  2.44802698074524415E+02  6.34731719020316376E+00  7.09571610694072916E+01  1.31862412637802129E-01  5.59931946698258853E-01  8.16148567517807101E-04  1.75012435129797274E-03  2.32053386036954402E-06
  670.000000  3.18104491145885447E+02  2.41934397185316584E+02  6.23347981825098252E+00  6.92622733588107593E+01  1.28677762986440208E-01  5.43181266296774989E-01  7.91740563771681769E-04  1.68777571490999478E-03  2.23794526302341937E-06
  672.000000  3.13518860727164338E+02  2.39123529210618699E+02  6.12239408003788022E+00  6.76179327572434659E+01  1.25586084215726285E-01  5.27020314328117689E-01  7.68172563713606735E-04  1.62794951597676377E-03  2.15864069242965808E-06
  674.000000  3.09041123251257545E+02  2.36368500102559892E+02  6.01397720592697560E+00  6.60223186681022440E+01  1.22584184083877556E-01  5.11425065364878639E-01  7.45411757638752594E-04  1.57053098649266522E-03  2.08247547326846014E-06
  676.000000  3.04667891589700332E+02  2.33667772073726155E+02  5.90814942333468984E+00  6.44736876379573687E+01  1.19668997016409026E-01  4.96372610397790626E-01  7.23426775303471483E-04  1.51541118066903825E-03  2.00931194419212454E-06
  678.000000  3.00395909929004802E+02  2.31019861213576405E+02  5.80483382904215794E+00  6.29703695962907730E+01  1.16837578375267648E-01  4.81841098437278792E-01  7.02187615578037387E-04  1.46248664827180325E-03  1.93901908570856474E-06
  680.000000  2.96222047767608728E+02  2.28423335221145862E+02  5.70395626772570186E+00  6.15107643020262813E+01  1.14087099019067634E-01  4.67809681511633269E-01  6.81665579899261233E-04  1.41165912806917202E-03  1.87147216955114289E-06
  682.000000  2.92143294226577098E+02  2.25876811247872411E+02  5.60544521647553129E+00  6.00933379842225577E+01  1.11414840140301466E-01  4.54258462844520927E-01  6.61833209301395786E-04  1.36283526004132328E-03  1.80655242821175083E-06
  684.000000  2.88156752655461389E+02  2.23378953844360012E+02  5.50923167486320597E+00  5.87166201651802169E+01  1.08818188361231666E-01  4.41168448010038128E-01  6.42664224810875900E-04  1.31592631510242379E-03  1.74414674336777451E-06
  686.000000  2.84259635516428887E+02  2.20928473005603792E+02  5.41524906036200893E+00  5.73792006549493152E+01  1.06294631077186522E-01  4.28521498877022511E-01  6.24133471011218766E-04  1.27084794117424908E-03  1.68414735204146113E-06
  688.000000  2.80449259530573215E+02  2.18524122309440372E+02  5.32343310871911424E+00  5.60797267069775032E+01  1.03841752029964068E-01  4.16300290167568310E-01  6.06216862587664949E-04  1.22751992453449003E-03  1.62645156938342406E-06
  690.000000  2.76723041071271780E+02  2.16164697143046169E+02  5.23372177908966663E+00  5.48169003253076426E+01  1.01457227101064668E-01  4.04488268466568102E-01  5.88891333684100665E-04  1.18586596543934840E-03  1.57096152707834013E-06
  692.000000  2.73078491790643568E+02  2.13849033012964128E+02  5.14605516365540083E+00  5.35894757143412548E+01  9.91388203117357508E-02  3.93069613530093898E-01  5.72134789906171039E-04  1.14581346709049592E-03  1.51758392640731063E-06
  694.000000  2.69513214465950909E+02  2.11576003934282198E+02  5.06037540146949372E+00  5.23962568628001435E+01  9.68843800184455706E-02  3.82029201750931191E-01  5.55926062822053430E-04  1.10729333708259868E-03  1.46622980508522364E-06
  696.000000  2.66024899053355398E+02  2.09344520894612515E+02  4.97662659630470205E+00  5.12360952540146641E+01  9.46918352930417317E-02  3.71352571648796703E-01  5.40244866813079051E-04  1.07023980052723842E-03  1.41681431702933686E-06
  698.000000  2.62611318937599435E+02  2.07153530389076877E+02  4.89475473832524433E+00  5.01078876952185936E+01  9.25591924780018033E-02  3.61025891261953835E-01  5.25071758147172972E-04  1.03459022410598567E-03  1.36925652429550503E-06
  700.000000  2.59270327366798938E+02  2.05002013022718529E+02  4.81470762937065100E+00  4.90105742589517561E+01  9.04845319075410354E-02  3.51035927324815866E-01  5.10388096147341031E-04  1.00028495035623765E-03  1.32347920045148915E-06
  702.000000  2.55999854061825971E+02  2.02888982176637001E+02  4.73643481158275748E+00  4.79431363301417761E+01  8.84660047839877506E-02  3.41370016123940523E-01  4.96176006331893317E-04  9.67267141541950856E-04  1.27940864469265823E-06
  704.000000  2.52797901990975305E+02  2.00813482734689842E+02  4.65988749936795887E+00  4.69045947528292686E+01  8.65018302039383263E-02  3.32016035931875841E-01  4.82418345427248737E-04  9.35482632505670736E-04  1.23697450608897491E-06
  706.000000  2.49662544300696595E+02  1.98774589867629402E+02  4.58501851437276375E+00  4.58940080708758558E+01  8.45902923241331067E-02  3.22962380924773806E-01  4.69098668141165428E-04  9.04879791939181910E-04  1.19610961734429890E-06
  708.000000  2.46591921393992266E+02  1.96771407871777456E+02  4.51178222336586821E+00  4.49104708573559108E+01  8.27297376601357354E-02  3.14197936495930641E-01  4.56201195599820566E-04  8.75409391548472309E-04  1.15674983752347009E-06
  710.000000  2.43584238148533103E+02  1.94803069059498739E+02  4.44013447889673785E+00  4.39531121276415107E+01  8.09185725113440307E-02  3.05712055882903788E-01  4.43710785360690969E-04  8.47024482623572007E-04  1.11883390321513752E-06
  712.000000  2.40637761267042464E+02  1.92868732698833128E+02  4.37003256264673734E+00  4.30210938315392255E+01  7.91552605061363601E-02  2.97494538031459199E-01  4.31612902914940407E-04  8.19680279557555096E-04  1.08230328765524241E-06
  714.000000  2.37750816752461191E+02  1.90967583999651197E+02  4.30143513111511933E+00  4.21136094200653730E+01  7.74383202588599107E-02  2.89535606624092612E-01  4.19893594591744181E-04  7.93334049888094772E-04  1.04710206732657173E-06
  716.000000  2.34921787502058834E+02  1.89098833144459604E+02  4.23430216384241476E+00  4.12298824827660582E+01  7.57663231358564337E-02  2.81825890205834984E-01  4.08539461798642051E-04  7.67945010464431534E-04  1.01317679563192966E-06
  718.000000  2.32149111013579812E+02  1.87261714361264012E+02  4.16859491380857605E+00  4.03691654516980378E+01  7.41378911228492699E-02  2.74356403344008848E-01  3.97537636519257819E-04  7.43474229367912512E-04  9.80476383218450602E-07
  720.000000  2.29431277197630408E+02  1.85455485036443179E+02  4.10427585993943289E+00  3.95307383684527309E+01  7.25516947890202657E-02  2.67118528762826102E-01  3.86875758001520883E-04  7.19884533239314311E-04  9.48951984576831483E-07
  722.000000  2.26766826291075404E+02  1.83679424865866622E+02  4.04130866173917980E+00  3.87139077108017915E+01  7.10064513434049971E-02  2.60104000397264556E-01  3.76541950577156199E-04  6.97140419688457879E-04  9.18556890566737869E-07
  724.000000  2.24154346865947929E+02  1.81932835042327838E+02  3.97965811576545114E+00  3.79180052757387500E+01  6.95009227783472960E-02  2.53304887314039662E-01  3.66524802545967253E-04  6.75207974482419171E-04  8.89246426524733368E-07
  726.000000  2.21592473928988284E+02  1.80215037477379724E+02  3.91929011402530092E+00  3.71423871159190142E+01  6.80339140961113836E-02  2.46713578451005749E-01  3.56813346076554066E-04  6.54054793229084139E-04  8.60977855648899472E-07
  728.000000  2.19079887107230689E+02  1.78525374056140663E+02  3.86017160406067195E+00  3.63864325266307915E+01  6.66042716139884083E-02  2.40322768128945485E-01  3.47397038061668557E-04  6.33649907289976890E-04  8.33710287358469956E-07
  730.000000  2.16615308915241570E+02  1.76863205923329929E+02  3.80227055077335852E+00  3.56495430806402922E+01  6.52108813449976121E-02  2.34125442292856201E-01  3.38265741887579284E-04  6.13963713674214699E-04  8.07404590359169727E-07
  732.000000  2.14197503099813531E+02  1.75227912799136789E+02  3.74555589977392867E+00  3.49311417083695588E+01  6.38526674490705048E-02  2.28114865442143155E-01  3.29409710059033127E-04  5.94967908680378186E-04  7.82023310143368321E-07
  734.000000  2.11825273058306550E+02  1.73618892323474142E+02  3.68999754229340304E+00  3.42306718210512884E+01  6.25285907524881918E-02  2.22284568211890243E-01  3.20819567647888349E-04  5.76635425068662924E-04  7.57530590691758524E-07
  736.000000  2.09497460326804429E+02  1.72035559427215389E+02  3.63556628151819217E+00  3.35475964746087030E+01  6.12376473316011208E-02  2.16628335569377745E-01  3.12486296511173310E-04  5.58940372558625184E-04  7.33892100134850091E-07
  738.000000  2.07212943134814736E+02  1.70477345729320405E+02  3.58223380031190519E+00  3.28813975721553504E+01  5.99788671580472194E-02  2.11140195592350227E-01  3.04401220248808654E-04  5.41857981461175541E-04  7.11074960167404594E-07
  740.000000  2.04970635023094218E+02  1.68943698958521509E+02  3.52997263025891561E+00  3.22315751031271844E+01  5.87513128023122513E-02  2.05814408797451887E-01  2.96555989856825246E-04  5.25364549265153061E-04  6.89047679004913046E-07
  742.000000  2.02769483521336099E+02  1.67434082398319674E+02  3.47875612192341999E+00  3.15976464171711378E+01  5.75540781925516221E-02  2.00645457989154619E-01  2.88942570043256182E-04  5.09437390010049600E-04  6.67780087690493066E-07
  744.000000  2.00608468883207877E+02  1.65947974354553253E+02  3.42855841635940761E+00  3.09791455310113122E+01  5.63862874270025724E-02  1.95628038601175502E-01  2.81553226174746987E-04  4.94054786286690010E-04  6.47243279578359285E-07
  746.000000  1.98486602875488387E+02  1.64484867644128485E+02  3.37935441772110945E+00  3.03756224666332422E+01  5.52470936363294168E-02  1.90757049504139881E-01  2.74380511818562804E-04  4.79195943717597797E-04  6.27409552811721355E-07
  748.000000  1.96402927619047148E+02  1.63044269104256500E+02  3.33111976698630219E+00  2.97866426191985170E+01  5.41356778941819716E-02  1.86027584254670530E-01  2.67417256853443508E-04  4.64840947777653128E-04  6.08252355645977425E-07
  750.000000  1.94356514478838449E+02  1.61625699120989793E+02  3.28383081668238530E+00  2.92117861532049794E+01  5.30512481735175706E-02  1.81434922762591211E-01  2.60656556118943382E-04  4.50970722824223789E-04  5.89746234457397839E-07
  752.000000  1.92346463000855550E+02  1.60228691176375605E+02  3.23746460667452718E+00  2.86506474254856478E+01  5.19930383468896889E-02  1.76974523354256036E-01  2.54091758578419986E-04  4.37566993213846418E-04  5.71866784301134697E-07
  754.000000  1.90371899893705688E+02  1.58852791413450404E+02  3.19199884081889218E+00  2.81028344337035776E+01  5.09603072276962263E-02  1.72642015211219330E-01  2.47716456967742331E-04  4.24612246389742640E-04  5.54590601877191821E-07
  756.000000  1.88431978052637533E+02  1.57497558218040126E+02  3.14741186460491118E+00  2.75679682891047690E+01  4.99523376519364140E-02  1.68433191164803681E-01  2.41524477908428503E-04  4.12089697831837160E-04  5.37895240784876039E-07
  758.000000  1.86525875623999980E+02  1.56162561816764537E+02  3.10368264359836932E+00  2.70456827123223285E+01  4.89684355972893962E-02  1.64344000828050452E-01  2.35509872461669788E-04  3.99983257766863432E-04  5.21759168940257216E-07
  760.000000  1.84652795108423078E+02  1.54847383890594870E+02  3.06079074276024476E+00  2.65356235511133107E+01  4.80079293385850675E-02  1.60370544047679919E-01  2.29666907100056669E-04  3.88277499542559739E-04  5.06161728045692765E-07
  762.000000  1.82811962500658382E+02  1.53551617203105252E+02  3.01871630652118528E+00  2.60374483189668950E+01  4.70701686376251774E-02  1.56509064659692970E-01  2.23990055080005446E-04  3.76957629575603323E-04  4.91083095006002424E-07
  764.000000  1.81002626464636705E+02  1.52274865242962619E+02  2.97744003965454551E+00  2.55508257535690184E+01  4.61545239662463705E-02  1.52755944533056881E-01  2.18473988192689143E-04  3.66009458788024049E-04  4.76504245188655630E-07
  766.000000  1.79224057541934627E+02  1.51016741879929896E+02  2.93694318883412331E+00  2.50754353941721355E+01  4.52603857603480000E-02  1.49107697886876056E-01  2.13113568876351886E-04  3.55419375452047429E-04  4.62406917432802982E-07
  768.000000  1.77475547392168522E+02  1.49776871033761722E+02  2.89720752492805467E+00  2.46109671769713465E+01  4.43871637045173614E-02  1.45560965867252090E-01  2.07903842673909931E-04  3.45174319367940255E-04  4.48773580721118936E-07
  770.000000  1.75756408063899158E+02  1.48554886355566168E+02  2.85821532591616290E+00  2.41571210476253988E+01  4.35342860449628513E-02  1.42112511370740546E-01  2.02840031016529354E-04  3.35261757303675825E-04  4.35587402422470279E-07
  772.000000  1.74065971294620027E+02  1.47350430920980216E+02  2.81994936048115585E+00  2.37136065901104871E+01  4.27011989299251743E-02  1.38759214102064543E-01  1.97917524320646019E-04  3.25669659629416791E-04  4.22832218032285489E-07
  774.000000  1.72403587838582524E+02  1.46163156934783160E+02  2.78239287217785813E+00  2.32801426711446204E+01  4.18873657764220683E-02  1.35498065854453426E-01  1.93131875382349593E-04  3.16386478083757739E-04  4.10492502331849551E-07
  776.000000  1.70768626821031972E+02  1.44992725446239433E+02  2.74552956420883154E+00  2.28564570994492193E+01  4.10922666619215823E-02  1.32326166001548673E-01  1.88478793054096711E-04  3.07401124612083462E-04  3.98553341892912885E-07
  778.000000  1.69160475117992320E+02  1.43838806075042271E+02  2.70934358477436721E+00  2.24422862991571535E+01  4.03153977402734981E-02  1.29240717190442722E-01  1.83954136193474908E-04  2.98702951220917545E-04  3.87000408863712411E-07
  780.000000  1.67578536760068516E+02  1.42701076747097090E+02  2.67381951289642572E+00  2.20373749967105468E+01  3.95562706799056363E-02  1.26239021225981685E-01  1.79553907867791842E-04  2.90281730795269115E-04  3.75819935968670229E-07
  782.000000  1.66022232359592778E+02  1.41579223439981092E+02  2.63894234483135115E+00  2.16414759206312723E+01  3.88144121246980708E-02  1.23318475137001629E-01  1.75274249805474242E-04  2.82127638829022143E-04  3.64998692664888854E-07
  784.000000  1.64490998559766524E+02  1.40472939937481215E+02  2.60469748093001296E+00  2.12543495135673908E+01  3.80893631751716005E-02  1.20476567415628247E-01  1.71111437080655247E-04  2.74231236021106140E-04  3.54523962392839693E-07
  786.000000  1.62984287505089782E+02  1.39381927593020237E+02  2.57107071299101930E+00  2.08757636560587514E+01  3.73806788902640366E-02  1.17710874421282322E-01  1.67061873022498049E-04  2.66583451692946479E-04  3.44383520872022723E-07
  788.000000  1.61501566331931684E+02  1.38305895101426131E+02  2.53804821204945830E+00  2.05054934014888026E+01  3.66879278079107404E-02  1.15019056941455089E-01  1.63122084336854016E-04  2.59175567985110277E-04  3.34565615387847373E-07
  790.000000  1.60042316678570870E+02  1.37244558278865384E+02  2.50561651662293361E+00  2.01433207217164458E+01  3.60106914842145548E-02  1.12398856901729363E-01  1.59288716431561534E-04  2.51999204793368012E-04  3.25058945019813647E-07
  792.000000  1.58606034213742987E+02  1.36197639850519295E+02  2.47376252136090757E+00  1.97890342629076876E+01  3.53485640501857989E-02  1.09848094217930889E-01  1.55558528936360589E-04  2.45046305406640093E-04  3.15852641766968386E-07
  794.000000  1.57192228182897850E+02  1.35164869245667660E+02  2.44247346610018212E+00  1.94424291111105916E+01  3.47011517853332910E-02  1.07364663783654654E-01  1.51928391407928488E-04  2.38309122811320112E-04  3.06936252526307605E-07
  796.000000  1.55800420971487483E+02  1.34145982399965192E+02  2.41173692530303097E+00  1.91033065671395832E+01  3.40680727073805617E-02  1.04946532586762675E-01  1.48395279211705600E-04  2.31780206628408482E-04  2.98299721880750164E-07
  798.000000  1.54430147684536081E+02  1.33140721564592582E+02  2.38154079786683814E+00  1.87714739303568265E+01  3.34489561774325012E-02  1.02591736948793366E-01  1.44956269573869479E-04  2.25452390651749782E-04  2.89933375661268315E-07
  800.000000  1.53080955741729753E+02  1.32148835121949560E+02  2.35187329727569239E+00  1.84467442909563530E+01  3.28434425199876784E-02  1.00298379881498048E-01  1.41608537793211782E-04  2.19318780957303115E-04  2.81827905240910570E-07
  802.000000  1.51752404487528707E+02  1.31170077407717372E+02  2.32272294214501107E+00  1.81289363303813431E+01  3.22511826573399080E-02  9.80646285550755836E-02  1.38349353609497301E-04  2.13372744555132666E-04  2.73974352531296250E-07
  804.000000  1.50444064815458859E+02  1.30204208538976673E+02  2.29407854699675839E+00  1.78178741295150829E+01  3.16718377571384158E-02  9.58887118728842386E-02  1.35176077716921367E-04  2.07607898557158428E-04  2.66364095641338767E-07
  806.000000  1.49155518806278110E+02  1.29250994248228949E+02  2.26592921345077913E+00  1.75133869843099568E+01  3.11050788935713467E-02  9.37689181477268513E-02  1.32086158420708499E-04  2.02018099835291228E-04  2.58988835172785272E-07
  808.000000  1.47886359379088873E+02  1.28310205722896058E+02  2.23826432166130740E+00  1.72153092285316802E+01  3.05505867205972739E-02  9.17035928750262741E-02  1.29077128426747709E-04  1.96597435145840464E-04  2.51840581117697770E-07
  810.000000  1.46636189955254139E+02  1.27381619450399853E+02  2.21107352205917262E+00  1.69234800633139137E+01  3.00080511576234533E-02  8.96911365984625619E-02  1.26146601761651083E-04  1.91340211697429193E-04  2.44911640332967547E-07
  812.000000  1.45404624134276901E+02  1.26465017068310658E+02  2.18434672737498481E+00  1.66377433932276269E+01  2.94771710862375483E-02  8.77300028638276636E-02  1.23292270814359190E-04  1.86240948140743658E-04  2.38194604560522110E-07
  814.000000  1.44191285381224986E+02  1.25560185219452251E+02  2.15807410491456730E+00  1.63579476685909455E+01  2.89576540582611695E-02  8.58186962571188677E-02  1.20511903496746696E-04  1.81294365959736720E-04  2.31682338971462145E-07
  816.000000  1.42995806725500501E+02  1.24666915411979744E+02  2.13224606914039372E+00  1.60839457337529765E+01  2.84492160146023639E-02  8.39557705230441348E-02  1.17803340516905089E-04  1.76495381244833673E-04  2.25367971207716127E-07
  818.000000  1.41817830469994277E+02  1.23785003883854756E+02  2.10685327443276149E+00  1.58155946810982648E+01  2.79515810137365879E-02  8.21398267603202087E-02  1.15164492759332087E-04  1.71839096829784119E-04  2.19244880897157171E-07
  820.000000  1.40657007910745932E+02  1.22914251471947011E+02  2.08188660816487081E+00  1.55527557105328409E+01  2.74644809706482348E-02  8.03695116903275081E-02  1.12593338770025525E-04  1.67320794774732237E-04  2.13306689622906629E-07
  822.000000  1.39512999066235182E+02  1.22054463485279655E+02  2.05733718393681819E+00  1.52952939942195645E+01  2.69876554045305576E-02  7.86435159958272234E-02  1.10087922338115190E-04  1.62935929178948855E-04  2.07547251321713049E-07
  824.000000  1.38385472416272506E+02  1.21205449582482572E+02  2.03319633509037523E+00  1.50430785463468819E+01  2.65208511958964742E-02  7.69605727266513273E-02  1.07646350174064406E-04  1.58680119307601605E-04  2.01960643095815460E-07
  826.000000  1.37274104649875426E+02  1.20367023653151648E+02  2.00945560840861637E+00  1.47959820977197385E+01  2.60638223522074337E-02  7.53194557693805944E-02  1.05266789677554268E-04  1.54549143017653412E-04  1.96541156416202976E-07
  828.000000  1.36178580421886664E+02  1.19539003703055641E+02  1.98610675801554248E+00  1.45538809749749163E+01  2.56163297818620891E-02  7.37189783781969504E-02  1.02947466791773192E-04  1.50538930468786195E-04  1.91283288700429800E-07
  830.000000  1.35098592117940626E+02  1.18721211742966773E+02  1.96314173950051818E+00  1.43166549842292845E+01  2.51781410760841991E-02  7.21579917642265478E-02  1.00686663941328204E-04  1.46645558105971339E-04  1.86181735248161553E-07
  832.000000  1.34033839627514453E+02  1.17913473681094615E+02  1.94055270420720705E+00  1.40841872989808827E+01  2.47490302985952752E-02  7.06353837408134899E-02  9.84827180493840545E-05  1.42865242900961032E-04  1.81231381516941106E-07
  834.000000  1.32984030124699387E+02  1.17115619218898814E+02  1.91833199372694052E+00  1.38563643520858832E+01  2.43287777826851521E-02  6.91500774222781195E-02  9.63340186311134464E-05  1.39194336840607933E-04  1.76427295724840802E-07
  836.000000  1.31948877856365812E+02  1.16327481750164338E+02  1.89647213454812458E+00  1.36330757316520010E+01  2.39171699351529363E-02  6.77010299738690507E-02  9.42390059600355285E-05  1.35629321650603002E-04  1.71764721762104471E-07
  838.000000  1.30928103937511139E+02  1.15548898263263425E+02  1.87496583289200358E+00  1.34142140806855643E+01  2.35139990473481157E-02  6.62872314106732752E-02  9.21961693040479908E-05  1.32166803743694749E-04  1.67239072400599285E-07
  840.000000  1.29921436153561302E+02  1.14779709246542609E+02  1.85380596972301004E+00  1.31996750003391075E+01  2.31190631126889333E-02  6.49077034433753752E-02  9.02040452295894751E-05  1.28803509382030974E-04  1.62845922787097991E-07
  842.000000  1.28928608769054534E+02  1.14019758596454437E+02  1.83298559587975562E+00  1.29893569566240874E+01  2.27321656503132671E-02  6.35614983688939789E-02  8.82612159687257191E-05  1.25536280043864412E-04  1.58581004206067469E-07
  844.000000  1.27949362342967930E+02  1.13268893528764465E+02  1.81249792740952320E+00  1.27831611904389746E+01  2.23531155349971020E-02  6.22476980039321157E-02  8.63663078486136591E-05  1.22362067985167915E-04  1.54440198101346541E-07
  846.000000  1.26983443549966324E+02  1.12526964492341222E+02  1.79233634099973260E+00  1.25809916307915248E+01  2.19817268328747241E-02  6.09654126596649790E-02  8.45179897800946942E-05  1.19277931987383620E-04  1.50419530345691624E-07
  848.000000  1.26030605007605956E+02  1.11793825085608376E+02  1.77249436959757189E+00  1.23827548110813606E+01  2.16178186426267578E-02  5.97137801557904441E-02  8.27149718027687036E-05  1.16281033282775455E-04  1.46515165745536564E-07
  850.000000  1.25090605109232314E+02  1.11069331975598629E+02  1.75296569813422964E+00  1.21883597883260606E+01  2.12612149423350959E-02  5.84919648722984076E-02  8.09560036845051635E-05  1.13368631649382243E-04  1.42723402771327474E-07
  852.000000  1.24163207862302244E+02  1.10353344819415099E+02  1.73374415939811066E+00  1.19977180652145474E+01  2.09117444412099084E-02  5.72991568373750343E-02  7.92398735731071266E-05  1.10538081667937378E-04  1.39040668504391994E-07
  854.000000  1.23248182731963837E+02  1.09645726188067897E+02  1.71482373003184940E+00  1.18107435148781601E+01  2.05692404366610120E-02  5.61345708499308149E-02  7.75654066982027235E-05  1.07786829133468088E-04  1.35463513789132854E-07
  856.000000  1.22345304489736037E+02  1.08946341492640613E+02  1.69619852665270909E+00  1.16273523082711581E+01  2.02335406758971346E-02  5.49974456353023999E-02  7.59314641208068115E-05  1.05112407614649410E-04  1.31988608582961041E-07
  858.000000  1.21454353066971208E+02  1.08255058912585298E+02  1.67786280207855043E+00  1.14474628440629722E+01  1.99044872222257987E-02  5.38870430327630170E-02  7.43369415290640788E-05  1.02512435154340442E-04  1.28612737493705899E-07
  860.000000  1.20575113413186585E+02  1.07571749326280383E+02  1.65981094171200350E+00  1.12709956809425442E+01  1.95819263261399513E-02  5.28026472135182529E-02  7.27807680789186411E-05  9.99846111050250330E-05  1.25332795499528680E-07
  862.000000  1.19707375358691650E+02  1.06896286243482450E+02  1.64203745997143247E+00  1.10978734722455243E+01  1.92657083001475694E-02  5.17435639279447482E-02  7.12619052761571996E-05  9.75267130931992094E-05  1.22145783838616425E-07
  864.000000  1.18850933481804475E+02  1.06228545739935328E+02  1.62453699689031961E+00  1.09280209028109390E+01  1.89556873982232171E-02  5.07091197808522132E-02  6.97793459001266539E-05  9.51365941069928550E-05  1.19048806066262984E-07
  866.000000  1.18005586980125230E+02  1.05568406393795840E+02  1.60730431477940572E+00  1.07613646279856123E+01  1.86517216990063350E-02  4.96986615336400261E-02  6.83321129661378231E-05  9.28121797016270378E-05  1.16039064267978558E-07
  868.000000  1.17171139545899649E+02  1.04915749223929026E+02  1.59033429501142964E+00  1.05978332146960472E+01  1.83536729929725598E-02  4.87115554322576014E-02  6.69192587259985391E-05  9.05514653175742203E-05  1.13113855425595827E-07
  870.000000  1.16347399245319536E+02  1.04270457630051112E+02  1.57362193488239166E+00  1.04373570845050363E+01  1.80614066731221816E-02  4.77471865599001233E-02  6.55398637036910163E-05  8.83525137064407860E-05  1.10270567925920421E-07
  872.000000  1.15534178401569520E+02  1.03632417334551235E+02  1.55716234459629921E+00  1.02798684585840832E+01  1.77747916295301622E-02  4.68049582134730940E-02  6.41930357673686270E-05  8.62134524599673160E-05  1.07506678210095863E-07
  874.000000  1.14731293481489914E+02  1.03001516326015519E+02  1.54095074430020440E+00  1.01253013045237132E+01  1.74937001470335633E-02  4.58842913028302268E-02  6.28779092328516487E-05  8.41324716375962332E-05  1.04819747553419885E-07
  876.000000  1.13938564985806934E+02  1.02377644804389206E+02  1.52498246124706105E+00  9.97359128491935820E+00  1.72180078064900384E-02  4.49846237719121814E-02  6.15936440008431904E-05  8.21078214884296000E-05  1.02207418973532888E-07
  878.000000  1.13155817342659489E+02  1.01760695127650990E+02  1.50925292701366831E+00  9.82467570766246645E+00  1.69475933890874397E-02  4.41054100408835373E-02  6.03394247238680880E-05  8.01378102634677392E-05  9.96674142598309115E-08
  880.000000  1.12382878804502099E+02  1.01150561760096082E+02  1.49375767481884969E+00  9.67849347787530156E+00  1.66823387837788488E-02  4.32461204684422285E-02  5.91144600032890918E-05  7.82208021142715484E-05  9.71975311189601797E-08
  882.000000  1.11619581348025619E+02  1.00547141221977199E+02  1.47849233689669268E+00  9.53498505142819752E+00  1.64221288977034960E-02  4.24062408335006205E-02  5.79179816146836696E-05  7.63552150743542510E-05  9.47956404320621642E-08
  884.000000  1.10865760577269029E+02  9.99503320406668081E+01  1.46345264199102720E+00  9.39409238998359264E+00  1.61668515695579801E-02  4.15852718354815729E-02  5.67492437609127965E-05  7.45395191197988500E-05  9.24596836192407972E-08
  886.000000  1.10121259326370179E+02  9.93600347030807143E+01  1.44863441286030170E+00  9.25575891750604107E+00  1.59163974854427334E-02  4.07864254253535660E-02  5.56075903522974271E-05  7.27722343056977692E-05  9.01876701054031329E-08
  888.000000  1.09385912673543828E+02  9.87761516095707179E+01  1.43403356390721393E+00  9.11992947819070920E+00  1.56706600978681818E-02  4.00017296908530690E-02  5.44921798109307249E-05  7.10519289752587326E-05  8.79776748855665182E-08
  890.000000  1.08659570359470194E+02  9.81985870289791478E+01  1.41964609886147630E+00  8.98655029575430220E+00  1.54295355468251783E-02  3.92345348825840004E-02  5.34023999887510320E-05  6.93772180384769592E-05  8.58278361831969542E-08
  892.000000  1.07942081584800803E+02  9.76272470549689046E+01  1.40546810850592019E+00  8.85556893404151602E+00  1.51929225836708350E-02  3.84843966153007033E-02  5.23375878319937650E-05  6.77467613174650144E-05  8.37363531988092996E-08
  894.000000  1.07233298734789088E+02  9.70620395636312878E+01  1.39149576851339596E+00  8.72693425889958263E+00  1.49607224974376805E-02  3.77508831845911608E-02  5.12970993537342516E-05  6.61592619556574573E-05  8.17014839455889794E-08
  896.000000  1.06533077298437448E+02  9.65028741721624215E+01  1.37772533729847946E+00  8.60059640127363423E+00  1.47328390431274176E-02  3.70335751643094124E-02  5.02803090299056891E-05  6.46134648882110293E-05  7.97215431672665614E-08
  898.000000  1.05841275790085049E+02  9.59496621986900209E+01  1.36415315396252135E+00  8.47650672148224160E+00  1.45091783726718042E-02  3.63320650181130980E-02  4.92866092167413601E-05  6.31081553710631488E-05  7.77949003355142609E-08
  900.000000  1.05157755673381160E+02  9.54023166232823314E+01  1.35077563629182040E+00  8.35461777462760580E+00  1.42896489677531748E-02  3.56459567245539996E-02  4.83154095881971338E-05  6.16421575662148266E-05  7.59199777239263998E-08
