# Wavelength || Total || n=1 | n=2 | ...
  300.000000  5.40185355184571449E+02  2.26449147950643237E+00  2.98691822973214528E+02  2.04360654313839490E+02  2.33162520325871547E+01  1.08076869041811143E+01  5.70594942916933134E-01  1.66659973349020829E-01  7.19256497674929454E-03
  302.000000  5.60559839279051516E+02 -4.16263244764377305E+00  3.15326359990534968E+02  2.13382373427753123E+02  2.41784356832012790E+01  1.10756681513815671E+01  5.83876524299548061E-01  1.68493007248458060E-01  7.26494227626372623E-03
  304.000000  5.82009294159934484E+02 -1.08199139319008282E+01  3.32880593867184075E+02  2.22737761664144216E+02  2.50855942363856421E+01  1.13494833402178443E+01  5.98057134068151530E-01  1.70369992044616697E-01  7.34785779086380604E-03
  306.000000  6.04615732813902696E+02 -1.77103868413087184E+01  3.51417659878117661E+02  2.32443842436860677E+02  2.60418876863161337E+01  1.16297560626983429E+01  6.13230775860905575E-01  1.72300555888720952E-01  7.44225946908703365E-03
  308.000000  6.28470052942668985E+02 -2.48374387630315141E+01  3.71007584198426173E+02  2.42519344585832869E+02  2.70520364995544433E+01  1.19171768814489099E+01  6.29505024741535024E-01  1.74295269244409051E-01  7.54924645210277353E-03
  310.000000  6.53673379830838144E+02 -3.22047733046888425E+01  3.91728273815639170E+02  2.52984907466057734E+02  2.81214184317616400E+01  1.22125139288899849E+01  6.47003548382645066E-01  1.76365846898366596E-01  7.67009789744013595E-03
  312.000000  6.80338682999257458E+02 -3.98163507703188770E+01  4.13666694046223256E+02  2.63863325742716597E+02  2.92561868761736115E+01  1.25166261712004392E+01  6.65869219547835955E-01  1.78525404856927805E-01  7.80630885766093584E-03
  314.000000  7.08592738169165500E+02 -4.76762994215787330E+01  4.36920279695011175E+02  2.75179844749640722E+02  3.04634165878716132E+01  1.28304801443255823E+01  6.86267988562337838E-01  1.80788790011878336E-01  7.95963532089332196E-03
  316.000000  7.38578528981182558E+02 -5.57887864101526247E+01  4.61598639632595564E+02  2.86962521056965784E+02  3.17512845230865963E+01  1.31551712773560805E+01  7.08393742341720145E-01  1.83173007705302870E-01  8.13215128417176490E-03
  318.000000  7.70458214596182074E+02 -6.41578329239805498E+01  4.87825633136625811E+02  2.99242668300718492E+02  3.31292961530913885E+01  1.34919513667640256E+01  7.32474458108148041E-01  1.85697783026770230E-01  8.32632182796361545E-03
  320.000000  8.04416833689608211E+02 -7.27870513839698106E+01  5.15741921709256530E+02  3.12055416170379260E+02  3.46085712832030126E+01  1.38422644285155130E+01  7.58780076681970228E-01  1.88386307776318679E-01  8.54509776551577206E-03
  322.000000  8.40666978636658996E+02 -8.16792724342449219E+01  5.45508135106533700E+02  3.25440422028995499E+02  3.62022086255843192E+01  1.42077941563341597E+01  7.87632690349285070E-01  1.91266249724664328E-01  8.79221338239496303E-03
  324.000000  8.79454763701898855E+02 -9.08360139556007198E+01  5.77308839232747800E+02  3.39442792064866808E+02  3.79257559134222433E+01  1.45905277571075374E+01  8.19419893120318821E-01  1.94371139509640828E-01  9.07165672527520187E-03
  326.000000  9.21067549049363720E+02 -1.00256719895204697E+02  6.11357562715090580E+02  3.54114295650809254E+02  3.97978234362778593E+01  1.49928433662643013E+01  8.54612525447429161E-01  1.97742312606616483E-01  9.38893807237095417E-03
  328.000000  9.65844078372343347E+02 -1.09937657124155521E+02  6.47903238053822065E+02  3.69514998695406121E+02  4.18408955386945749E+01  1.54176321768640676E+01  8.93788644692564582E-01  2.01431686027246037E-01  9.75070099220242889E-03
  330.000000  1.01418800548876322E+03 -1.19870292277787485E+02  6.87238557204970903E+02  3.85715509685849895E+02  4.40824202558579969E+01  1.58684729486071134E+01  9.37666515101413744E-01  2.05505822477639433E-01  1.01653336857698718E-02
  332.000000  1.06658627552925532E+03 -1.30038855310391227E+02  7.29710953880668853E+02  4.02800144761205502E+02  4.65562977918576166E+01  1.63498877564783029E+01  9.87151010812999385E-01  2.10052037074816345E-01  1.06436015484542689E-02
  334.000000  1.12363463805170386E+03 -1.40416586882084630E+02  7.75737243667197390E+02  4.20871510809458584E+02  4.93049547411484639E+01  1.68677276810048760E+01  1.04340059268919672E+00  2.15187848602400617E-01  1.11995936873204877E-02
  336.000000  1.18607395462706313E+03 -1.50959764707624345E+02  8.25823440627283617E+02  4.40057346457269773E+02  5.23823032529834620E+01  1.74297736632302396E+01  1.10792703424577343E+00  2.21076105307028231E-01  1.18521943674938859E-02
  338.000000  1.25484345114079247E+03 -1.61597784639851852E+02  8.80592030264256209E+02  4.60521086817125536E+02  5.58580836131060110E+01  1.80467078149318958E+01  1.18274965969952417E+00  2.27950132385871890E-01  1.26274791393693447E-02
  340.000000  1.33116179571180896E+03 -1.72215789367762227E+02  9.40820191774462501E+02  4.82478815154002518E+02  5.98244614695872627E+01  1.87337511213602532E+01  1.27064532002830388E+00  2.36157398119213630E-01  1.35628420108601221E-02
  342.000000  1.41665638880584925E+03 -1.82622261176604297E+02  1.00749440811411250E+03  5.06227660075474034E+02  6.44064912106578475E+01  1.95135595613397150E+01  1.37557726013580250E+00  2.46239171738299623E-01  1.47145889955250346E-02
  344.000000  1.51358026098016171E+03 -1.92485248295814017E+02  1.08188976098467424E+03  5.32195768496589835E+02  6.97796210979026199E+01  2.04216226966274412E+01  1.50347913611500905E+00  2.59083932379511606E-01  1.61729316869662874E-02
  346.000000  1.62518367521193704E+03 -2.01212256939461440E+02  1.16568432073507620E+03  5.61035780776426350E+02  7.62008764877072053E+01  2.15168751141531907E+01  1.66374652994631522E+00  2.76239325531401514E-01  1.80931825577991326E-02
  348.000000  1.75630203379195723E+03 -2.07791424147639191E+02  1.26111534440969331E+03  5.93814516631490847E+02  8.40676308652128341E+01  2.29030316039923498E+01  1.87157867735142136E+00  3.00617657659239201E-01  2.07380941964819578E-02
  350.000000  1.91414622946146255E+03 -2.10768987015133462E+02  1.37118783670561288E+03  6.32433582477215054E+02  9.40197609065441782E+01  2.47640370792006657E+01  2.14782390376121191E+00  3.37922645113757025E-01  2.42527591478111579E-02
  352.000000  2.10938474546665884E+03 -2.08508428560762695E+02  1.50001597205819871E+03  6.80619720683968353E+02  1.06954400187351126E+02  2.73639046069837413E+01  2.51835043356534038E+00  3.92208032507433080E-01  2.86180248469335187E-02
  354.000000  2.35639940882535529E+03 -2.01458226538972667E+02  1.65341818039313944E+03  7.46205758683369709E+02  1.23729427034567010E+02  3.10036838385907707E+01  3.01128222487149833E+00  4.54800914080280505E-01  3.45022757093405713E-02
  356.000000  2.68520348247874108E+03 -1.85817301449851584E+02  1.84064750081562397E+03  8.42454141729541107E+02  1.46770918138087666E+02  3.68265785163405823E+01  3.72533473287422101E+00  5.52772759747359066E-01  4.35372363771285090E-02
  358.000000  3.11097034698710604E+03 -1.60636368604342351E+02  2.07615624387477419E+03  9.66415772507791871E+02  1.78331671720211375E+02  4.52005796681106560E+01  4.73153206564512274E+00  7.14373668763932823E-01  5.65420861509045025E-02
  360.000000  3.52436506542343432E+03 -1.64068740732134756E+02  2.38661584562309781E+03  1.03667792094549600E+03  2.09431089799709127E+02  4.93616549658158590E+01  5.49055321334437885E+00  7.92240297368506985E-01  6.45013107367794908E-02
  362.000000  3.96903700072031234E+03 -1.83309298922953531E+02  2.81670202881714067E+03  1.04349028638383788E+03  2.38410767219311793E+02  4.71641016499289236E+01  5.79437966371494362E+00  7.21208058658532769E-01  6.35278506728648856E-02
  364.000000  4.69742940241505585E+03 -1.64290207071342593E+02  3.43647819280311705E+03  1.08426128792870986E+03  2.87335684613112903E+02  4.63361972682648258E+01  6.57675310848627515E+00  6.63950659373045537E-01  6.75431053341643411E-02
  366.000000  5.91149836180082912E+03 -8.66148436179264536E+01  4.37547491403851564E+03  1.19083597186011025E+03  3.73144145286272135E+02  4.95884684876054038E+01  8.30939006331144547E+00  6.78247333468859681E-01  8.20683494721370227E-02
  368.000000  7.89606527141655442E+03  7.00681745165729808E+01  5.85175864905262461E+03  1.38694989948189141E+03  5.17069455973509207E+02  5.79408714539224476E+01  1.13949657156890698E+01  7.73155002002260283E-01  1.10100220342092020E-01
  370.000000  1.09366838770706108E+04  2.97682436862411123E+02  8.07883846714219908E+03  1.72260151189523253E+03  7.46349792308409747E+02  7.36684854442356567E+01  1.64127263277401632E+01  9.73879177905463300E-01  1.56577912475784897E-01
  372.000000  1.44194799209260964E+04  4.84806200661518233E+02  1.05694993185260646E+04  2.20697164720277169E+03  1.03663054690916715E+03  9.71040704019410583E+01  2.29641197738581830E+01  1.28591013803277376E+00  2.18107312742170739E-01
  374.000000  1.59764895124439208E+04  6.29718964742221942E+02  1.13869678210649454E+04  2.61593162735837177E+03  1.19827624404403286E+03  1.16841975772382511E+02  2.69366936243782646E+01  1.55992429324995507E+00  2.56261544338728109E-01
  376.000000  1.41453096947287740E+04  6.98223281896371191E+02  9.67569001132384801E+03  2.59106588969916629E+03  1.04370677802940327E+03  1.11417006090279912E+02  2.35103325658722007E+01  1.47349462684123078E+00  2.22900496990072056E-01
  378.000000  1.07562477591794232E+04  5.05762862315448729E+02  7.25023281230016801E+03  2.15834646206146135E+03  7.40878935309753274E+02  8.34588005264072450E+01  1.63604141818946509E+01  1.05436981679281261E+00  1.53102667497843431E-01
  380.000000  8.10905641007392205E+03  2.36975561819403083E+02  5.51741266275191538E+03  1.77813493066825072E+03  5.04621468877343830E+02  6.03668018212595214E+01  1.07373223659387946E+01  7.09206028827408130E-01  9.84557409838756753E-02
  382.000000  6.52272522279485202E+03  2.35897846823645523E+01  4.51284890240291770E+03  1.57134115658141855E+03  3.59424344561480666E+02  4.76599392509712771E+01  7.27837460175902162E+00  5.17687681527274957E-01  6.50330324125456133E-02
  384.000000  5.63078140555331083E+03 -1.29872921425660024E+02  3.96325566082910336E+03  1.47735028229100703E+03  2.73175018632603724E+02  4.11929713738761976E+01  5.21781798103193051E+00  4.17358507065161088E-01  4.52173642840244736E-02
  386.000000  5.14125301199058686E+03 -2.41923312106595404E+02  3.67493324628481378E+03  1.44521822150439493E+03  2.20736131282101098E+02  3.79380909082635611E+01  3.95417513666342835E+00  3.63358445972993993E-01  3.31005349725370795E-02
  388.000000  4.88792784120209217E+03 -3.26836063841143186E+02  3.53925275749733328E+03  1.44783148894779265E+03  1.87799616141381904E+02  3.63744101558375661E+01  3.14687964228423889E+00  3.33389036972607467E-01  2.53636216329423021E-02
  390.000000  4.77942647816688441E+03 -3.93335185948639264E+02  3.49626786047250880E+03  1.47126624010555656E+03  1.66525623747545211E+02  3.57544426220159792E+01  2.61068140396178094E+00  3.16602087127773379E-01  2.02136768072420023E-02
  392.000000  4.76381039674225576E+03 -4.46470838573590299E+02  3.51149292964668120E+03  1.50802720678657101E+03  1.52502228633639476E+02  3.56924825828803804E+01  2.24226527579989199E+00  3.07464956903384823E-01  1.66574333711173236E-02
  394.000000  4.80992151498518433E+03 -4.89067533598372393E+02  3.56379594630416295E+03  1.55378387962807619E+03  1.43134213881267499E+02  3.59763354326648823E+01  1.98157130277015492E+00  3.02980425067434833E-01  1.41216095467087011E-02
  396.000000  4.89784500291817039E+03 -5.22594316956779949E+02  3.63921453472649409E+03  1.60581892240342791E+03  1.36818902419304663E+02  3.64811617059066506E+01  1.79211372733806229E+00  3.01424031457342756E-01  1.22608610227814396E-02
  398.000000  5.01393145495849876E+03 -5.47674056078081776E+02  3.72773311823845052E+03  1.66226402803703695E+03  1.32516666115089464E+02  3.71283263055302228E+01  1.65076893758080523E+00  3.01744806409132149E-01  1.08585964827945455E-02
  400.000000  5.14812087296771097E+03 -5.64394165437697666E+02  3.82156679752296441E+03  1.72170818372619101E+03  1.29519952275981268E+02  3.78647708774667748E+01  1.54229401571477975E+00  3.03266069559517737E-01  9.77391752946485393E-03
  402.000000  5.29247647340955427E+03 -5.72512309811078012E+02  3.91424857239908943E+03  1.78299193390324081E+03  1.27325301582993291E+02  3.86522407726651807E+01  1.45627930721354470E+00  3.05543095618998894E-01  8.91215981041296526E-03
  404.000000  5.44038828261463914E+03 -5.71607677022147982E+02  4.00017099285351742E+03  1.84510069681856839E+03  1.25560933628635894E+02  3.94615069641402414E+01  1.38540034904165932E+00  3.08221061521466833E-01  8.20796136240940603E-03
  406.000000  5.58616782075059109E+03 -5.61203837383371138E+02  4.07439966576502593E+03  1.90711418566209886E+03  1.23945482384123295E+02  4.02692464904125202E+01  1.32438915322751893E+00  3.11073452356895153E-01  7.61522671777326368E-03
  408.000000  5.72487896315967828E+03 -5.40874862466451304E+02  4.13265353426839283E+03  1.96818877953780088E+03  1.22264692252607006E+02  4.10563851794682932E+01  1.26941619176905274E+00  3.13917184222561541E-01  7.10101186902560664E-03
  410.000000  5.85230965272758203E+03 -5.10337745776982047E+02  4.17138205387158450E+03  2.02755862578936831E+03  1.20358512226892131E+02  4.18072423084168108E+01  1.21771145861054175E+00  3.16611153788681654E-01  6.64169590388465850E-03
  412.000000  5.96501710450337669E+03 -4.69529229927415145E+02  4.18788534896780493E+03  2.08454535822555590E+03  1.18113953818416618E+02  4.25090816480530123E+01  1.16732483579448121E+00  3.19046427889846440E-01  6.22050727650630495E-03
  414.000000  6.06039437098075814E+03 -4.18663125410676003E+02  4.18043249363869290E+03  2.13856853711265012E+03  1.15460717333306548E+02  4.31518172680144687E+01  1.11696561125021621E+00  3.21139571110338362E-01  5.82585640873111224E-03
  416.000000  6.13671756900166929E+03 -3.58264712950011017E+02  4.14834199376463857E+03  2.18915077111573919E+03  1.12367639539761171E+02  4.37277155622336196E+01  1.06588446760462330E+00  3.22827354670156774E-01  5.45014703284296166E-03
  418.000000  6.19314542377431553E+03 -2.89181300461612409E+02  4.09200033476523640E+03  2.23591364913689222E+03  1.08838804866422379E+02  4.42310082546210808E+01  1.01377642411421687E+00  3.24061915665280864E-01  5.08887297734628239E-03
  420.000000  6.22965713655380387E+03 -2.12571495907010103E+02  4.01280900311187816E+03  2.27856318014411818E+03  1.04908814895211705E+02  4.46573947213098563E+01  9.60693668665190792E-01  3.24806027257183050E-01  4.73989237349116757E-03
  422.000000  6.24692954439155073E+03 -1.29878920603499864E+02  3.91306528039594468E+03  2.31686609256988504E+03  1.00637231610243603E+02  4.50034646732898551E+01  9.06964362898746601E-01  3.25028557603268542E-01  4.40282518514734447E-03
  424.000000  6.24616750446971946E+03 -4.27974088360497262E+01  3.79579377886566499E+03  2.35062058021689063E+03  9.61025487654161452E+01  4.52661087608886916E+01  8.53117699310009803E-01  3.24700446977223334E-01  4.07855062154137589E-03
  426.000000  6.22890994655652503E+03  4.67672494805665337E+01  3.66455071529557836E+03  2.37962645756412121E+03  9.13961462840041179E+01  4.54420007704049738E+01  7.99816746805100398E-01  3.23791622669217793E-01  3.76879237550652689E-03
  428.000000  6.19683685266765588E+03  1.36740456402192649E+02  3.52321910785658474E+03  2.40366000022181470E+03  8.66165135540132383E+01  4.55272306255243393E+01  7.47799011576607109E-01  3.22269221338417455E-01  3.47577461086995797E-03
  430.000000  6.15159989049619890E+03  2.24939547450812825E+02  3.37580039129094303E+03  2.42245807388349385E+03  8.18636114303543678E+01  4.55171465469590188E+01  6.97820639977757340E-01  3.20097339412035220E-01  3.20191424589035640E-03
  432.000000  6.09469314814338031E+03  3.09178275013189705E+02  3.22619018477670579E+03  2.43571475669483152E+03  7.72327144111974064E+01  4.54064340632698915E+01  6.50595356561469940E-01  3.17238333207449874E-01  2.94949441754073375E-03
  434.000000  6.02737249567434810E+03  3.87447391436769976E+02  3.07791400852934157E+03  2.44309178558601070E+03  7.28067915738843396E+01  4.51894254022774930E+01  6.06717400724636091E-01  3.13655484919836469E-01  2.72026042008156757E-03
  436.000000  5.95062437457974920E+03  4.58183790826427867E+02  2.93381260528871553E+03  2.44424189472157695E+03  6.86470874425522908E+01  4.48605991847985095E+01  5.66565522674345123E-01  3.09316666595372325E-01  2.51492640804729670E-03
  438.000000  5.86517840789642378E+03  5.20576673077674059E+02  2.79572469301494766E+03  2.43884149944640876E+03  6.47836036601291454E+01  4.44151997901578497E+01  5.30207716462378298E-01  3.04198488492971209E-01  2.33270215051552569E-03
  440.000000  5.77155355738271828E+03  5.74769298583705677E+02  2.66429985763628565E+03  2.42662672768356379E+03  6.12099734447714567E+01  4.38498832349038992E+01  4.97355371165577043E-01  2.98290333665736873E-01  2.17109465674048333E-03
  442.000000  5.67012483976634394E+03  6.21784881271858467E+02  2.53910175332183599E+03  2.40742594524879723E+03  5.78879233944499703E+01  4.31632923316777308E+01  4.67420251310471102E-01  2.91597697357419638E-01  2.02624905681527247E-03
  444.000000  5.56119723512026667E+03  6.63128022498560313E+02  2.41904074231590675E+03  2.38118400155044537E+03  5.47622643672755984E+01  4.23564865043386973E+01  4.39679659918188026E-01  2.84144393605820500E-01  1.89383021490952485E-03
  446.000000  5.44507548356049574E+03  7.00235679382909439E+02  2.30295783263732255E+03  2.34797738171326910E+03  5.17801758964398715E+01  4.14331910512434405E+01  4.13479406880325973E-01  2.75973413018802627E-01  1.77005941279924275E-03
  448.000000  5.32212198157189869E+03  7.34062071239488432E+02  2.19007557981869422E+03  2.30802190677113867E+03  4.89053885869748228E+01  4.03998612252497935E+01  3.88375128763046640E-01  2.67146406650922819E-01  1.65239493905064319E-03
  450.000000  5.19279834178936653E+03  7.64962771605401940E+02  2.08015052423906309E+03  2.26167386482453230E+03  4.61221712284181251E+01  3.92655658998969628E+01  3.64162486692126697E-01  2.57741879424670917E-01  1.53962593741218496E-03
  452.000000  5.05768863971799601E+03  7.92831693546038878E+02  1.97337053935755375E+03  2.20942361830006212E+03  4.34309856331993274E+01  3.80416981860379195E+01  3.40820910184445824E-01  2.47852252710193566E-01  1.43153220991440043E-03
  454.000000  4.91750434720093108E+03  8.17335913781549607E+02  1.87014800949713208E+03  2.15188054595479525E+03  4.08410085399028233E+01  3.67415327909342295E+01  3.18428168301825076E-01  2.37580052664592589E-01  1.32841565241367961E-03
  456.000000  4.77307285762313677E+03  8.38120747120265150E+02  1.77093368128979068E+03  2.08974977672049454E+03  3.83636293307140974E+01  3.53796700548460521E+01  2.97088805613654250E-01  2.27033579880691810E-01  1.23072153131788351E-03
  458.000000  4.62531315506382907E+03  8.54934609994183120E+02  1.67610129657691732E+03  2.02380300716301258E+03  3.60084666539875187E+01  3.39714221108874170E+01  2.76891280873084678E-01  2.16322466359204157E-01  1.13881760935229050E-03
  460.000000  4.47520317292802156E+03  8.67678864155386691E+02  1.58589927272244427E+03  1.95484666065937040E+03  3.37816786198676269E+01  3.25322002119026621E+01  2.57890148378529749E-01  2.05553505208536741E-01  1.05290546323710105E-03
  462.000000  4.32374356283644556E+03  8.76408036868819181E+02  1.50044629013681902E+03  1.88369063272097969E+03  3.16857443729746500E+01  3.10769547785549918E+01  2.40103886413793099E-01  1.94827059810577324E-01  9.73012073811369547E-04
  464.000000  4.17192207047066768E+03  8.81304743690630858E+02  1.41974876567092952E+03  1.81112023422616107E+03  2.97199677706116141E+01  2.96197056446421669E+01  2.23520198897030314E-01  1.84234250319984999E-01  8.99018476775546469E-04
  466.000000  4.02068174938832863E+03  8.82645838728072704E+02  1.34372565228211897E+03  1.73787306599578164E+03  2.78812192363018703E+01  2.81731837905300466E+01  2.08103653927101367E-01  1.73855002507512485E-01  8.30699088489293648E-04
  468.000000  3.87089510567734351E+03  8.80768974676910148E+02  1.27223286708263049E+03  1.66462168019716773E+03  2.61646651766747418E+01  2.67485907692403266E+01  1.93803070266564265E-01  1.63756945640910562E-01  7.67758812253950952E-04
  470.000000  3.72334517073353663E+03  8.76043786354413896E+02  1.20508412915493273E+03  1.59196213972196301E+03  2.45643830075651231E+01  2.53554699170349060E+01  1.80557641928077495E-01  1.53995072537241873E-01  7.09863161709790554E-04
  472.000000  3.57871358583653273E+03  8.68849064149533660E+02  1.14206740391201811E+03  1.52040803411299748E+03  2.30738382835031182E+01  2.40016750854446137E+01  1.68301603077080197E-01  1.44612029256796115E-01  6.56660702322365620E-04
  474.000000  3.43757511666922846E+03  8.59555838958469394E+02  1.08295725072559935E+03  1.45038915952398111E+03  2.16862351899271921E+01  2.26934180075587584E+01  1.56967582834658864E-01  1.35638882079743367E-01  6.07798778575670620E-04
  476.000000  3.30039760564302605E+03  8.48515661498389818E+02  1.02752375918648409E+03  1.38225389964381088E+03  2.03947632984624789E+01  2.14353739647915411E+01  1.46488906907687344E-01  1.27096210225273509E-01  5.62933954709101216E-04
  478.000000  3.16754618309702118E+03  8.36053146398393437E+02  9.75538810907983589E+02  1.31627431678038192E+03  1.91927644428883113E+01  2.02308263382248086E+01  1.36801102789101653E-01  1.18995387824843937E-01  5.21738535386242824E-04
  480.000000  3.03929054345686063E+03  8.22461849656592676E+02  9.26780319557085022E+02  1.25265303411229047E+03  1.80738404044625156E+01  1.90818330545831252E+01  1.27842825804910354E-01  1.11339941748822654E-01  4.83904293727426557E-04
  482.000000  2.91581419315757284E+03  8.08002641803148435E+02  8.81034979129582325E+02  1.19153112079440461E+03  1.70319178965613212E+01  1.79894011158186480E+01  1.19556375884974322E-01  1.04126897900915644E-01  4.49144270986745313E-04
  484.000000  2.79722474313375005E+03  7.92903868782093923E+02  8.38099931230036304E+02  1.13299634779378698E+03  1.60612833963445993E+01  1.69536587522655395E+01  1.11887932069399385E-01  9.73480538700405851E-02  4.17193282622166774E-04
  486.000000  2.68356451008329759E+03  7.77362727675914357E+02  7.97783661055443304E+02  1.07709133983093852E+03  1.51565971065504908E+01  1.59740178716559722E+01  1.04787597096969179E-01  9.09911381136663117E-02  3.87807584141860691E-04
  488.000000  2.57482087979413973E+03  7.61547410116792889E+02  7.59906351587805375E+02  1.02382129221529817E+03  1.43128927897668632E+01  1.50493221684542409E+01  9.82093179469058775E-02  8.50408340613053593E-02  3.60764014102727142E-04
  490.000000  2.47093605553368570E+03  7.45599675805806328E+02  7.24299864120013240E+02  9.73161042631189503E+02  1.35255683078430717E+01  1.41779784199175314E+01  9.21107286379820311E-02  7.94796614448544936E-02  3.35858832757849788E-04
  492.000000  2.37181595653982549E+03  7.29637609950503247E+02  6.90807467229701501E+02  9.25061384368602830E+02  1.27903702932728045E+01  1.33580701268285029E+01  8.64529474177434393E-02  7.42887170946318204E-02  3.12906404358975776E-04
  494.000000  2.27733814371196331E+03  7.13758391961628149E+02  6.59283402259320269E+02  8.79454579949534491E+02  1.21033753579480727E+01  1.25874538113855330E+01  8.12003503445864055E-02  6.94482839806013774E-02  2.91737821548019151E-04
  496.000000  2.18735873327883701E+03  6.98040960122682009E+02  6.29592348344376887E+02  8.36259085405079418E+02  1.14609695087929744E+01  1.18638390411583075E+01  7.63203360917261014E-02  6.49383211203907046E-02  2.72199535761970203E-04
  498.000000  2.10171831816687518E+03  6.82548500420687560E+02  6.01608831745890029E+02  7.95383529303207752E+02  1.08598269129277103E+01  1.11848536915759986E+01  7.17830917580222772E-02  6.07388487944547986E-02  2.54152033769665614E-04
  500.000000  2.02024695547736155E+03  6.67330719709294499E+02  5.75216610921544429E+02  7.56730010818400388E+02  1.02968887796202058E+01  1.05480961700730571E+01  6.75613659475837736E-02  5.68302438972173932E-02  2.37468584182370511E-04
  502.000000  1.94276830140117431E+03  6.52425886169017758E+02  5.50308059092156441E+02  7.20196791161642864E+02  9.76934286012193809E+00  9.95117637153534140E+00  6.36302529369375675E-02  5.31934596961160175E-02  2.22034066774053323E-04
  504.000000  1.86910298610421228E+03  6.37862635666071583E+02  5.26783559049843916E+02  6.85680455519735688E+02  9.27460387884383763E+00  9.39174707261568820E+00  5.99669900687915050E-02  4.98101831427141262E-02  2.07743890105905980E-04
  506.000000  1.79907132403366859E+03  6.23661552836572810E+02  5.04550919893867842E+02  6.53077620667102224E+02  8.81029507792145594E+00  8.86752734438009504E+00  5.65507693701478992E-02  4.66629414558705005E-02  1.94502998149467880E-04
  508.000000  1.73249545246568732E+03  6.09836541959051829E+02  4.83524821744990504E+02  6.22286258438963955E+02  8.37423096614022455E+00  8.37631939978012774E+00  5.33625636293226235E-02  4.37351681678017565E-02  1.82224963552007045E-04
  510.000000  1.66920098500874587E+03  5.96396006026694522E+02  4.63626291895698728E+02  5.93206698633955966E+02  7.96440130087064890E+00  7.91602011637877112E+00  5.03849666683883063E-02  4.10112373155564758E-02  1.70831163339095184E-04
  512.000000  1.60901825878164459E+03  5.83343853811116787E+02  4.44782214019521689E+02  5.65742367590861363E+02  7.57895628987308356E+00  7.48462829995662560E+00  4.76020472339903356E-02  3.84764730494740401E-02  1.60250031812702475E-04
  514.000000  1.55178324513479060E+03  5.70680354719766910E+02  4.26924870784378015E+02  5.39800311295230472E+02  7.21619297261651038E+00  7.08024859001129947E+00  4.49992157440820273E-02  3.61171406582044274E-02  1.50416384915763818E-04
  516.000000  1.49733818486028599E+03  5.58402860424115715E+02  4.09991519339660272E+02  5.15291544816295641E+02  6.87454272385705867E+00  6.70109275862321141E+00  4.25631030303426014E-02  3.39204238938222505E-02  1.41270810206436292E-04
  518.000000  1.44553200028755782E+03  5.46506410899823095E+02  3.93923998565302895E+02  4.92131263386178318E+02  6.55255981254170194E+00  6.34547902189524393E+00  4.02814501778018114E-02  3.18743925219809043E-02  1.32759116691014281E-04
  520.000000  1.39622052875718009E+03  5.34984240912648602E+02  3.78668366601979244E+02  4.70238944625891293E+02  6.24891094447865392E+00  6.01182986856606227E+00  3.81430085645811032E-02  2.99679632127040005E-02  1.24831839012885397E-04
  522.000000  1.34926661487321144E+03  5.23828201302261732E+02  3.64174566964137739E+02  4.49538366328885559E+02  5.96236571600783449E+00  5.69866881268282555E+00  3.61374492313267029E-02  2.81908562136863362E-02  1.17443790827170182E-04
  524.000000  1.30454009265733953E+03  5.13029107722339177E+02  3.50396121429678374E+02  4.29957559819121116E+02  5.69178790703356441E+00  5.40461639505774105E+00  3.42552807526242120E-02  2.65335496941682646E-02  1.10553662564896878E-04
  526.000000  1.26191768330255150E+03  5.02577027910991092E+02  3.37289847867697006E+02  4.11428715157870670E+02  5.43612754439642387E+00  5.12838568990617105E+00  3.24877748340612060E-02  2.49872331970407077E-02  1.04123659179150479E-04
  528.000000  1.22128282955824966E+03  4.92461517084184379E+02  3.24815601186290735E+02  3.93888051321476723E+02  5.19441367010639254E+00  4.86877751682880167E+00  3.08268989144918765E-02  2.35437612743092627E-02  9.81191738516234865E-05
  530.000000  1.18252548382549185E+03  4.82671809707351713E+02  3.12936035638877627E+02  3.77275661842115881E+02  4.96574775302457105E+00  4.62467551242613606E+00  2.92652551100155145E-02  2.21956080920220414E-02  9.25084940096366809E-05
  532.000000  1.14554186372749678E+03  4.73196974719393438E+02  3.01616386805749130E+02  3.61535344225769848E+02  4.74929768688499898E+00  4.39504117870817623E+00  2.77960248922274472E-02  2.09358235624719606E-02  8.72625363540973585E-05
  534.000000  1.11023418614396633E+03  4.64026040227607155E+02  2.90824271660836530E+02  3.46614419673008797E+02  4.54429232189867882E+00  4.17890899567689367E+00  2.64129189472131938E-02  1.97579913830214955E-02  8.23546079254564261E-05
  536.000000  1.07651038840981778E+03  4.55148092784570508E+02  2.80529505233253531E+02  3.32463548167695023E+02  4.35001648144267516E+00  3.97538166172983987E+00  2.51101317125250884E-02  1.86561892227608307E-02  7.77601905343180603E-05
  538.000000  1.04428384349265525E+03  4.46552355568491294E+02  2.70703932475687054E+02  3.19036542814179313E+02  4.16580641943370988E+00  3.78362550678846299E+00  2.38823001368267847E-02  1.76249511925744805E-02  7.34567461581057301E-05
  540.000000  1.01347307441865928E+03  4.38228249106772637E+02  2.61321274053904688E+02  3.06290186349297528E+02  3.99104567785882169E+00  3.60286610837914667E+00  2.27244662506557484E-02  1.66592326545393181E-02  6.94235411534676748E-05
  542.000000  9.84001471966655686E+02  4.30165437606602609E+02  2.52356984870500213E+02  2.94184051990461171E+02  3.82516130755947126E+00  3.43238412950051153E+00  2.16320431768745915E-02  1.57543773674529361E-02  6.56414873591035171E-05
  544.000000  9.55797018633120842E+02  4.22353863457884472E+02  2.43788124231153773E+02  2.82680330172811296E+02  3.66762041873190592E+00  3.27151138837250155E+00  2.06007842460807639E-02  1.49060869223987917E-02  6.20929983660668751E-05
  546.000000  9.28792021060945103E+02  4.14783772058679460E+02  2.35593236651421563E+02  2.71743662247436077E+02  3.51792703070220902E+00  3.11962716353890190E+00  1.96267549154292599E-02  1.41103923919809957E-02  5.87618594140425170E-05
  548.000000  9.02922852472241061E+02  4.07445728755549680E+02  2.27752242386373354E+02  2.61340981835649643E+02  3.37561919338424010E+00  2.97615473285845233E+00  1.87063072195093952E-02  1.33636280963914510E-02  5.56331095351546358E-05
  550.000000  8.78129706132434762E+02  4.00330629393583877E+02  2.20246336843932738E+02  2.51441364241361129E+02  3.24026635542250707E+00  2.84055814131424844E+00  1.78360565090642208E-02  1.26624073765093346E-02  5.26929347121534244E-05
  552.000000  8.54356360468200592E+02  3.93429705719046069E+02  2.13057898115436927E+02  2.42015884098230231E+02  3.11146695639109838E+00  2.71233919001025647E+00  1.70128602579198637E-02  1.20036002569678876E-02  4.99285709482171785E-05
  554.000000  8.31549956145848910E+02  3.86734526665022713E+02  2.06170401924021405E+02  2.33037481257420239E+02  2.98884622256930710E+00  2.59103463697924141E+00  1.62337987404566828E-02  1.13843128791343839E-02  4.73282162613732890E-05
  556.000000  8.09660785175498177E+02  3.80236996374190312E+02  1.99568343353140989E+02  2.24480834794153481E+02  2.87205414776591894E+00  2.47621359931082674E+00  1.54961574018968509E-02  1.08018685841025728E-02  4.48809507205422063E-05
  558.000000  7.88642091922111149E+02  3.73929349664356778E+02  1.93237164773919034E+02  2.16322244917983483E+02  2.76076364242418792E+00  2.36747514547423910E+00  1.47974107613764953E-02  1.02537905282179438E-02  4.25766637322802377E-05
  560.000000  7.68449885765921408E+02  3.67804145516535755E+02  1.87163189441871168E+02  2.08539522505817331E+02  2.65466883584425339E+00  2.26444606644347557E+00  1.41352077038497965E-02  9.73778571767828886E-03  4.04059878699528424E-05
  562.000000  7.49042765056528083E+02  3.61854259063374229E+02  1.81333560280629996E+02  2.01111885931870717E+02  2.55348351779461114E+00  2.16677881423498997E+00  1.35073580311413539E-02  9.25173035382948275E-03  3.83602386104062734E-05
  564.000000  7.30381751934803788E+02  3.56072872469296271E+02  1.75736183413271590E+02  1.94019864840573490E+02  2.45693970709053078E+00  2.07414959667048748E+00  1.29118201553618979E-02  8.79365638652888394E-03  3.64313594088192926E-05
  566.000000  7.12430137549086794E+02  3.50453465020415024E+02  1.70359676041198441E+02  1.87245210493177638E+02  2.36478633589209375E+00  1.98625661752346128E+00  1.23466898294369264E-02  8.36173917907544542E-03  3.46118716008377733E-05
  568.000000  6.95153337164317577E+02  3.44989802683257039E+02  1.65193318305953795E+02  1.80770812313080427E+02  2.27678803953473130E+00  1.90281845164861796E+00  1.18101898198316509E-02  7.95428619446476685E-03  3.28948286733024092E-05
  570.000000  6.78518754648888262E+02  3.39675927341524584E+02  1.60227008801961773E+02  1.74580620256708329E+02  2.19272404266367804E+00  1.82357254520042189E+00  1.13006604358497631E-02  7.56972661897998157E-03  3.12737744914241969E-05
  572.000000  6.62495655821559012E+02  3.34506145880020995E+02  1.55451223437443900E+02  1.68659572643813931E+02  2.11238713330368011E+00  1.74827383158797911E+00  1.08165508382234935E-02  7.20660184523072306E-03  2.97427051118502325E-05
  574.000000  6.47055050143039125E+02  3.29475019247505770E+02  1.50856977367725307E+02  1.62993529092320813E+02  2.03558271727719875E+00  1.67669345437625172E+00  1.03564110571545739E-02  6.86355674265376123E-03  2.82960338482231353E-05
  576.000000  6.32169580251950038E+02  3.24577351606435968E+02  1.46435789749270270E+02  1.57569208216388233E+02  1.96212794608702645E+00  1.60861758890354367E+00  9.91888465673882759E-03  6.53933164909294932E-03  2.69285592890508499E-05
  578.000000  6.17813418857528063E+02  3.19808179650980492E+02  1.42179651084987029E+02  1.52374129762161033E+02  1.89185091201012523E+00  1.54384635494216504E+00  9.50270198867794909E-03  6.23275502239533513E-03  2.56354359974455658E-05
  580.000000  6.03962172521145362E+02  3.15162762156667213E+02  1.38080992951379727E+02  1.47396560872277064E+02  1.82458990472695159E+00  1.48219281326715380E+00  9.10667398364315567E-03  5.94273669594110650E-03  2.44121476488293330E-05
  582.000000  5.90592791880145455E+02  3.10636569810078981E+02  1.34132659916252550E+02  1.42625466187373206E+02  1.76019272432327711E+00  1.42348203951497854E+00  8.72968643351963031E-03  5.66826168667642315E-03  2.32544823865886965E-05
  584.000000  5.77683487888592595E+02  3.06225275353023335E+02  1.30327883472366068E+02  1.38050461510281622E+02  1.69851604597253658E+00  1.36755026920805967E+00  8.37069472214687325E-03  5.40838450854594279E-03  2.21585101969617422E-05
  586.000000  5.65213653672528267E+02  3.01924744065698633E+02  1.26660257827365740E+02  1.33661770775675478E+02  1.63942483202596545E+00  1.31424410828605409E+00  8.02871896610775869E-03  5.16222394822146973E-03  2.11205621235718360E-05
  588.000000  5.53163791620860707E+02  2.97731024605638140E+02  1.23123717404010321E+02  1.29450186084662619E+02  1.58279178762136086E+00  1.26341980392274111E+00  7.70283953070214061E-03  4.92895826371618755E-03  2.01372111592749414E-05
  590.000000  5.41515445353809582E+02  2.93640340210542035E+02  1.19712515917197095E+02  1.25407030580071236E+02  1.52849685626716458E+00  1.21494257081817714E+00  7.39219288941347832E-03  4.70782076987713051E-03  1.92052546683230745E-05
  592.000000  5.30251136234900400E+02  2.89649080269867682E+02  1.16421206905517224E+02  1.21524123953534669E+02  1.47642675217012687E+00  1.16868596853649964E+00  7.09596779810385114E-03  4.49809577786579838E-03  1.83216982057704921E-05
  594.000000  5.19354304112306863E+02  2.85753792264070398E+02  1.13244625605411386E+02  1.17793750390293738E+02  1.42647452635879479E+00  1.12453132581563731E+00  6.81340175774256072E-03  4.29911485860261233E-03  1.74837406134918854E-05
  596.000000  5.08809251996143701E+02  2.81951174067351076E+02  1.10177872065351522E+02  1.14208628771520068E+02  1.37853916391247733E+00  1.08236720810368281E+00  6.54377774186715947E-03  4.11025340276959233E-03  1.66887602834343232E-05
  598.000000  4.98601094399101896E+02  2.78238066608455483E+02  1.07216295405954114E+02  1.10761884967053902E+02  1.33252520983608558E+00  1.04208892488039484E+00  6.28642116707706696E-03  3.93092745235941367E-03  1.59343024887682459E-05
  600.000000  4.88715709083404874E+02  2.74611446878892821E+02  1.04355479139803492E+02  1.07447026063833775E+02  1.28834242133560384E+00  1.00359807360379083E+00  6.04069708680705312E-03  3.76059078095045086E-03  1.52180676927774485E-05
  602.000000  4.79139691978808855E+02  2.71068421280908751E+02  1.01591227471707342E+02  1.04257916386683618E+02  1.24590544443712026E+00  9.66802117379025661E-01  5.80600759034198555E-03  3.59873220187863652E-03  1.45379007535049399E-05
  604.000000  4.69860315048267921E+02  2.67606219301565943E+02  9.89195525067069497E+01  1.01188755178982149E+02  1.20513351306998051E+00  9.31613993685997954E-01  5.58178939064615017E-03  3.44487308530293463E-03  1.38917809495809256E-05
  606.000000  4.60865486897820574E+02  2.64222187503243276E+02  9.63366622989204728E+01  9.82340558205824266E+01  1.16595016888963920E+00  8.97951751719237468E-01  5.36751158598044054E-03  3.29856506681496442E-03  1.32778127593855774E-05
  608.000000  4.52143715937683567E+02  2.60913783815970419E+02  9.38389496798217380E+01  9.53886264698015509E+01  1.12828300026307038E+00  8.65738216096143098E-01  5.16267358159208656E-03  3.15938793176155164E-03  1.26942173317231398E-05
  610.000000  4.43684075918821293E+02  2.57678572120785702E+02  9.14229818093275526E+01  9.26475520247239928E+01  1.09206339896750926E+00  8.34900674872154469E-01  4.96680315892879080E-03  3.02694766081982279E-03  1.21393245916550071E-05
  612.000000  4.35476173678878922E+02  2.54514217109900073E+02  8.90854903976747750E+01  9.00061773071868316E+01  1.05722633327496252E+00  8.05370589971834527E-01  4.77945468090589659E-03  2.90087462362380007E-03  1.16115659301305979E-05
  614.000000  4.27510118945670911E+02  2.51418479412206580E+02  8.68233625500908914E+01  8.74600913800736919E+01  1.02371013620251783E+00  7.77083328298696752E-01  4.60020742271487638E-03  2.78082190837943130E-03  1.11094674304843062E-05
  616.000000  4.19776496055308769E+02  2.48389210970593467E+02  8.46336321900809168E+01  8.50051129154588523E+01  9.91456307807538573E-01  7.49977911929433416E-01  4.42866401854617470E-03  2.66646377644820867E-03  1.06316435890030261E-05
  618.000000  4.12266337453830147E+02  2.45424350659428910E+02  8.25134720205585808E+01  8.26372765373780993E+01  9.60409330498113167E-01  7.23996785927673026E-01  4.26444901540963539E-03  2.55749423182398015E-03  1.01767914903903407E-05
  620.000000  4.04971098859931317E+02  2.42521920130155650E+02  8.04601859851956078E+01  8.03528200688301411E+01  9.30516496410619842E-01  6.99085602431661735E-01  4.10720752594604006E-03  2.45362569629038263E-03  9.74368540233772619E-06
  622.000000  3.97882635975339838E+02  2.39680019873360834E+02  7.84712021952819327E+01  7.81481726180085730E+01  9.01727745982448758E-01  6.75193019779638526E-01  3.95660397281408054E-03  2.35458778183253534E-03  9.33117175647458848E-06
  624.000000  3.90993182637720281E+02  2.36896825486374382E+02  7.65440662899983266E+01  7.60199434436601962E+01  8.73995516916368120E-01  6.52270515536157336E-01  3.81232091781664789E-03  2.26012615259012836E-03  8.93816448566438729E-06
  626.000000  3.84295330318319714E+02  2.34170584135518766E+02  7.46764352004619241E+01  7.39649115440884515E+01  8.47274602796465048E-01  6.30272212374647034E-01  3.67405796950723675E-03  2.17000146929279382E-03  8.56364069021164098E-06
  628.000000  3.77782008873713778E+02  2.31499611202775213E+02  7.28660712901244807E+01  7.19800159184763118E+01  8.21522020673004616E-01  6.09154715854921314E-01  3.54153076350044102E-03  2.08398840971084354E-03  8.20663660775549308E-06
  630.000000  3.71446468467615318E+02  2.28882287107166803E+02  7.11108368461324574E+01  7.00623464531052633E+01  7.96696886986232311E-01  5.88876963211351190E-01  3.41447001018879747E-03  2.00187475919671011E-03  7.86624386377094201E-06
  632.000000  3.65282262584544867E+02  2.26317054291373097E+02  6.94086888981818646E+01  6.82091353886271605E+01  7.72760301248148429E-01  5.69400082337850111E-01  3.29262060497605754E-03  1.92346056588616008E-03  7.54160598145077688E-06
  634.000000  3.59283232062810839E+02  2.23802414364689639E+02  6.77576743430842754E+01  6.64177493278051116E+01  7.49675236944641332E-01  5.50687260220008135E-01  3.17574079653166206E-03  1.84855735557784041E-03  7.23191513150078970E-06
  636.000000  3.53443490079632056E+02  2.21336925394025002E+02  6.61559253548832373E+01  6.46856817462173552E+01  7.27406439162443408E-01  5.32703620124189037E-01  3.06360140891632181E-03  1.77698740172164147E-03  6.93640910394620343E-06
  638.000000  3.47757408025559016E+02  2.18919199334643736E+02  6.46016550618157623E+01  6.30105459711826086E+01  7.05920328481009940E-01  5.15416106907306659E-01  2.95598511375303038E-03  1.70858304632054187E-03  6.65436848548940897E-06
  640.000000  3.42219602210072821E+02  2.16547899593045713E+02  6.30931534727680869E+01  6.13900685967616369E+01  6.85184910705662009E-01  4.98793379860851538E-01  2.85268574892013141E-03  1.64318606789362566E-03  6.38511402728705462E-06
  642.000000  3.36824921344550319E+02  2.14221738715016045E+02  6.16287836371036946E+01  5.98220833050566299E+01  6.65169692048051875E-01  4.82805712548216415E-01  2.75350768049826590E-03  1.58064709296029497E-03  6.12800418920347794E-06
  644.000000  3.31568434751936934E+02  2.11939476191580980E+02  6.02069780229121108E+01  5.83045250662316619E+01  6.45845599390303726E-01  4.67424899136314131E-01  2.65826520497087051E-03  1.52082504779219919E-03  5.88243284770802725E-06
  646.000000  3.26445421256835118E+02  2.09699916376865758E+02  5.88262350997652845E+01  5.68354246916844446E+01  6.27184905295312678E-01  4.52624166760728530E-01  2.56678198888804715E-03  1.46358664744000114E-03  5.64782715558882839E-06
  648.000000  3.21451358712085039E+02  2.07501906511301740E+02  5.74851161130482780E+01  5.54129037166779099E+01  6.09161157449871205E-01  4.38378093499037724E-01  2.47889054342434684E-03  1.40880591928187800E-03  5.42364554257525509E-06
  650.000000  3.16581914121561226E+02  2.05344334844563264E+02  5.61822420378559428E+01  5.40351695904656637E+01  5.91749112251193199E-01  4.24662531559366729E-01  2.39443173145017325E-03  1.35636375855931386E-03  5.20937584681527460E-06
  652.000000  3.11832934321642256E+02  2.03226128852985767E+02  5.49162907012257833E+01  5.27005111534917248E+01  5.74924672266298065E-01  4.11454535320641634E-01  2.31325430490952237E-03  1.30614751356498949E-03  5.00453356791658241E-06
  654.000000  3.07200437185918474E+02  2.01146253545879745E+02  5.36859940623257046E+01  5.14072943827800728E+01  5.58664827314978907E-01  3.98732293888967970E-01  2.23521447046581227E-03  1.25805059833283502E-03  4.80866023298461986E-06
  656.000000  3.02680603320723947E+02  1.99103709856223531E+02  5.24901356408499637E+01  5.01539583879139172E+01  5.42947598943169241E-01  3.86475067859132715E-01  2.16017548152202220E-03  1.21197213084644454E-03  4.62132186772758514E-06
  658.000000  2.98269768220907849E+02  1.97097533110987797E+02  5.13275480845956409E+01  4.89390116413021161E+01  5.27751988071114342E-01  3.74663129993775101E-01  2.08800725486094465E-03  1.16781659493747202E-03  4.44210756531717701E-06
  660.000000  2.93964414857426675E+02  1.95126791576783035E+02  5.01971108677575799E+01  4.77610284275551535E+01  5.13057925614535226E-01  3.63277709553819328E-01  2.01858601027974077E-03  1.12549352418596263E-03  4.27062814622036458E-06
  662.000000  2.89761166670263663E+02  1.93190585076706384E+02  4.90977481120898176E+01  4.66186454978882594E+01  4.98846225892724093E-01  3.52300940033613730E-01  1.95179393170617321E-03  1.08491720626503058E-03  4.10651490275392501E-06
  664.000000  2.85656780942082037E+02  1.91288043674697292E+02  4.80284265235617340E+01  4.55105589164294457E+01  4.85098542648432551E-01  3.41715810072058757E-01  1.88751884839629736E-03  1.04600640629050746E-03  3.94941842253640474E-06
  666.000000  2.81648142529279198E+02  1.89418326423485723E+02  4.69881534376551784E+01  4.44355210862422396E+01  4.71797327518007736E-01  3.31506117327823480E-01  1.82565393491000726E-03  1.00868410784597838E-03  3.79900748549522873E-06
  668.000000  2.77732257929108584E+02  1.87580620172918771E+02  4.59759749668889199E+01  4.33923379437114320E+01  4.58925790800273958E-01  3.21656425122031076E-01  1.76609742865399045E-03  9.72877270453846414E-04  3.65496802942744937E-06
  670.000000  2.73906249662815412E+02  1.85774138435518580E+02  4.49909742445649030E+01  4.23798663107143625E+01  4.46467864383241264E-01  3.12152021665912605E-01  1.70875236386470834E-03  9.38516602355179974E-04  3.51700217950946228E-06
  672.000000  2.70167350955698680E+02  1.83998120305910561E+02  4.40322697591447323E+01  4.13970113947461158E+01  4.34408166697330234E-01  3.02978881704139780E-01  1.65352632098626426E-03  9.05536347546436480E-04  3.38482733747924080E-06
  674.000000  2.66512900696692157E+02  1.82251829431431815E+02  4.30990137740041490E+01  4.04427244278154987E+01  4.22731969572362920E-01  2.94123630416444237E-01  1.60033119046641670E-03  8.73874086098847197E-04  3.25817532651210602E-06
  676.000000  2.62940338661115220E+02  1.80534553031306359E+02  4.21903908276508588E+01  3.95160004355546235E+01  4.11425166883616467E-01  2.85573509431307715E-01  1.54908295006470076E-03  8.43470546858079246E-04  3.13679158811105339E-06
  678.000000  2.59447200981129242E+02  1.78845600961718674E+02  4.13056163098189728E+01  3.86158761285744774E+01  4.00474244880350827E-01  2.77316344815876081E-01  1.49970145482473125E-03  8.14269431688420964E-04  3.02043442758327194E-06
  680.000000  2.56031115849405523E+02  1.77184304824275614E+02  4.04439351091306989E+01  3.77414279086233080E+01  3.89866254096477627E-01  2.69340516915714923E-01  1.45211023892547961E-03  7.86217250486437877E-04  2.90887430492841521E-06
  682.000000  2.52689799442796129E+02  1.75550017115856463E+02  3.96046203282843408E+01  3.68917699825902830E+01  3.79588782750207465E-01  2.61634931926708725E-01  1.40623632867450509E-03  7.59263166245086095E-04  2.80189316817469547E-06
  684.000000  2.49421052053096076E+02  1.73942110417385720E+02  3.87869720629914028E+01  3.60660525778847472E+01  3.69629931545152668E-01  2.54188995089785263E-01  1.36201006595939060E-03  7.33358849501723666E-04  2.69928382642428656E-06
  686.000000  2.46222754413330421E+02  1.72359976619768759E+02  3.79903162411124953E+01  3.52634602531191845E+01  3.59978289791119399E-01  2.46992585406409115E-01  1.31936494151646132E-03  7.08458341550607484E-04  2.60084936003851380E-06
  688.000000  2.43092864208369519E+02  1.70803026184961254E+02  3.72140035186568952E+01  3.44832102984373350E+01  3.50622912768283279E-01  2.40036031779943398E-01  1.27823743742135434E-03  6.84517925845075999E-04  2.50640256559475788E-06
  690.000000  2.40029412759482227E+02  1.69270687440346364E+02  3.64574082295297544E+01  3.37245512201982294E+01  3.41553300262743109E-01  2.33310090494373623E-01  1.23856687824317065E-03  6.61496007055318810E-04  2.41576543339497579E-06
  692.000000  2.37030501873113764E+02  1.67762405904773232E+02  3.57199273860740121E+01  3.29867613050556869E+01  3.32759376206683111E-01  2.26805923947829086E-01  1.20029529034038789E-03  6.39352997285074875E-04  2.32876865545778738E-06
  694.000000  2.34094300844835345E+02  1.66277643644696127E+02  3.50009797276719468E+01  3.22691472588143498E+01  3.24231469359933133E-01  2.20515080564002541E-01  1.16336726881372996E-03  6.18051208985841865E-04  2.24525116208143713E-06
  696.000000  2.31219043609679971E+02  1.64815878658729616E+02  3.43000048147888918E+01  3.15710429157121482E+01  3.15960294974279465E-01  2.14429475809549880E-01  1.12772985165870455E-03  5.97554754138877897E-04  2.16505968517521894E-06
  698.000000  2.28403026030967624E+02  1.63376604289303486E+02  3.36164621660461123E+01  3.08918080140842406E+01  3.07936937384933329E-01  2.08541374250510642E-01  1.09333240069454983E-03  5.77829449305576766E-04  2.08804834669807458E-06
  700.000000  2.25644603320146587E+02  1.61959328660187339E+02  3.29498304360099894E+01  3.02308270345935099E+01  3.00152833477370318E-01  2.02843372585045673E-01  1.06012648886668237E-03  5.58842726173903819E-04  2.01407827063427189E-06
  702.000000  2.22942187580235867E+02  1.60563574138283911E+02  3.22996066315492030E+01  2.95875080974697511E+01  2.92599756980966574E-01  1.97328383594017887E-01  1.02806579355630692E-03  5.40563547254411039E-04  1.94301721706611680E-06
  704.000000  2.20294245466498580E+02  1.59188876818786639E+02  3.16653053647336264E+01  2.89612819154189332E+01  2.85269803543420242E-01  1.91989620954750889E-01  9.97105995540528136E-04  5.22962326402920613E-04  1.87473923696851383E-06
  706.000000  2.17699295957882299E+02  1.57834786032391662E+02  3.10464581403530140E+01  2.83516007990660128E+01  2.78155376543274269E-01  1.86820584866797923E-01  9.67204683281868848E-04  5.06010853868792501E-04  1.80912434647317355E-06
  708.000000  2.15155908233339346E+02  1.56500863873490857E+02  3.04426126762638773E+01  2.77579377119965685E+01  2.71249173600103477E-01  1.81815048441932609E-01  9.38321262236943630E-04  4.89682225588146543E-04  1.74605821940813081E-06
  710.000000  2.12662699647571827E+02  1.55186684748453445E+02  2.98533322548534770E+01  2.71797853726298975E+01  2.64544173744201749E-01  1.76967044813535340E-01  9.10416868898050887E-04  4.73950776459976719E-04  1.68543189700839597E-06
  712.000000  2.10218333800907089E+02  1.53891834942928881E+02  2.92781951040443218E+01  2.66166554003517035E+01  2.58033625210419004E-01  1.72270854923599337E-01  8.83454289297403621E-04  4.58792017361109425E-04  1.62714151376107221E-06
  714.000000  2.07821518698103432E+02  1.52615912207031784E+02  2.87167938063008670E+01  2.60680775034548518E+01  2.51711033822491159E-01  1.67720995947999163E-01  8.57397881723415177E-04  4.44182575671475601E-04  1.57108803842288893E-06
  716.000000  2.05471004992042765E+02  1.51358525358103634E+02  2.81687347342415180E+01  2.55335987066186618E+01  2.45570151936074205E-01  1.63312210323359214E-01  8.32213503407399149E-04  4.30100139096871383E-04  1.51717702929591949E-06
  718.000000  2.03165584307420517E+02  1.50119293899745685E+02  2.76336375114934576E+01  2.50127826157674242E+01  2.39604967910990369E-01  1.59039455341008579E-01  8.07868440961969194E-04  4.16523402589916993E-04  1.46531840291932236E-06
  720.000000  2.00904087640362064E+02  1.48897847656380236E+02  2.71111344975328912E+01  2.45052087182996914E+01  2.33809696084674445E-01  1.54897893275792425E-01  7.84331344359945489E-04  4.03432018183282743E-04  1.41542621538580503E-06
  722.000000  1.98685383830362071E+02  1.47693826422891675E+02  2.66008702953148024E+01  2.40104717167856094E+01  2.28178767220268558E-01  1.50882882019439168E-01  7.61572164256664116E-04  3.90806547561149686E-04  1.36741845553331942E-06
  724.000000  1.96508378100628676E+02  1.46506879628421302E+02  2.61025012805482959E+01  2.35281808943378294E+01  2.22706819404738493E-01  1.46989966190008620E-01  7.39562092472652614E-04  3.78628417206005414E-04  1.32121684932347148E-06
  726.000000  1.94372010663409384E+02  1.45336666013663830E+02  2.56156951515637523E+01  2.30579595099893169E+01  2.17388689373473831E-01  1.43214868690865943E-01  7.18273505461499220E-04  3.66879875968771499E-04  1.27674667474807737E-06
  728.000000  1.92275255387087014E+02  1.44182853321120547E+02  2.51401304987508318E+01  2.25994442224802583E+01  2.12219404239233383E-01  1.39553482694040942E-01  6.97679910600399323E-04  3.55543954919464947E-04  1.23393658665877066E-06
  730.000000  1.90217118521961197E+02  1.43045117997692728E+02  2.46754963926204098E+01  2.21522845409758098E+01  2.07194173604766219E-01  1.36001864024549307E-01  6.77755895149070365E-04  3.44604429345159993E-04  1.19271845094026252E-06
  732.000000  1.88196637481708336E+02  1.41923144908984796E+02  2.42214919895762044E+01  2.17161423012967880E+01  2.02308382039332380E-01  1.32556223923498334E-01  6.58477077733363343E-04  3.34045782770020993E-04  1.15302718749594039E-06
  734.000000  1.86212879677904567E+02  1.40816627064893055E+02  2.37778261545541589E+01  2.12906911663517349E+01  1.97557581900571072E-01  1.29212922169304828E-01  6.39820062216869931E-04  3.23853172880489849E-04  1.11480062153623870E-06
  736.000000  1.84264941404830068E+02  1.39725265355815054E+02  2.33442170997081107E+01  2.08756161495127515E+01  1.92937486484299009E-01  1.25968460537435128E-01  6.21762393832671866E-04  3.14012399245658304E-04  1.07797934270029859E-06
  738.000000  1.82351946772304558E+02  1.38648768299198537E+02  2.29203920383822570E+01  2.04706131597610934E+01  1.88443963485581040E-01  1.22819476580343520E-01  6.04282517454273697E-04  3.04509872729968921E-04  1.04250657156367881E-06
  740.000000  1.80473046684107004E+02  1.37586851795851999E+02  2.25060868536440069E+01  2.00753885674927091E+01  1.84073028755533136E-01  1.19762737710339767E-01  5.87359737892458262E-04  2.95332586501675172E-04  1.00832803311685168E-06
  742.000000  1.78627417859640246E+02  1.36539238895442509E+02  2.21010457806911269E+01  1.96896587899359723E+01  1.79820840339039778E-01  1.16795135569137246E-01  5.70974182110698942E-04  2.86468088546479403E-04  9.75391836821867007E-07
  744.000000  1.76814261897129199E+02  1.35505659571152819E+02  2.17050211024740065E+01  1.93131498951868821E+01  1.75683692779488088E-01  1.13913680668753042E-01  5.55106763258100475E-04  2.77904455601250507E-04  9.43648362877950970E-07
  746.000000  1.75032804375984995E+02  1.34485850502690255E+02  2.13177728579283112E+01  1.89455972239347403E+01  1.71658011677254418E-01  1.11115497289391713E-01  5.39739146424976870E-04  2.69630268428068163E-04  9.13050154350948001E-07
  748.000000  1.73282293996754618E+02  1.33479554867578372E+02  2.09390685622205091E+01  1.85867450279893447E+01  1.67740348489475610E-01  1.08397818620709865E-01  5.24853716030765425E-04  2.61634588353558753E-04  8.83551814841655462E-07
  750.000000  1.71562001756637216E+02  1.32486522140117586E+02  2.05686829384578367E+01  1.82363461247790895E+01  1.63927375559366345E-01  1.05757982133690850E-01  5.10433544759811069E-04  2.53906935003111751E-04  8.55109911385013777E-07
  752.000000  1.69871220159129308E+02  1.31506507897913139E+02  2.02063976603368687E+01  1.78941615670324197E+01  1.60215881363778512E-01  1.03193425171073910E-01  4.96462363965216396E-04  2.46437265163788508E-04  8.27682882293094664E-07
  754.000000  1.68209262456092802E+02  1.30539273635550558E+02  1.98520011052201717E+01  1.75599603268894136E+01  1.56602765968549495E-01  1.00701680744938474E-01  4.82924535464770153E-04  2.39215952713597499E-04  8.01230949672739914E-07
  756.000000  1.66575461920747216E+02  1.29584586585090733E+02  1.95052881171827472E+01  1.72335189937511757E+01  1.53085036681531284E-01  9.82803735307808540E-02  4.69805024658097726E-04  2.32233769558780101E-04  7.75716036359121304E-07
  758.000000  1.64969171150084492E+02  1.28642219543046167E+02  1.91660597795633514E+01  1.69146214851891195E+01  1.49659803893852056E-01  9.59272160479206354E-02  4.57089374897518019E-04  2.25481867523915692E-04  7.51101687029120014E-07
  760.000000  1.63389761395553364E+02  1.27711950703753132E+02  1.88341231965989557E+01  1.66030587702869248E+01  1.46324277100426059E-01  9.36400050167009168E-02  4.44763683049177749E-04  2.18951761143105844E-04  7.27352993265543204E-07
  762.000000  1.61836621920469980E+02  1.26793563498613935E+02  1.85092912837374683E+01  1.62986286048198998E+01  1.43075761091167042E-01  9.14166178834964205E-02  4.32814576183880725E-04  2.12635311303524516E-04  7.04436522360064716E-07
  764.000000  1.60309159383190320E+02  1.25886846441223270E+02  1.81913825662366513E+01  1.60011352777013371E+01  1.39911652304829076E-01  8.92550095049805814E-02  4.21229189341205870E-04  2.06524709695358880E-04  6.82320249655325874E-07
  766.000000  1.58806797244686123E+02  1.24991592977937785E+02  1.78802209856838168E+01  1.57103893681611950E+01  1.36829435337851663E-01  8.71532089836327267E-02  4.09995144313193252E-04  2.00612464024958807E-04  6.60973494234797206E-07
  768.000000  1.57328975199515838E+02  1.24107601343743681E+02  1.75756357140913302E+01  1.54262075131527965E+01  1.33826679600905635E-01  8.51093166469018420E-02  3.99100529396266784E-04  1.94891383950500992E-04  6.40366857784786921E-07
  770.000000  1.55875148629121071E+02  1.23234674423189404E+02  1.72774609752302908E+01  1.51484121845023587E+01  1.30901036116268993E-01  8.31215011628272243E-02  3.88533880064073308E-04  1.89354567701752392E-04  6.20472166457643397E-07
  772.000000  1.54444788076479057E+02  1.22372619616201177E+02  1.69855358728863735E+01  1.48768314753444049E+01  1.28050234449489764E-01  8.11879967853316870E-02  3.78284160515049059E-04  1.83995389347764779E-04  6.01262415580859935E-07
  774.000000  1.53037378741173114E+02  1.21521248708580856E+02  1.66997042257413142E+01  1.46112988954145582E+01  1.25272079769141148E-01  7.93071007227847263E-02  3.68340746051926387E-04  1.78807486678448583E-04  5.82711717058608423E-07
  776.000000  1.51652419993862509E+02  1.20680377746882073E+02  1.64198144085903657E+01  1.43516531747863958E+01  1.22564450028767175E-01  7.74771706237521868E-02  3.58693406252579309E-04  1.73784749667824090E-04  5.64795249328543645E-07
  778.000000  1.50289424909560182E+02  1.19849826917745872E+02  1.61457191996240645E+01  1.40977380756630968E+01  1.19925293265363428E-01  7.56966221741861567E-02  3.49332288893234200E-04  1.68921309488617477E-04  5.47489209737148717E-07
  780.000000  1.48947919818559910E+02  1.19029420431180029E+02  1.58772756335128165E+01  1.38494022118537909E+01  1.17352625009272363E-01  7.39639268006232475E-02  3.40247904587889793E-04  1.64211528049580153E-04  5.30770769210705287E-07
  782.000000  1.47627443874590313E+02  1.18218986407958596E+02  1.56143448600522152E+01  1.36064988755869329E+01  1.14844525800152045E-01  7.22776094742475922E-02  3.31431112108759320E-04  1.59649988028524870E-04  5.14618029100568522E-07
  784.000000  1.46327548639155935E+02  1.17418356770692299E+02  1.53567920081271794E+01  1.33688858713233216E+01  1.12399138804478729E-01  7.06362466109339004E-02  3.22873104355540428E-04  1.55231483375532992E-04  4.99009980092925126E-07
  786.000000  1.45047797681631323E+02  1.16627367138676732E+02  1.51044860547750552E+01  1.31364253562553035E+01  1.10014667529892501E-01  6.90384640626613005E-02  3.14565394941840836E-04  1.50951010262267055E-04  4.83926463075145799E-07
  788.000000  1.43787766194182154E+02  1.15845856726121042E+02  1.48572996991307509E+01  1.29089836871904531E+01  1.07689373632034444E-01  6.74829351959237017E-02  3.06499805369519942E-04  1.46803758454628594E-04  4.69348131859219317E-07
  790.000000  1.42547040621121596E+02  1.15073668243859515E+02  1.46151092410526964E+01  1.26864312735342715E+01  1.05421574809871896E-01  6.59683790529867753E-02  2.98668452762973469E-04  1.42785103087244100E-04  4.55256417668313006E-07
  792.000000  1.41325218301950144E+02  1.14310647804272094E+02  1.43777944642320410E+01  1.24686424361000938E+01  1.03209642785419220E-01  6.44935585920633214E-02  2.91063738136787032E-04  1.38890596819463716E-04  4.41633495295899939E-07
  794.000000  1.40121907127496740E+02  1.13556644829280003E+02  1.41452385236017424E+01  1.22554952714882734E+01  1.01052001364250077E-01  6.30572790026823343E-02  2.83678335171197048E-04  1.35115962353661600E-04  4.28462250852773471E-07
  796.000000  1.38936725208711067E+02  1.12811511961398082E+02  1.39173278368669937E+01  1.20468715217890345E+01  9.89471245732250482E-02  6.16583860927138669E-02  2.76505179472506975E-04  1.31457085297663896E-04  4.15726251023258185E-07
  798.000000  1.37769300557508330E+02  1.12075104977652529E+02  1.36939519799892242E+01  1.18426564493755340E+01  9.68935348719779238E-02  6.02957647437034963E-02  2.69537458294344943E-04  1.27910007354132128E-04  4.03409713753071319E-07
  800.000000  1.36619270779166783E+02  1.11347282706257772E+02  1.34750035864605611E+01  1.16427387165640948E+01  9.48898014350703506E-02  5.89683374313229661E-02  2.62768600699483565E-04  1.24470919820623510E-04  3.91497480298757198E-07
  802.000000  1.35486282775867096E+02  1.10627906946007329E+02  1.32603782502178866E+01  1.14470102699318588E+01  9.29345385015716563E-02  5.76750628079339758E-02  2.56192268140847826E-04  1.21136157384978490E-04  3.79974988569039297E-07
  804.000000  1.34369992460782925E+02  1.09916842388149519E+02  1.30499744320453193E+01  1.12553662290884411E+01  9.10264037893689787E-02  5.64149343443826404E-02  2.49802345443122598E-04  1.17902192201441107E-04  3.68828247696652830E-07
  806.000000  1.33270064482520979E+02  1.09213956540878939E+02  1.28436933693273030E+01  1.10677047797110006E+01  8.91640969712026582E-02  5.51869790283101777E-02  2.43592932165773005E-04  1.14765628233745438E-04  3.58043813776143076E-07
  808.000000  1.32186171959176335E+02  1.08519119656033240E+02  1.26414389890181376E+01  1.08839270706597127E+01  8.73463582099204550E-02  5.39902561163921532E-02  2.37558334330341831E-04  1.11723195852107279E-04  3.47608766713903029E-07
  810.000000  1.31117996221961846E+02  1.07832204658260480E+02  1.24431178236984366E+01  1.07039371150006630E+01  8.55719667503637704E-02  5.28238559380542691E-02  2.31693056495241745E-04  1.08771746671769179E-04  3.37510688132547015E-07
  812.000000  1.30065226567755730E+02  1.07153087076296686E+02  1.22486389305966537E+01  1.05276416947681195E+01  8.38397395655107180E-02  5.16868987483181316E-02  2.25991794162369640E-04  1.05908248621352878E-04  3.27737640280752787E-07
  814.000000  1.29027560020259585E+02  1.06481644976324162E+02  1.20579138134570307E+01  1.03549502693103985E+01  8.21485300545383434E-02  5.05785336275724334E-02  2.20449426500273198E-04  1.03129781229955843E-04  3.18278145897244435E-07
  816.000000  1.28004701099680830E+02  1.05817758897588419E+02  1.18708563471457111E+01  1.01857748870683018E+01  8.04972267906079592E-02  4.94979374261518071E-02  2.15061009369423429E-04  1.00433531122441158E-04  3.09121168984178652E-07
  818.000000  1.26996361600122995E+02  1.05161311789718866E+02  1.16873827048824168E+01  1.00200301006411454E+01  7.88847523163912351E-02  4.84443137517184194E-02  2.09821768636661652E-04  9.78167877129599911E-05  3.00256096445138620E-07
  820.000000  1.26002260374902519E+02  1.04512188952207509E+02  1.15074112880012791E+01  9.85763288500545443E+00  7.73100619851622983E-02  4.74168919975422598E-02  2.04727093764749552E-04  9.52769390872422006E-05  2.91672720545750618E-07
  822.000000  1.25022123129043123E+02  1.03870277975538158E+02  1.13308626581351319E+01  9.69850255875332223E+00  7.57721428457111684E-02  4.64149264098551034E-02  1.99772531666006004E-04  9.28114680646728254E-05  2.83361222158664891E-07
  824.000000  1.24055682218987855E+02  1.03235468684218745E+02  1.11576594717380377E+01  9.54256070822791713E+00  7.42700125691956592E-02  4.54376951925648809E-02  1.94953780807004219E-04  9.04179484316608429E-05  2.75312154753620486E-07
  826.000000  1.23102676459054706E+02  1.02607653081463184E+02  1.09877264168487123E+01  9.38973111443561415E+00  7.28027184161876145E-02  4.44844996476755558E-02  1.90266685554081518E-04  8.80940413382079630E-05  2.67516429097919039E-07
  828.000000  1.22162850934456273E+02  1.01986725295539486E+02  1.08209901520144065E+01  9.23993968262235654E+00  7.13693362422705146E-02  4.35546633498512734E-02  1.85707230748728653E-04  8.58374918500157108E-05  2.59965298633782723E-07
  830.000000  1.21235956820594765E+02  1.01372581527695161E+02  1.06573792472881994E+01  9.09311437440462456E+00  6.99689695406366108E-02  4.26475313536371844E-02  1.81271536502525260E-04  8.36461256488555560E-05  2.52650345500009117E-07
  832.000000  1.20321751208442748E+02  1.00765120001650359E+02  1.04968241272250484E+01  8.94918514235272866E+00  6.86007485201438477E-02  4.17624694319146117E-02  1.76955853202354459E-04  8.15178458742897870E-05  2.45563467167186529E-07
  834.000000  1.19419996935743811E+02  1.00164240914576112E+02  1.03392570157973420E+01  8.80808386692509160E+00  6.72638292173453750E-02  4.08988633442330038E-02  1.72756556716245380E-04  7.94506301001678090E-05  2.38696863658301185E-07
  836.000000  1.18530462423768213E+02  9.95698463894557904E+01  1.01846118831603079E+01  8.66974429566287697E+00  6.59573926412321682E-02  4.00561181337481115E-02  1.68670143791782324E-04  7.74425274396938439E-05  2.32043025327066466E-07
  838.000000  1.17652921519501589E+02  9.89818404288734541E+01  1.00328243941975561E+01  8.53410198455166302E+00  6.46806439492576962E-02  3.92336574515219291E-02  1.64693227637880649E-04  7.54916557731178821E-05  2.25594721167303509E-07
  840.000000  1.16787153343081854E+02  9.84001288702044121E+01  9.88383185877649595E+00  8.40109424146277384E+00  6.34328116534170483E-02  3.84309229070145184E-02  1.60822533682566644E-04  7.35961990924108972E-05  2.19344987629360848E-07
  842.000000  1.15932942140039813E+02  9.78246193418984831E+01  9.73757318365776747E+00  8.27066007159709748E+00  6.22131468552198016E-02  3.76473734436722912E-02  1.57054895499180591E-04  7.17544049576257053E-05  2.13287117919555164E-07
  844.000000  1.15090077138584235E+02  9.72552212212571590E+01  9.59398882598739178E+00  8.14274012484522913E+00  6.10209225083406803E-02  3.68824847385186630E-02  1.53387250893279758E-04  6.99645820597834381E-05  2.07414651760523500E-07
  846.000000  1.14258352411354494E+02  9.66918455932463417E+01  9.45302074832274819E+00  8.01727664499536274E+00  5.98554327078975185E-02  3.61357486247627993E-02  1.49816638143990873E-04  6.82250978855225820E-05  2.01721365591016614E-07
  848.000000  1.13437566741673905E+02  9.61344052105206970E+01  9.31461237512990259E+00  7.89421342071149734E+00  5.87159920052582607E-02  3.54066725364364787E-02  1.46340192392731614E-04  6.65343764788563604E-05  1.96201263184935429E-07
  850.000000  1.12627523494142224E+02  9.55828144546182443E+01  9.17870855069969593E+00  7.77349573821569795E+00  5.76019347474069077E-02  3.46947789741452878E-02  1.42955142173275081E-04  6.48908962956864843E-05  1.90848566670565707E-07
  852.000000  1.11828030489315353E+02  9.50369892981921112E+01  9.04525549843283727E+00  7.65507033560750205E+00  5.65126144399034566E-02  3.39996049910543247E-02  1.39658806077120766E-04  6.32931881469140831E-05  1.85657707931490817E-07
  854.000000  1.11038899882385536E+02  9.44968472683086134E+01  8.91420078144220440E+00  7.53888535875793586E+00  5.54474031324365610E-02  3.33207016982645862E-02  1.36448589548456988E-04  6.17398332261766535E-05  1.80623320371950496E-07
  856.000000  1.10259948045738568E+02  9.39623074107990988E+01  8.78549326442558076E+00  7.42489031871563654E+00  5.44056908262346359E-02  3.26576337887742874E-02  1.33321981803203888E-04  6.02294612184392294E-05  1.75740231030047887E-07
  858.000000  1.09490995455132833E+02  9.34332902555140663E+01  8.65908307676273736E+00  7.31303605056961015E+00  5.33868849023490452E-02  3.20099790792653591E-02  1.30276552867163045E-04  5.87607484858597174E-05  1.71003453023107418E-07
  860.000000  1.08731866579599142E+02  9.29097177826813549E+01  8.53492157679258057E+00  7.20327467371096475E+00  5.23904095700184549E-02  3.13773280689751341E-02  1.27309950727785083E-04  5.73324163275009766E-05  1.66408178309988596E-07
  862.000000  1.07982389774583964E+02  9.23915133899830607E+01  8.41296131723102825E+00  7.09555955344275446E+00  5.14157053344730039E-02  3.07592835149652077E-02  1.24419898595546215E-04  5.59432293096491731E-05  1.61949770756358709E-07
  864.000000  1.07242397178618461E+02  9.18786018607345909E+01  8.29315601168384653E+00  6.98984526388399185E+00  5.04622284832239587E-02  3.01554600231031464E-02  1.21604192269765657E-04  5.45919936636166727E-05  1.57623759489328533E-07
  866.000000  1.06511724613052877E+02  9.13709093327886990E+01  8.17546050221940135E+00  6.88608755212116019E+00  4.95294505903004154E-02  2.95654836541313221E-02  1.18860697604750913E-04  5.32775557480898596E-05  1.53425832528299518E-07
  868.000000  1.05790211484925450E+02  9.08683632683170117E+01  8.05983072796521149E+00  6.78424330356088134E+00  4.86168580376610676E-02  2.89889915442123614E-02  1.16187348072330050E-04  5.19988005732178047E-05  1.49351830679796421E-07
  870.000000  1.05077700692830476E+02  9.03708924244248806E+01  7.94622369468622924E+00  6.68427050843631765E+00  4.77239515531541897E-02  2.84256315393566460E-02  1.13582142416520401E-04  5.07546503837305775E-05  1.45397741684989089E-07
  872.000000  1.04374038535650257E+02  8.98784268245311750E+01  7.83459744531853008E+00  6.58612822942756360E+00  4.68502457643997852E-02  2.78750618431914225E-02  1.11043142396689520E-04  4.95440632985652473E-05  1.41559694607772828E-07
  874.000000  1.03679074624042443E+02  8.93908977304929522E+01  7.72491103141628788E+00  6.48977657035111122E+00  4.59952687679935357E-02  2.73369506775166214E-02  1.08568470615618573E-04  4.83660320045259257E-05  1.37833954453918214E-07
  876.000000  1.02992661794672586E+02  8.89082376155236602E+01  7.61712448548965337E+00  6.39517664588285228E+00  4.51585617134024619E-02  2.68109759551603058E-02  1.06156308428931000E-04  4.72195825016894511E-05  1.34216917010135947E-07
  878.000000  1.02314656026950217E+02  8.84303801377446348E+01  7.51119879419417025E+00  6.30229055227370871E+00  4.43396784011364092E-02  2.62968249646297753E-02  1.03804893932698438E-04  4.61037728983180011E-05  1.30705103894280188E-07
  880.000000  1.01644916362429811E+02  8.79572601145282533E+01  7.40709587234774602E+00  6.21108133902260562E+00  4.35381848944769723E-02  2.57941940660965756E-02  1.01512583232101489E-04  4.50176922531695073E-05  1.27295157806530998E-07
  882.000000  1.00983304826192949E+02  8.74888134973971887E+01  7.30477853774478891E+00  6.12151298147155565E+00  4.27536591444406672E-02  2.53027883982687996E-02  9.92775934081782728E-05  4.39604594631889912E-05  1.23983837973743410E-07
  884.000000  1.00329686351334416E+02  8.70249773477021336E+01  7.20421048674118669E+00  6.03355035429073983E+00  4.19856906273382846E-02  2.48223215957275034E-02  9.70983870800460870E-05  4.29312221946664198E-05  1.20768015777823408E-07
  886.000000  9.96839287048963456E+01  8.65656898127751901E+01  7.10535627058086661E+00  5.94715920581825497E+00  4.12338799945585546E-02  2.43525155163057359E-02  9.49734106320666258E-05  4.19291558560020794E-05  1.17644670560658717E-07
  888.000000  9.90459024164828890E+01  8.61108901028675859E+01  7.00818127244380040E+00  5.86230613322757410E+00  4.04978387340873061E-02  2.38930999781337070E-02  9.29011581929296322E-05  4.09534626103523071E-05  1.14610885597565782E-07
  890.000000  9.84154807087887775E+01  8.56605184685583367E+01  6.91265168518690043E+00  5.77895855848994788E+00  3.97771888433324297E-02  2.34438125059643794E-02  9.08801700302427852E-05  4.00033704264646380E-05  1.11663844232341299E-07
  892.000000  9.77925394301642257E+01  8.52145161787416896E+01  6.81873448975438379E+00  5.69708470510487608E+00  3.90715625128596061E-02  2.30043980864227983E-02  8.89090310037714076E-05  3.90781321661093700E-05  1.08800826166886825E-07
  894.000000  9.71769569892533553E+01  8.47728254992763937E+01  6.72639743424029923E+00  5.61665357557126743E+00  3.83806018205943913E-02  2.25746089318390464E-02  8.69863690749724579E-05  3.81770247065860377E-05  1.06019203898598778E-07
  896.000000  9.65686142914079682E+01  8.43353896720564080E+01  6.63560901357289001E+00  5.53763492957173042E+00  3.77039584361900659E-02  2.21542042523282419E-02  8.51108538707671730E-05  3.72993480968410957E-05  1.03316439299376663E-07
  898.000000  9.59673946769802910E+01  8.39021528946436774E+01  6.54633844980869384E+00  5.45999926284685611E+00  3.70412933351016993E-02  2.17429500358081867E-02  8.32811952992927742E-05  3.64444247458079685E-05  1.00690080330455554E-07
  900.000000  9.53731838614710199E+01  8.34730603004928184E+01  6.45855567300912892E+00  5.38371778673271884E+00  3.63922765220807964E-02  2.13406188356455515E-02  8.14961422156173414E-05  3.56115986416362845E-05  9.81377578867208285E-08
