# Wavelength || Average || inc1 | inc2 | ...
  300.000000  2.98287357320167132E+02  2.98287357320167132E+02
  302.000000  3.10538030913955424E+02  3.10538030913955424E+02
  304.000000  3.23465942049993430E+02  3.23465942049993430E+02
  306.000000  3.37122552820257965E+02  3.37122552820257965E+02
  308.000000  3.51564704732677228E+02  3.51564704732677228E+02
  310.000000  3.66855390228056478E+02  3.66855390228056478E+02
  312.000000  3.83064675414374221E+02  3.83064675414374221E+02
  314.000000  4.00270812998980318E+02  4.00270812998980318E+02
  316.000000  4.18561596982459946E+02  4.18561596982459946E+02
  318.000000  4.38036028159631087E+02  4.38036028159631087E+02
  320.000000  4.58806384107318252E+02  4.58806384107318252E+02
  322.000000  4.81000822592989039E+02  4.81000822592989039E+02
  324.000000  5.04766698665983256E+02  5.04766698665983256E+02
  326.000000  5.30274851869889289E+02  5.30274851869889289E+02
  328.000000  5.57725235556792313E+02  5.57725235556792313E+02
  330.000000  5.87354439960389186E+02  5.87354439960389186E+02
  332.000000  6.19445948327710880E+02  6.19445948327710880E+02
  334.000000  6.54344441951177373E+02  6.54344441951177373E+02
  336.000000  6.92476292411318013E+02  6.92476292411318013E+02
  338.000000  7.34379869978726219E+02  7.34379869978726219E+02
  340.000000  7.80752155513821094E+02  7.80752155513821094E+02
  342.000000  8.32523924926098516E+02  8.32523924926098516E+02
  344.000000  8.90987376761014048E+02  8.90987376761014048E+02
  346.000000  9.58016959625826985E+02  9.58016959625826985E+02
  348.000000  1.03642158088105589E+03  1.03642158088105589E+03
  350.000000  1.13042867033313269E+03  1.13042867033313269E+03
  352.000000  1.24636975420012982E+03  1.24636975420012982E+03
  354.000000  1.39315030933754178E+03  1.39315030933754178E+03
  356.000000  1.58916459206556010E+03  1.58916459206556010E+03
  358.000000  1.83763340571624030E+03  1.83763340571624030E+03
  360.000000  2.06593058010583491E+03  2.06593058010583491E+03
  362.000000  2.31800324394754216E+03  2.31800324394754216E+03
  364.000000  2.74378549035100514E+03  2.74378549035100514E+03
  366.000000  3.45967409821146703E+03  3.45967409821146703E+03
  368.000000  4.62842089680991194E+03  4.62842089680991194E+03
  370.000000  6.33311796184187915E+03  6.33311796184187915E+03
  372.000000  7.82858562949233510E+03  7.82858562949233510E+03
  374.000000  7.52570444292938464E+03  7.52570444292938464E+03
  376.000000  5.94961683145152074E+03  5.94961683145152074E+03
  378.000000  4.60253701367553640E+03  4.60253701367553640E+03
  380.000000  3.78866646796449140E+03  3.78866646796449140E+03
  382.000000  3.34397297822179917E+03  3.34397297822179917E+03
  384.000000  3.11684997948908767E+03  3.11684997948908767E+03
  386.000000  3.01805473231507267E+03  3.01805473231507267E+03
  388.000000  2.99801829061803028E+03  2.99801829061803028E+03
  390.000000  3.02843565604170681E+03  3.02843565604170681E+03
  392.000000  3.09218456185829473E+03  3.09218456185829473E+03
  394.000000  3.17810345411731078E+03  3.17810345411731078E+03
  396.000000  3.27825272888433392E+03  3.27825272888433392E+03
  398.000000  3.38644184497472634E+03  3.38644184497472634E+03
  400.000000  3.49742825536416603E+03  3.49742825536416603E+03
  402.000000  3.60649619333295368E+03  3.60649619333295368E+03
  404.000000  3.70926709819742200E+03  3.70926709819742200E+03
  406.000000  3.80166096639630041E+03  3.80166096639630041E+03
  408.000000  3.87995795735741513E+03  3.87995795735741513E+03
  410.000000  3.94092115289280537E+03  3.94092115289280537E+03
  412.000000  3.98194478746341292E+03  3.98194478746341292E+03
  414.000000  4.00119389741046598E+03  4.00119389741046598E+03
  416.000000  3.99770516668511709E+03  3.99770516668511709E+03
  418.000000  3.97142662255853020E+03  3.97142662255853020E+03
  420.000000  3.92318544036314233E+03  3.92318544036314233E+03
  422.000000  3.85458633297707456E+03  3.85458633297707456E+03
  424.000000  3.76785484036642856E+03  3.76785484036642856E+03
  426.000000  3.66564765355857844E+03  3.66564765355857844E+03
  428.000000  3.55085457897036122E+03  3.55085457897036122E+03
  430.000000  3.42641418558744408E+03  3.42641418558744408E+03
  432.000000  3.29515916263234385E+03  3.29515916263234385E+03
  434.000000  3.15970004158253323E+03  3.15970004158253323E+03
  436.000000  3.02234905953036878E+03  3.02234905953036878E+03
  438.000000  2.88508073557862190E+03  2.88508073557862190E+03
  440.000000  2.74952261068404050E+03  2.74952261068404050E+03
  442.000000  2.61696838992413814E+03  2.61696838992413814E+03
  444.000000  2.48840593466249675E+03  2.48840593466249675E+03
  446.000000  2.36455361564333953E+03  2.36455361564333953E+03
  448.000000  2.24589997004048064E+03  2.24589997004048064E+03
  450.000000  2.13274306183952058E+03  2.13274306183952058E+03
  452.000000  2.02522722566995685E+03  2.02522722566995685E+03
  454.000000  1.92337589339024998E+03  1.92337589339024998E+03
  456.000000  1.82711994988624338E+03  1.82711994988624338E+03
  458.000000  1.73632157074195152E+03  1.73632157074195152E+03
  460.000000  1.65079380772079548E+03  1.65079380772079548E+03
  462.000000  1.57031635826695970E+03  1.57031635826695970E+03
  464.000000  1.49464802645144641E+03  1.49464802645144641E+03
  466.000000  1.42353639002414025E+03  1.42353639002414025E+03
  468.000000  1.35672515752095387E+03  1.35672515752095387E+03
  470.000000  1.29395964891975859E+03  1.29395964891975859E+03
  472.000000  1.23499077514972623E+03  1.23499077514972623E+03
  474.000000  1.17957783325680816E+03  1.17957783325680816E+03
  476.000000  1.12749037944318775E+03  1.12749037944318775E+03
  478.000000  1.07850939360099369E+03  1.07850939360099369E+03
  480.000000  1.03242790708237612E+03  1.03242790708237612E+03
  482.000000  9.89051230205586990E+02  9.89051230205586990E+02
  484.000000  9.48196886871765287E+02  9.48196886871765287E+02
  486.000000  9.09694339943135219E+02  9.09694339943135219E+02
  488.000000  8.73384571931280561E+02  8.73384571931280561E+02
  490.000000  8.39119570315290957E+02  8.39119570315290957E+02
  492.000000  8.06761754772294466E+02  8.06761754772294466E+02
  494.000000  7.76183374159443133E+02  7.76183374159443133E+02
  496.000000  7.47265893732666541E+02  7.47265893732666541E+02
  498.000000  7.19899387399611669E+02  7.19899387399611669E+02
  500.000000  6.93981945436973660E+02  6.93981945436973660E+02
  502.000000  6.69419104773790082E+02  6.69419104773790082E+02
  504.000000  6.46123306427854345E+02  6.46123306427854345E+02
  506.000000  6.24013382800153749E+02  6.24013382800153749E+02
  508.000000  6.03014076141045280E+02  6.03014076141045280E+02
  510.000000  5.83055588488310264E+02  5.83055588488310264E+02
  512.000000  5.64073162652996984E+02  5.64073162652996984E+02
  514.000000  5.46006693324826529E+02  5.46006693324826529E+02
  516.000000  5.28800367032532336E+02  5.28800367032532336E+02
  518.000000  5.12402329481547667E+02  5.12402329481547667E+02
  520.000000  4.96764378673088402E+02  4.96764378673088402E+02
  522.000000  4.81841682156726506E+02  4.81841682156726506E+02
  524.000000  4.67592516767439406E+02  4.67592516767439406E+02
  526.000000  4.53978029230395180E+02  4.53978029230395180E+02
  528.000000  4.40962016073661346E+02  4.40962016073661346E+02
  530.000000  4.28510721361451147E+02  4.28510721361451147E+02
  532.000000  4.16592650841926684E+02  4.16592650841926684E+02
  534.000000  4.05178401190726220E+02  4.05178401190726220E+02
  536.000000  3.94240503119542268E+02  3.94240503119542268E+02
  538.000000  3.83753277206744258E+02  3.83753277206744258E+02
  540.000000  3.73692701392600497E+02  3.73692701392600497E+02
  542.000000  3.64036289163275512E+02  3.64036289163275512E+02
  544.000000  3.54762977525777160E+02  3.54762977525777160E+02
  546.000000  3.45853023948897828E+02  3.45853023948897828E+02
  548.000000  3.37287911513852407E+02  3.37287911513852407E+02
  550.000000  3.29050261581738539E+02  3.29050261581738539E+02
  552.000000  3.21123753343961312E+02  3.21123753343961312E+02
  554.000000  3.13493049675954296E+02  3.13493049675954296E+02
  556.000000  3.06143728764723448E+02  3.06143728764723448E+02
  558.000000  2.99062221026390091E+02  2.99062221026390091E+02
  560.000000  2.92235750872193535E+02  2.92235750872193535E+02
  562.000000  2.85652282919706693E+02  2.85652282919706693E+02
  564.000000  2.79300472281186728E+02  2.79300472281186728E+02
  566.000000  2.73169618593095663E+02  2.73169618593095663E+02
  568.000000  2.67249623480032199E+02  2.67249623480032199E+02
  570.000000  2.61530951173009441E+02  2.61530951173009441E+02
  572.000000  2.56004592026186344E+02  2.56004592026186344E+02
  574.000000  2.50662028698464042E+02  2.50662028698464042E+02
  576.000000  2.45495204786308960E+02  2.45495204786308960E+02
  578.000000  2.40496495712564268E+02  2.40496495712564268E+02
  580.000000  2.35658681692808472E+02  2.35658681692808472E+02
  582.000000  2.30974922615793332E+02  2.30974922615793332E+02
  584.000000  2.26438734688560231E+02  2.26438734688560231E+02
  586.000000  2.22043968709287583E+02  2.22043968709287583E+02
  588.000000  2.17784789842433213E+02  2.17784789842433213E+02
  590.000000  2.13655658781280266E+02  2.13655658781280266E+02
  592.000000  2.09651314192391482E+02  2.09651314192391482E+02
  594.000000  2.05766756345293118E+02  2.05766756345293118E+02
  596.000000  2.01997231838598509E+02  2.01997231838598509E+02
  598.000000  1.98338219340956528E+02  1.98338219340956528E+02
  600.000000  1.94785416271969694E+02  1.94785416271969694E+02
  602.000000  1.91334726354061701E+02  1.91334726354061701E+02
  604.000000  1.87982247971994212E+02  1.87982247971994212E+02
  606.000000  1.84724263281569080E+02  1.84724263281569080E+02
  608.000000  1.81557228013879097E+02  1.81557228013879097E+02
  610.000000  1.78477761925472578E+02  1.78477761925472578E+02
  612.000000  1.75482639848835674E+02  1.75482639848835674E+02
  614.000000  1.72568783301007159E+02  1.72568783301007159E+02
  616.000000  1.69733252611472125E+02  1.69733252611472125E+02
  618.000000  1.66973239533411459E+02  1.66973239533411459E+02
  620.000000  1.64286060305098403E+02  1.64286060305098403E+02
  622.000000  1.61669149130779147E+02  1.61669149130779147E+02
  624.000000  1.59120052052628125E+02  1.59120052052628125E+02
  626.000000  1.56636421187521364E+02  1.56636421187521364E+02
  628.000000  1.54216009304294033E+02  1.54216009304294033E+02
  630.000000  1.51856664718915852E+02  1.51856664718915852E+02
  632.000000  1.49556326486710873E+02  1.49556326486710873E+02
  634.000000  1.47313019872220536E+02  1.47313019872220536E+02
  636.000000  1.45124852078702816E+02  1.45124852078702816E+02
  638.000000  1.42990008220586304E+02  1.42990008220586304E+02
  640.000000  1.40906747523353118E+02  1.40906747523353118E+02
  642.000000  1.38873399736402291E+02  1.38873399736402291E+02
  644.000000  1.36888361745511702E+02  1.36888361745511702E+02
  646.000000  1.34950094372379112E+02  1.34950094372379112E+02
  648.000000  1.33057119349656091E+02  1.33057119349656091E+02
  650.000000  1.31208016460640266E+02  1.31208016460640266E+02
  652.000000  1.29401420833521087E+02  1.29401420833521087E+02
  654.000000  1.27636020380809171E+02  1.27636020380809171E+02
  656.000000  1.25910553375170096E+02  1.25910553375170096E+02
  658.000000  1.24223806153473916E+02  1.24223806153473916E+02
  660.000000  1.22574610941416324E+02  1.22574610941416324E+02
  662.000000  1.20961843791605716E+02  1.20961843791605716E+02
  664.000000  1.19384422628406156E+02  1.19384422628406156E+02
  666.000000  1.17841305393342068E+02  1.17841305393342068E+02
  668.000000  1.16331488285218228E+02  1.16331488285218228E+02
  670.000000  1.14854004089476518E+02  1.14854004089476518E+02
  672.000000  1.13407920591738701E+02  1.13407920591738701E+02
  674.000000  1.11992339070701149E+02  1.11992339070701149E+02
  676.000000  1.10606392865922942E+02  1.10606392865922942E+02
  678.000000  1.09249246016300148E+02  1.09249246016300148E+02
  680.000000  1.07920091965294830E+02  1.07920091965294830E+02
  682.000000  1.06618152329216173E+02  1.06618152329216173E+02
  684.000000  1.05342675725088426E+02  1.05342675725088426E+02
  686.000000  1.04092936654853318E+02  1.04092936654853318E+02
  688.000000  1.02868234442833185E+02  1.02868234442833185E+02
  690.000000  1.01667892223607183E+02  1.01667892223607183E+02
  692.000000  1.00491255977569068E+02  1.00491255977569068E+02
  694.000000  9.93376936116504510E+01  9.93376936116504510E+01
  696.000000  9.82065940827960162E+01  9.82065940827960162E+01
  698.000000  9.70973665619748942E+01  9.70973665619748942E+01
  700.000000  9.60094396365634992E+01  9.60094396365634992E+01
  702.000000  9.49422605491495801E+01  9.49422605491495801E+01
  704.000000  9.38952944708479151E+01  9.38952944708479151E+01
  706.000000  9.28680238073726088E+01  9.28680238073726088E+01
  708.000000  9.18599475361900488E+01  9.18599475361900488E+01
  710.000000  9.08705805731664782E+01  9.08705805731664782E+01
  712.000000  8.98994531672446300E+01  8.98994531672446300E+01
  714.000000  8.89461103217345368E+01  8.89461103217345368E+01
  716.000000  8.80101112408896142E+01  8.80101112408896142E+01
  718.000000  8.70910288005110687E+01  8.70910288005110687E+01
  720.000000  8.61884490414306583E+01  8.61884490414306583E+01
  722.000000  8.53019706847158830E+01  8.53019706847158830E+01
  724.000000  8.44312046675512278E+01  8.44312046675512278E+01
  726.000000  8.35757736988148707E+01  8.35757736988148707E+01
  728.000000  8.27353118333767270E+01  8.27353118333767270E+01
  730.000000  8.19094640642490219E+01  8.19094640642490219E+01
  732.000000  8.10978859317153109E+01  8.10978859317153109E+01
  734.000000  8.03002431486640091E+01  8.03002431486640091E+01
  736.000000  7.95162112413429014E+01  7.95162112413429014E+01
  738.000000  7.87454752048210622E+01  7.87454752048210622E+01
  740.000000  7.79877291724819202E+01  7.79877291724819202E+01
  742.000000  7.72426760988972347E+01  7.72426760988972347E+01
  744.000000  7.65100274554553010E+01  7.65100274554553010E+01
  746.000000  7.57895029381794103E+01  7.57895029381794103E+01
  748.000000  7.50808301871708039E+01  7.50808301871708039E+01
  750.000000  7.43837445171543976E+01  7.43837445171543976E+01
  752.000000  7.36979886586389767E+01  7.36979886586389767E+01
  754.000000  7.30233125091842794E+01  7.30233125091842794E+01
  756.000000  7.23594728943757275E+01  7.23594728943757275E+01
  758.000000  7.17062333380373360E+01  7.17062333380373360E+01
  760.000000  7.10633638412924284E+01  7.10633638412924284E+01
  762.000000  7.04306406700923446E+01  7.04306406700923446E+01
  764.000000  6.98078461508264212E+01  6.98078461508264212E+01
  766.000000  6.91947684736765183E+01  6.91947684736765183E+01
  768.000000  6.85912015033896978E+01  6.85912015033896978E+01
  770.000000  6.79969445971306783E+01  6.79969445971306783E+01
  772.000000  6.74118024291327913E+01  6.74118024291327913E+01
  774.000000  6.68355848218445630E+01  6.68355848218445630E+01
  776.000000  6.62681065833131697E+01  6.62681065833131697E+01
  778.000000  6.57091873505299446E+01  6.57091873505299446E+01
  780.000000  6.51586514384941324E+01  6.51586514384941324E+01
  782.000000  6.46163276947607699E+01  6.46163276947607699E+01
  784.000000  6.40820493592435128E+01  6.40820493592435128E+01
  786.000000  6.35556539290557723E+01  6.35556539290557723E+01
  788.000000  6.30369830281847143E+01  6.30369830281847143E+01
  790.000000  6.25258822818082081E+01  6.25258822818082081E+01
  792.000000  6.20222011950509398E+01  6.20222011950509398E+01
  794.000000  6.15257930360208647E+01  6.15257930360208647E+01
  796.000000  6.10365147229410141E+01  6.10365147229410141E+01
  798.000000  6.05542267152154849E+01  6.05542267152154849E+01
  800.000000  6.00787929082801782E+01  6.00787929082801782E+01
  802.000000  5.96100805320783422E+01  5.96100805320783422E+01
  804.000000  5.91479600530323495E+01  5.91479600530323495E+01
  806.000000  5.86923050793580288E+01  5.86923050793580288E+01
  808.000000  5.82429922696105464E+01  5.82429922696105464E+01
  810.000000  5.77999012443169349E+01  5.77999012443169349E+01
  812.000000  5.73629145005951884E+01  5.73629145005951884E+01
  814.000000  5.69319173296315455E+01  5.69319173296315455E+01
  816.000000  5.65067977369129011E+01  5.65067977369129011E+01
  818.000000  5.60874463651107291E+01  5.60874463651107291E+01
  820.000000  5.56737564195126851E+01  5.56737564195126851E+01
  822.000000  5.52656235959081243E+01  5.52656235959081243E+01
  824.000000  5.48629460108358487E+01  5.48629460108358487E+01
  826.000000  5.44656241341030878E+01  5.44656241341030878E+01
  828.000000  5.40735607234982965E+01  5.40735607234982965E+01
  830.000000  5.36866607616088842E+01  5.36866607616088842E+01
  832.000000  5.33048313946730588E+01  5.33048313946730588E+01
  834.000000  5.29279818733797640E+01  5.29279818733797640E+01
  836.000000  5.25560234955681977E+01  5.25560234955681977E+01
  838.000000  5.21888695507348856E+01  5.21888695507348856E+01
  840.000000  5.18264352662865804E+01  5.18264352662865804E+01
  842.000000  5.14686377554995786E+01  5.14686377554995786E+01
  844.000000  5.11153959670886451E+01  5.11153959670886451E+01
  846.000000  5.07666306363567088E+01  5.07666306363567088E+01
  848.000000  5.04222642378579238E+01  5.04222642378579238E+01
  850.000000  5.00822209395144284E+01  5.00822209395144284E+01
  852.000000  4.97464265581521516E+01  4.97464265581521516E+01
  854.000000  4.94148085163927178E+01  4.94148085163927178E+01
  856.000000  4.90872958008562676E+01  4.90872958008562676E+01
  858.000000  4.87638189216370748E+01  4.87638189216370748E+01
  860.000000  4.84443098729914041E+01  4.84443098729914041E+01
  862.000000  4.81287020952257976E+01  4.81287020952257976E+01
  864.000000  4.78169304377064108E+01  4.78169304377064108E+01
  866.000000  4.75089311229815436E+01  4.75089311229815436E+01
  868.000000  4.72046417119678736E+01  4.72046417119678736E+01
  870.000000  4.69040010701630905E+01  4.69040010701630905E+01
  872.000000  4.66069493348550807E+01  4.66069493348550807E+01
  874.000000  4.63134278832875026E+01  4.63134278832875026E+01
  876.000000  4.60233793017566555E+01  4.60233793017566555E+01
  878.000000  4.57367473556104258E+01  4.57367473556104258E+01
  880.000000  4.54534769601056468E+01  4.54534769601056468E+01
  882.000000  4.51735141521131283E+01  4.51735141521131283E+01
  884.000000  4.48968060626313488E+01  4.48968060626313488E+01
  886.000000  4.46233008900868384E+01  4.46233008900868384E+01
  888.000000  4.43529478743898622E+01  4.43529478743898622E+01
  890.000000  4.40856972717308793E+01  4.40856972717308793E+01
  892.000000  4.38215003300870265E+01  4.38215003300870265E+01
  894.000000  4.35603092654129682E+01  4.35603092654129682E+01
  896.000000  4.33020772385021857E+01  4.33020772385021857E+01
  898.000000  4.30467583324970988E+01  4.30467583324970988E+01
  900.000000  4.27943075310093732E+01  4.27943075310093732E+01
