# Wavelength | Total | n= 1 | ...
  300.000000  5.03602603744949647E+02  3.31261376352353409E+02  1.40150383065914411E+02  2.91720951695711079E+01  2.83312504366855444E+00  1.78212234756965099E-01  7.19892922602280785E-03  2.08456553501993084E-04  4.49290655666220471E-06
  302.000000  5.22685636977923423E+02  3.44748521382053923E+02  1.44811457687040672E+02  3.00383695626867464E+01  2.89885252892007816E+00  1.80976730313776313E-01  7.24681749146867046E-03  2.07835321730690502E-04  4.43409486109945302E-06
  304.000000  5.42816680345133591E+02  3.58914522985891608E+02  1.49764760134740243E+02  3.09739549735456094E+01  2.97172252017958050E+00  1.84193586799422326E-01  7.31393825564216268E-03  2.07815696647910259E-04  4.39002370703773788E-06
  306.000000  5.64076433303224348E+02  3.73803537698749778E+02  1.55038231146349119E+02  3.19865823161027976E+01  3.05255496433436635E+00  1.87912006456199210E-01  7.40205770507339732E-03  2.08436956205719200E-04  4.67656990390098304E-06
  308.000000  5.86554296776616411E+02  3.89463393621879732E+02  1.60663507702742208E+02  3.30851676943918989E+01  3.14230954193719558E+00  1.92190480838204919E-01  7.51333164740923716E-03  2.09749677141107794E-04  4.65350292400373416E-06
  310.000000  6.10349679932135587E+02  4.05945987547256664E+02  1.66676566659501589E+02  3.42800444478820197E+01  3.24211553652504625E+00  1.97098879583437359E-01  7.65039502558012216E-03  2.11818255260690091E-04  4.64810573274870815E-06
  312.000000  6.35573567341364196E+02  4.23307740879243283E+02  1.73118508510429876E+02  3.55832512813657189E+01  3.35330967064847041E+00  2.02721135065831309E-01  7.81647859383865877E-03  2.14724241000503746E-04  4.66177612159979428E-06
  314.000000  6.62350420150793525E+02  4.41610127068233851E+02  1.80036518196980921E+02  3.70088928388524607E+01  3.47748448824769074E+00  2.09158728689936763E-01  8.01556261806256505E-03  2.18570796957994026E-04  4.69637278669797527E-06
  316.000000  6.90820500283441106E+02  4.60920287212480162E+02  1.87485051357418683E+02  3.85735947571601088E+01  3.61655086187722485E+00  2.16535269678322151E-01  8.25258176121758565E-03  2.23488723765209317E-04  4.75434229311276841E-06
  318.000000  7.21142739745225299E+02  4.81311756047605286E+02  1.95527310036985000E+02  4.02970832321854147E+01  3.77281965914169293E+00  2.25002583870582362E-01  8.53370182625949603E-03  2.29644715398627991E-04  4.83889542530369962E-06
  320.000000  7.53498320076693744E+02  5.02865328550908544E+02  2.04237093376455164E+02  4.22029305607058944E+01  3.94910976033136274E+00  2.34748922105152080E-01  8.86669908810990524E-03  2.37252842135282540E-04  4.95425583602288898E-06
  322.000000  7.88095188839446564E+02  5.25670109170230262E+02  2.13701138697968190E+02  4.43195247150422489E+01  4.14889287572074572E+00  2.46010194840388080E-01  9.26148882657849490E-03  2.46590800976431647E-04  5.10601684538141123E-06
  324.000000  8.25173829909101642E+02  5.49824803444081226E+02  2.24022110507730986E+02  4.66813455220936930E+01  4.37649062531549760E+00  2.59085609502778924E-01  9.73087534734870183E-03  2.58023366018880751E-04  5.30166391492610153E-06
  326.000000  8.65014737498606792E+02  5.75439339257311076E+02  2.35322454994776194E+02  4.93306669342962465E+01  4.63734723700767404E+00  2.74359848467413181E-01  1.02916384047781594E-02  2.72036984808376905E-04  5.55135772763241299E-06
  328.000000  9.07948245421831416E+02  6.02636948773489621E+02  2.47749424523849939E+02  5.23198616749636898E+01  4.93841395088516677E+00  2.92335193556607031E-01  1.09661438321154783E-02  2.89292115557746499E-04  5.86913956234464457E-06
  330.000000  9.54367676021788611E+02  6.31556914287255040E+02  2.61481704424573763E+02  5.57145740372070293E+01  5.28870231855157868E+00  3.13679179628792493E-01  1.17847950241427180E-02  3.10704703207138704E-04  6.27484434358302555E-06
  332.000000  1.00474727321988757E+03  6.62358304942155883E+02  2.76738265671833915E+02  5.95981714933862321E+01  5.70009963366770656E+00  3.39297226064289470E-01  1.27898782775243414E-02  3.37577255632707477E-04  6.79724577258696538E-06
  334.000000  1.05966721102373594E+03  6.95225252867601284E+02  2.93790359242633713E+02  6.40781275404885236E+01  6.18860343746594488E+00  3.70446831089879081E-01  1.40418071508035380E-02  3.71817865241911845E-04  7.47944201760969365E-06
  336.000000  1.11984939312379629E+03  7.30374735313609563E+02  3.12978024936799102E+02  6.92954057943071717E+01  6.77624902192815970E+00  4.08923668452853217E-01  1.56296775724942029E-02  4.16322604661534929E-04  8.38852240305194713E-06
  338.000000  1.18621033486236229E+03  7.68068665614890051E+02  3.34733222807125230E+02  7.54386653157954044E+01  7.49422809775406584E+00  4.57377755520476048E-01  1.76899595838984937E-02  4.75677817725621245E-04  9.63387485963051752E-06
  340.000000  1.25994234561278427E+03  8.08633875206087396E+02  3.59612920115719703E+02  8.27665148293650503E+01  8.38814788005753442E+00  5.19877235923370873E-01  2.04414163434222564E-02  5.57525350842125763E-04  1.14039357558411566E-05
  342.000000  1.34264417598857472E+03  8.52497519507030120E+02  3.88347586914260660E+02  9.16438188729333802E+01  9.52733608686968303E+00  6.02970916384281908E-01  2.42542740545773280E-02  6.75373244451332928E-04  1.40437979964790844E-05
  344.000000  1.43654233029635270E+03  9.00253512876523018E+02  4.21914283295165660E+02  1.02603822865266579E+02  1.10222316685070325E+01  7.17812278934413239E-01  2.97945356988573856E-02  8.54559184985753239E-04  1.82170723794748046E-05
  346.000000  1.54487457430278027E+03  9.52781980318217393E+02  4.61649291512264085E+02  1.16460412935198491E+02  1.30588055131683767E+01  8.84593623990016287E-01  3.83219086623900404E-02  1.14335569585267429E-03  2.51355859321246161E-05
  348.000000  1.67250859083355590E+03  1.01140026412918087E+03  5.09420819828516301E+02  1.34523227548335740E+02  1.59692312499236273E+01  1.14127547943740071E+00  5.21195546014142294E-02  1.61690569778310069E-03  3.61378657679776099E-05
  350.000000  1.82680275101664847E+03  1.07788682992155009E+03  5.67889197927808937E+02  1.59033296402608585E+02  2.03637080558005721E+01  1.55331360089398762E+00  7.40477798046294822E-02  2.30740023873438537E-03  4.99279414084827423E-05
  352.000000  2.01876406455870256E+03  1.15427501802872939E+03  6.40928215695440713E+02  1.94060238204172350E+02  2.72131291325754745E+01  2.17997460371101637E+00  1.04317322765397638E-01  3.10931148049287771E-03  6.22598236604577921E-05
  354.000000  2.26344832916305495E+03  1.24122202509352337E+03  7.34259141034345703E+02  2.47245751813397533E+02  3.76693220404588160E+01  2.91870506557896014E+00  1.29786851760172961E-01  3.53252140573660171E-03  6.47425827887035513E-05
  356.000000  2.59261379223778022E+03  1.34509966518139754E+03  8.57226769654886311E+02  3.31513159449552063E+02  5.46847368772721509E+01  3.93102558461241669E+00  1.54716737143096750E-01  3.65930351040824522E-03  5.94494064965173002E-05
  358.000000  3.02039164545920721E+03  1.47009043976990415E+03  1.02197772950415697E+03  4.45611981017863968E+02  7.72088260721908739E+01  5.30494060726002470E+00  1.93527836572361639E-01  4.13994540803873639E-03  6.07058505235912895E-05
  360.000000  3.42608128712115467E+03  1.58098877546177391E+03  1.23943834065973715E+03  5.17556023975856306E+02  8.25778649835326917E+01  5.33051553124092869E+00  1.85951420990317806E-01  3.76235262027868958E-03  5.27354035727424132E-05
  362.000000  3.84906467435535706E+03  1.67985993939420587E+03  1.54777951098154995E+03  5.47921914805061760E+02  6.94044193758741699E+01  3.96602182660820235E+00  1.30332408264957650E-01  2.50103580249579158E-03  3.45279940888803147E-05
  364.000000  4.56547913716719995E+03  1.82509042545828379E+03  2.02614498562120139E+03  6.46227140539665697E+02  6.48235456887205856E+01  3.09829024036032097E+00  9.30963132294611445E-02  1.63101404428556032E-03  2.22916937045746902E-05
  366.000000  5.79762557973378352E+03  2.05278651613803959E+03  2.79742862859990782E+03  8.68702001789396718E+02  7.55834246863821022E+01  3.04056640308382020E+00  8.31594269857887369E-02  1.26561056064416252E-03  1.70794249740433491E-05
  368.000000  7.81054909737929302E+03  2.39736795898963646E+03  4.03378306490529349E+03  1.27571184444344976E+03  9.99045984242488601E+01  3.68945663580643624E+00  9.09288880555239737E-02  1.22922241058054252E-03  1.58703890537271944E-05
  370.000000  1.06520042346679038E+04  2.83648263021432103E+03  5.78866890415636954E+03  1.89796603015834239E+03  1.23866710427397379E+02  4.91977918705160633E+00  9.87660314349875640E-02  1.39916159043992276E-03  1.53314003275419964E-05
  372.000000  1.33012420174685431E+04  3.08990752805418379E+03  7.59979990965614707E+03  2.47031213477938036E+03  1.35197881848819094E+02  5.92711313062968959E+00  9.59051695386332476E-02  1.53242715158257944E-03  1.24026936379921784E-05
  374.000000  1.37090070500404381E+04  2.96547743026099852E+03  8.08166668267693422E+03  2.52412578379610022E+03  1.31925737367011266E+02  5.72333671714377168E+00  8.66702153308150924E-02  1.39855337176654276E-03  1.04535418993294031E-05
  376.000000  1.15833649636361461E+04  2.76723342536173186E+03  6.65869399020807396E+03  2.04707461515129489E+03  1.05776269516336981E+02  4.51838617108175988E+00  6.71943928606937441E-02  1.07395092618510208E-03  8.88384183176478201E-06
  378.000000  8.85627214645858112E+03  2.65202015790287442E+03  4.74013764799862747E+03  1.38886398262265288E+03  7.21929994997703659E+01  3.01137688600554743E+00  4.52648798145982509E-02  7.10733691347221618E-04  5.93513979638418967E-06
  380.000000  6.92658460969185762E+03  2.63178247295631081E+03  3.34990737519254662E+03  8.95416769427845566E+02  4.75444317563040357E+01  1.90349135095290700E+00  2.96141728702173854E-02  4.50940220156799084E-04  3.89480876510871318E-06
  382.000000  5.82683484676787702E+03  2.68236153657112300E+03  2.51053245309489012E+03  6.00296313000623741E+02  3.23781460873676679E+01  1.24607621785188827E+00  2.00220711480126809E-02  2.97073450726552347E-04  2.65142063300932406E-06
  384.000000  5.25086872578371913E+03  2.77861705168279150E+03  2.02127857575507414E+03  4.26915369120675393E+02  2.31825279430467646E+01  8.60824797457446667E-01  1.41702971856683593E-02  2.06187495955590516E-04 -0.00000000000000000E+00
  386.000000  4.98248853299883558E+03  2.90513348771060919E+03  1.73868410189101178E+03  3.20609673871955579E+02  1.74263251448104697E+01  6.24333156787253651E-01  1.04614867445561241E-02  1.49736912062563255E-04 -0.00000000000000000E+00
  388.000000  4.90192244026207845E+03  3.05336676149283812E+03  1.58230123607306314E+03  2.52090834375893564E+02  1.36842149529721056E+01  4.71274374410602437E-01  8.00625975754689322E-03  1.12733132686465134E-04 -0.00000000000000000E+00
  390.000000  4.94461687023152626E+03  3.21840270890376632E+03  1.50873431198278831E+03  2.05931469217371614E+02  1.11745078322150899E+01  3.67467785851766870E-01  6.31718465885165899E-03  8.73248717182941667E-05 -0.00000000000000000E+00
  392.000000  5.07525191308885769E+03  3.39711881307535805E+03  1.49470283397153798E+03  1.73673241505791850E+02  9.45758414428942729E+00  2.94252720843207971E-01  5.11846904226695432E-03  6.92019903212900782E-05 -0.00000000000000000E+00
  394.000000  5.27434614128269459E+03  3.58723403057958421E+03  1.52814948121545331E+03  1.50439886491965410E+02  8.27753325592245304E+00  2.40906416447886212E-01  4.24745519552221108E-03  5.58681231397225613E-05 -0.00000000000000000E+00
  396.000000  5.53150927686828800E+03  3.78681624825602557E+03  1.60372667181332508E+03  1.33280800159447494E+02  7.48094385561286312E+00  2.00962640360545675E-01  3.60433946371692664E-03  4.58040526989104453E-05 -0.00000000000000000E+00
  398.000000  5.84198626698265434E+03  3.99402894928607566E+03  1.72047901087845867E+03  1.20330532939064710E+02  6.97425840674444775E+00  1.70351659542679224E-01  3.12576836283389890E-03  3.80444089198142123E-05 -0.00000000000000000E+00
  400.000000  6.20479991277494264E+03  4.20701611801363470E+03  1.88057149880298721E+03  1.10362668724258469E+02  6.70040983298369497E+00  1.46415059813246401E-01  2.77038868023559912E-03  3.19525884483889017E-05 -0.00000000000000000E+00
  402.000000  6.62154794279968337E+03  4.42387994384301783E+03  2.08837045827520706E+03  1.02542571824489983E+02  6.62507158924547745E+00  1.27359645616935829E-01  2.51052684947640839E-03  2.70952693004798624E-05 -0.00000000000000000E+00
  404.000000  7.09512726283324446E+03  4.64273034836711304E+03  2.34927041469817777E+03  9.62850005137174776E+01  6.72720710466941973E+00  1.11941962998428957E-01  2.32701717979788992E-03  2.31693904279927190E-05 -0.00000000000000000E+00
  406.000000  7.62754747753849369E+03  4.86179410616421228E+03  2.66749211929033936E+03  9.11693964360575251E+01  6.99035094996037998E+00  9.92792308720835959E-02  2.20550903715829036E-03  1.99580130133197116E-05 -0.00000000000000000E+00
  408.000000  8.21574872816033894E+03  5.07957152755177958E+03  3.04180655223110898E+03  8.68880852199677634E+01  7.39168037838272163E+00  8.87322672836502735E-02  2.13320908609444500E-03  1.73027250298359169E-05 -0.00000000000000000E+00
  410.000000  8.84451420751051774E+03  5.29502413360553328E+03  3.45830727520000528E+03  8.32138066402754362E+01  7.88705065134702821E+00  7.98308199968943977E-02  2.09550750542267412E-03  1.50858621402202787E-05 -0.00000000000000000E+00
  412.000000  9.47760624541441939E+03  5.50777008731960086E+03  3.88138842204073990E+03  7.99787969954228970E+01  8.39462834606466224E+00  7.22245996739580842E-02  2.07289417849751152E-03  1.32187380070342799E-05 -0.00000000000000000E+00
  414.000000  1.00538350916066847E+04  5.71825734490543255E+03  4.24965904815338035E+03  7.70607912574611191E+01  8.79020498618585933E+00  6.56502734407551358E-02  2.04039711806479080E-03  1.16336568194377892E-05 -0.00000000000000000E+00
  416.000000  1.05006460906211651E+04  5.92787864815257490E+03  4.48939599645972521E+03  7.43731053775185842E+01  8.93644871906915128E+00  5.99085794319283993E-02  1.97305448584652200E-03  1.02783667118310780E-05 -0.00000000000000000E+00
  418.000000  1.07697061341444132E+04  6.13898713478138234E+03  4.55005524585534658E+03  7.18570426091617946E+01  8.74999651051278882E+00  5.48479920360062378E-02  1.85728384315454092E-03  9.11212601176381194E-06 -0.00000000000000000E+00
  420.000000  1.08705075780388070E+04  6.35476413404783671E+03  4.43795796066171170E+03  6.94755561887383237E+01  8.25786706582860042E+00  5.03527286851069844E-02  1.69924314165850873E-03  8.10286020053961971E-06 -0.00000000000000000E+00
  422.000000  1.08669336697131730E+04  6.57887809359240055E+03  4.21321825431756952E+03  6.72075431439112094E+01  7.58191725549117024E+00  4.63337220484522916E-02  1.52045668313664827E-03  7.22507401773974834E-06 -0.00000000000000000E+00
  424.000000  1.08397034702738310E+04  6.81485369185584568E+03  3.95289770949071317E+03  6.50424132347874320E+01  6.86558296434838056E+00  4.27216926670138941E-02  1.34457717057607975E-03  6.45829870586020211E-06 -0.00000000000000000E+00
  426.000000  1.08510948444815003E+04  7.06504938241677883E+03  3.71681704702733441E+03  6.29747269142558821E+01  6.21303305815966489E+00  3.94617668122957121E-02  1.18751222623183356E-03  5.78592676352242424E-06 -0.00000000000000000E+00
  428.000000  1.09321313990948256E+04  7.32914630315337126E+03  3.53627501271519031E+03  6.09988035830836566E+01  5.67370950525125650E+00  3.65092726909286985E-02  1.05567091141175128E-03  5.19433249683612285E-06 -0.00000000000000000E+00
  430.000000  1.10851617219008403E+04  7.60214368014937645E+03  3.41862475769486628E+03  5.91033953790808937E+01  5.25510878602431397E+00  3.38264772076189574E-02  9.48742071036594173E-04  4.67220673481394784E-06 -0.00000000000000000E+00
  432.000000  1.12896886759712725E+04  7.87213600756459346E+03  3.35531336679863853E+03  5.72669760110113089E+01  4.94007835301143494E+00  3.13801460196847237E-02  8.62887935705065195E-04  4.21005513936349799E-06 -0.00000000000000000E+00
  434.000000  1.15067639587153026E+04  8.11869371354095347E+03  3.32788629421414589E+03  5.54550085400850321E+01  4.69900581470847456E+00  2.91399477068232521E-02  7.92857874139345003E-04  3.79982550169170202E-06 -0.00000000000000000E+00
  436.000000  1.16835772106761870E+04  8.31334005361385061E+03  3.31209062153064406E+03  5.36214352767392484E+01  4.49728580673932932E+00  2.70778420680362342E-02  7.33171502481384536E-04  3.43464097365107482E-06 -0.00000000000000000E+00
  438.000000  1.17618118509863780E+04  8.42377208574754331E+03  3.28199627213443273E+03  5.17165128454280989E+01  4.30112970547265583E+00  2.51685580889150218E-02  6.78886795470426798E-04  3.10862062922450561E-06 -0.00000000000000000E+00
  440.000000  1.16911957324539835E+04  8.42210768406536226E+03  3.21527993978060476E+03  4.97005538262528148E+01  4.08353479161912780E+00  2.33909195575513484E-02  6.26253831836629535E-04  2.81676298083490581E-06 -0.00000000000000000E+00
  442.000000  1.14445776607488806E+04  8.29443006125731335E+03  3.09873728577170004E+03  4.75583865010367504E+01  3.82962225315010940E+00  2.17292048070710092E-02  5.73206013026597745E-04  2.55485657101885792E-06 -0.00000000000000000E+00
  444.000000  1.10267911761133728E+04  8.04650315434896038E+03  2.93142217438056196E+03  4.53063374203489957E+01  3.53881473124209478E+00  2.01734682713431840E-02  5.19444598297827170E-04  2.31938064811245069E-06 -0.00000000000000000E+00
  446.000000  1.04716192894413180E+04  7.70195112666174828E+03  2.72343980655919222E+03  4.29868999414715915E+01  3.22226984524078919E+00  1.87183252427954167E-02  4.66001035570175128E-04  2.10738077639667662E-06 -0.00000000000000000E+00
  448.000000  9.82878543760888715E+03  7.29409413427544496E+03  2.49112226416544854E+03  4.06543488606759809E+01  2.89691314138758926E+00  1.73607657347899791E-02  4.14483860282978856E-04  1.91633587812103984E-06 -0.00000000000000000E+00
  450.000000  9.14877644957895245E+03  6.85639496987966413E+03  2.25142597627289251E+03  3.83597207074190862E+01  2.57931647573576317E+00  1.60981132320708528E-02  3.66385967034252584E-04  1.74404620966646539E-06 -0.00000000000000000E+00
  452.000000  8.47241245557463117E+03  6.41591018182171683E+03  2.01806348278352107E+03  3.61416374300799248E+01  2.28190237917543026E+00  1.49268719325014385E-02  3.22699638321975756E-04  1.58855853354654521E-06 -0.00000000000000000E+00
  454.000000  7.82712204504288820E+03  5.99098852760672162E+03  1.80008342206980706E+03  3.40240763696964450E+01  2.01189121399317017E+00  1.38424880822544186E-02  2.83846467255156150E-04  1.44812439715385256E-06 -0.00000000000000000E+00
  456.000000  7.22804837810499885E+03  5.59202445299988540E+03  1.60222018726971146E+03  3.20186132652733022E+01  1.77203381591331288E+00  1.28396410466671343E-02  2.49792002106013317E-04  1.32117772761921533E-06 -0.00000000000000000E+00
  458.000000  6.68121620926620380E+03  5.22350699764228193E+03  1.42600688696556153E+03  3.01282007675231966E+01  1.56198979381487701E+00  1.19126772987582369E-02  2.20213397832228885E-04  1.20631973507658820E-06 -0.00000000000000000E+00
  460.000000  6.18683312792339348E+03  4.88614216676424985E+03  1.27094941667808916E+03  2.83506560211031911E+01  1.37963496662573304E+00  1.10559721771838135E-02  1.94645310964355737E-04  2.87583077844745543E-06 -0.00000000000000000E+00
  462.000000  5.74188571386235344E+03  4.57851848992426676E+03  1.13545356692441601E+03  2.66811909735779409E+01  1.22202667266380383E+00  1.02641570467652959E-02  1.72580537708447244E-04  2.62985101764452610E-06 -0.00000000000000000E+00
  464.000000  5.34188787669365774E+03  4.29822792327418938E+03  1.01745026492237048E+03  2.51139861394830177E+01  1.08601419616625572E+00  9.53222816495910563E-03  1.53528844449520697E-04  2.40443602463922912E-06 -0.00000000000000000E+00
  466.000000  4.98193309046720242E+03  4.04254081648749707E+03  9.14771652548428847E+02  2.36430491547055794E+01  9.68577456305146134E-01  8.85557636271838006E-03  1.37045869440337705E-04  2.19802515202747451E-06 -0.00000000000000000E+00
  468.000000  4.65726393954535160E+03  3.80877218240404181E+03  8.25353798520663986E+02  2.22626166498390887E+01  8.66987244994355200E-01  8.22997311811963367E-03  1.22743531174517078E-04  2.00916620921554564E-06 -0.00000000000000000E+00
  470.000000  4.36354009995424713E+03  3.59445544457836513E+03  7.47330736144546108E+02  2.09672973927032302E+01  7.78860010726891261E-01  7.65153763201974896E-03  1.10290271928852512E-04 -0.00000000000000000E+00 -0.00000000000000000E+00
  472.000000  4.09693265134681133E+03  3.39740555648180089E+03  6.79065636804545875E+02  1.97520859523278745E+01  7.02156002437584359E-01  7.11669929142373647E-03  9.94064063258754424E-05 -0.00000000000000000E+00 -0.00000000000000000E+00
  474.000000  3.85412623466551668E+03  3.21572362679469734E+03  6.19148422832278584E+02  1.86123225698369765E+01  6.35150448433002390E-01  6.62216266426517847E-03  8.98576043444980873E-05 -0.00000000000000000E+00 -0.00000000000000000E+00
  476.000000  3.63227755900012926E+03  3.04777395907852406E+03  5.66377319777221828E+02  1.75436392770689622E+01  5.76394541453118636E-01  6.16487775506758401E-03  8.14481063318011624E-05 -0.00000000000000000E+00 -0.00000000000000000E+00
  478.000000  3.42895734495799115E+03  2.89215072463702745E+03  5.19734218422671574E+02  1.65419108212744845E+01  5.24675046717339999E-01  5.74201587797056739E-03  7.40144267630969883E-05 -0.00000000000000000E+00 -0.00000000000000000E+00
  480.000000  3.24208990939886644E+03  2.74764321187024325E+03  4.78359085376690246E+02  1.56032170411529449E+01  4.78976740529600264E-01  5.35095041672966135E-03  6.74198414924823163E-05 -0.00000000000000000E+00 -0.00000000000000000E+00
  482.000000  3.06989713526815831E+03  2.61320384057023512E+03  4.41525977220186405E+02  1.47238173336006639E+01  4.38449353036721057E-01  4.98924138646996557E-03  6.15497159608544350E-05 -0.00000000000000000E+00 -0.00000000000000000E+00
  484.000000  2.91084947814650695E+03  2.48792053065777509E+03  4.08621721937519965E+02  1.39001352474643767E+01  4.02379373392506512E-01  4.65462273081812192E-03  5.63076207269181298E-05 -0.00000000000000000E+00 -0.00000000000000000E+00
  486.000000  2.76362453468051172E+03  2.37099367979526323E+03  3.79127541371986808E+02  1.31287504634687480E+01  3.70166446186098397E-01  4.34499146738522198E-03  5.16121370030896929E-05 -0.00000000000000000E+00 -0.00000000000000000E+00
  488.000000  2.62707268504606509E+03  2.26171738229104085E+03  3.52603497600302831E+02  1.24063955329205555E+01  3.41303829542953241E-01  4.05839801722101580E-03  4.73942452487990595E-05 -0.00000000000000000E+00 -0.00000000000000000E+00
  490.000000  2.50018891462496686E+03  2.15946428518012544E+03  3.28675475268996593E+02  1.17299552252853800E+01  3.15362318100891215E-01  3.79303726200402869E-03  4.35951960598033599E-05 -0.00000000000000000E+00 -0.00000000000000000E+00
  492.000000  2.38208982678099164E+03  2.06367343768442151E+03  3.07024357733670399E+02  1.10964668993921265E+01  2.91977058693948355E-01  3.54724004296117293E-03  4.01647750237612972E-05 -0.00000000000000000E+00 -0.00000000000000000E+00
  494.000000  2.27199491516944363E+03  1.97384054200144601E+03  2.87377059060699480E+02  1.05031208326800325E+01  2.70836749787140507E-01  3.31946494254274291E-03  3.70598870989692525E-05 -0.00000000000000000E+00 -0.00000000000000000E+00
  496.000000  2.16921128169016993E+03  1.88951009988664737E+03  2.69499104613574332E+02  9.94725986614879076E+00  2.51674790121934999E-01  3.10829027768253288E-03  3.42433992090731445E-05 -0.00000000000000000E+00 -0.00000000000000000E+00
  498.000000  2.07312111911560532E+03  1.81026904192194525E+03  2.53188493049600595E+02  9.42637804012471037E+00  2.34262014455393019E-01  2.91240628946770608E-03  3.16831912547244681E-05 -0.00000000000000000E+00 -0.00000000000000000E+00
  500.000000  1.98317140359487166E+03  1.73574151131063991E+03  2.38270613488367133E+02  8.93811811788203414E+00  2.18400719060469650E-01  2.73060754596138149E-03  2.93513754187614202E-05 -0.00000000000000000E+00 -0.00000000000000000E+00
  502.000000  1.89886535257405558E+03  1.66558454641390017E+03  2.24594029377600179E+02  8.48026803827685427E+00  2.03919735037222660E-01  2.56178559003207920E-03  2.72236515778991051E-05 -0.00000000000000000E+00 -0.00000000000000000E+00
  504.000000  1.81975529578153146E+03  1.59948446517317643E+03  2.12026973630648286E+02  8.05075642348093368E+00  1.90670353582037377E-01  2.40492186802327389E-03  2.52787730501008388E-05 -0.00000000000000000E+00 -0.00000000000000000E+00
  506.000000  1.74543668162798895E+03  1.53715380113872015E+03  2.00454427654746496E+02  7.64764731034430412E+00  1.78522945106167341E-01  2.25908097228908616E-03  2.34981020471713360E-05 -0.00000000000000000E+00 -0.00000000000000000E+00
  508.000000  1.67554300083311500E+03  1.47832867688973056E+03  1.89775680241739508E+02  7.26913428749585933E+00  1.67364144687810412E-01  2.12340422424896289E-03  2.18652382998770895E-05 -0.00000000000000000E+00 -0.00000000000000000E+00
  510.000000  1.60974145582403071E+03  1.42276652813262990E+03  1.79902281505720907E+02  6.91353421537181845E+00  1.57094500985999558E-01  1.99710361663010122E-03  2.03657075823332569E-05 -0.00000000000000000E+00 -0.00000000000000000E+00
  512.000000  1.54772924092381436E+03  1.37024411254212282E+03  1.70756322742597888E+02  6.57928069073884103E+00  1.47626505529423441E-01  1.87945612553477599E-03  1.89866994510607412E-05 -0.00000000000000000E+00 -0.00000000000000000E+00
  514.000000  1.48923032664943457E+03  1.32055575296206825E+03  1.62268985840854668E+02  6.26491739611940091E+00  1.38882935151188019E-01  1.76979839541060481E-03  1.77168455743792106E-05 -0.00000000000000000E+00 -0.00000000000000000E+00
  516.000000  1.43399266338484813E+03  1.27351177619589907E+03  1.54379316216521886E+02  5.96909145155286325E+00  1.30795453049049437E-01  1.66752179365224629E-03  1.65460316664154755E-05 -0.00000000000000000E+00 -0.00000000000000000E+00
  518.000000  1.38178573670133574E+03  1.22893711725608227E+03  1.47033181624526435E+02  5.69054686352272299E+00  1.23303424141930934E-01  1.57206782623382953E-03  1.54652373492698042E-05 -0.00000000000000000E+00 -0.00000000000000000E+00
  520.000000  1.33239841979846005E+03  1.18667006536766166E+03  1.40182385986965585E+02  5.42811814495238210E+00  1.16352908578067432E-01  1.48292390174770486E-03  1.44663993133956546E-05 -0.00000000000000000E+00 -0.00000000000000000E+00
  522.000000  1.28563707883750158E+03  1.14656113282704428E+03  1.33783912883222825E+02  5.18072416167673211E+00  1.09895803835881128E-01  1.39961942822730556E-03  1.35422939864706758E-05 -0.00000000000000000E+00 -0.00000000000000000E+00
  524.000000  1.24132389498646899E+03  1.10847203140623697E+03  1.27799277815537863E+02  4.94736224486482357E+00  1.03889111169808729E-01  1.32172222512877933E-03  1.26864365971895641E-05 -0.00000000000000000E+00 -0.00000000000000000E+00
  526.000000  1.19929537334766883E+03  1.07227474371860262E+03  1.22193971998782047E+02  4.72710259561106838E+00  9.82943064478662976E-02  1.24883523161172958E-03  1.18929940667063109E-05 -0.00000000000000000E+00 -0.00000000000000000E+00
  528.000000  1.15940101396514819E+03  1.03785067903305026E+03  1.16936983385936543E+02  4.51908299705279148E+00  9.30767989095569598E-02  1.18059349169907356E-03  1.11567096030483974E-05 -0.00000000000000000E+00 -0.00000000000000000E+00
  530.000000  1.12150212412350993E+03  1.00508990462320708E+03  1.12000383061164996E+02  4.32250384070006533E+00  8.82054642039015041E-02  1.11666139683869918E-03  1.04728372337803687E-05 -0.00000000000000000E+00 -0.00000000000000000E+00
  532.000000  1.08547075439026867E+03  9.73890445000682121E+02  1.07358967115036336E+02  4.13662346692169791E+00  8.36522403763441252E-02  1.05673016671583436E-03  9.83708480618737931E-06 -0.00000000000000000E+00 -0.00000000000000000E+00
  534.000000  1.05118874347257952E+03  9.44157642375665091E+02  1.02989945744084366E+02  3.96075381435347751E+00  7.93917773619805256E-02  1.00051554979654206E-03  9.24556422458523780E-06 -0.00000000000000000E+00 -0.00000000000000000E+00
  536.000000  1.01854685911142224E+03  9.15803572502418319E+02  9.88726726572442374E+01  3.79425636919451748E+00  7.54011320921889744E-02  9.47755725877547518E-04  8.69474789256682474E-06 -0.00000000000000000E+00 -0.00000000000000000E+00
  538.000000  9.87444024010551402E+02  8.88746510736393247E+02  9.49884089780954639E+01  3.63653840264105455E+00  7.16595025971082933E-02  8.98209393893697680E-04  8.18143049060741536E-06 -0.00000000000000000E+00 -0.00000000000000000E+00
  540.000000  9.57786617270920942E+02  8.62910443688047962E+02  9.13201167477436684E+01  3.48704948286655281E+00  6.81479955391516706E-02  8.51654029237873707E-04  7.70269535488712455E-06 -0.00000000000000000E+00 -0.00000000000000000E+00
  542.000000  9.29487843042252280E+02  8.38224622339241250E+02  8.78522778935137865E+01  3.34527824683331687E+00  6.48494224843977479E-02  8.07884295924536210E-04  7.25588483494158819E-06 -0.00000000000000000E+00 -0.00000000000000000E+00
  544.000000  9.02467159146415725E+02  8.14623152898290755E+02  8.45707351613785931E+01  3.21074941662985935E+00  6.17481209425174010E-02  7.66710599977853732E-04  6.83857410132283307E-06 -0.00000000000000000E+00 -0.00000000000000000E+00
  546.000000  8.76649759318877841E+02  7.92044622032638472E+02  8.14625520382454482E+01  3.08302104486692841E+00  5.88297968087168263E-02  7.27957771487647634E-04  6.44854795231823245E-06 -0.00000000000000000E+00 -0.00000000000000000E+00
  548.000000  8.51966103474083866E+02  7.70431753435070277E+02  7.85158891322128767E+01  2.96168197381336462E+00  5.60813853447278826E-02  6.91463863764949340E-04  6.08378023431831347E-06 -0.00000000000000000E+00 -0.00000000000000000E+00
  550.000000  8.28351491056029772E+02  7.49731092963294941E+02  7.57198948496696858E+01  2.84634949333456611E+00  5.34909282575393372E-02  6.57079059005199464E-04  5.74241554536099721E-06 -0.00000000000000000E+00 -0.00000000000000000E+00
  552.000000  8.05745673102364890E+02  7.29892719846713590E+02  7.30646085201936444E+01  2.73666718324426483E+00  5.10474647888895308E-02  6.24664670762647067E-04  5.42275293776496291E-06 -0.00000000000000000E+00 -0.00000000000000000E+00
  554.000000  7.84092499141754161E+02  7.10869981681735226E+02  7.05408743831909248E+01  2.63230292633558527E+00  4.87409350267599545E-02  5.94092234393853126E-04  5.12323137505035984E-06 -0.00000000000000000E+00 -0.00000000000000000E+00
  556.000000  7.63339595474742055E+02  6.92619251143870770E+02  6.81402650727873578E+01  2.53294707908700545E+00  4.65620939021321525E-02  5.65242677409889989E-04  4.84241673164166920E-06 -0.00000000000000000E+00 -0.00000000000000000E+00
  558.000000  7.43438071764197957E+02  6.75099702531324056E+02  6.58550134259711513E+01  2.43831078780412192E+00  4.45024345474593561E-02  5.38005562411251722E-04  4.57899015207993489E-06 -0.00000000000000000E+00 -0.00000000000000000E+00
  560.000000  7.24342253190993688E+02  6.58273106423033823E+02  6.36779515992156746E+01  2.34812443873442867E+00  4.25541198743968618E-02  5.12278395947013366E-04  4.33173761073073556E-06 -0.00000000000000000E+00 -0.00000000000000000E+00
  562.000000  7.06009435722550279E+02  6.42103640888895825E+02  6.16024566152627102E+01  2.26213623147082998E+00  4.07099213823239603E-02  4.87965997254606295E-04  4.09954053356073736E-06 -0.00000000000000000E+00 -0.00000000000000000E+00
  564.000000  6.88399662298935709E+02  6.26557717829380181E+02  5.96224015782089225E+01  2.18011086571688217E+00  3.89631643405728631E-02  4.64979921395526847E-04  3.88136736127901635E-06 -0.00000000000000000E+00 -0.00000000000000000E+00
  566.000000  6.71475517967685846E+02  6.11603823147989260E+02  5.77321118946842091E+01  2.10182833221515608E+00  3.73076785996157151E-02  4.43237931825266008E-04  3.67626594834294288E-06 -0.00000000000000000E+00 -0.00000000000000000E+00
  568.000000  6.55201942200885696E+02  5.97212369575937828E+02  5.59263259243511470E+01  2.02708279933944269E+00  3.57377543826688585E-02  4.22663517886103348E-04  3.48335670546578251E-06 -0.00000000000000000E+00 -0.00000000000000000E+00
  570.000000  6.39546056807173045E+02  5.83355561073493391E+02  5.42001595563946523E+01  1.95568158751319743E+00  3.42481024918711158E-02  4.03185453151010120E-04  3.30182640453060425E-06 -0.00000000000000000E+00 -0.00000000000000000E+00
  572.000000  6.24477008011474027E+02  5.70007267828586919E+02  5.25490742718992010E+01  1.88744422423884828E+00  3.28338184343139813E-02  3.84737390919237315E-04  3.13092257466206795E-06 -0.00000000000000000E+00 -0.00000000000000000E+00
  574.000000  6.09965821415202299E+02  5.57142910958109042E+02  5.09688483065170743E+01  1.82220157309934372E+00  3.14903500345576626E-02  3.67257493520773033E-04  2.96994842663960416E-06 -0.00000000000000000E+00 -0.00000000000000000E+00
  576.000000  5.95985268679552519E+02  5.44739356099306860E+02  4.94555505750988615E+01  1.75979503064314180E+00  3.02134681533412289E-02  3.50688092396096783E-04  2.81825825027860750E-06 -0.00000000000000000E+00 -0.00000000000000000E+00
  578.000000  5.82509744885390319E+02  5.32774815148279231E+02  4.80055170607431876E+01  1.70007578556019467E+00  2.89992401780968488E-02  3.34975376205323564E-04  2.67525323578393525E-06 -0.00000000000000000E+00 -0.00000000000000000E+00
  580.000000  5.69515155625548687E+02  5.21228755468805048E+02  4.66153294062471559E+01  1.64290413502383714E+00  2.78440059907693813E-02  3.20069104482635950E-04  2.54037767570570621E-06 -0.00000000000000000E+00 -0.00000000000000000E+00
  582.000000  5.56978812976390145E+02  5.10081815954516060E+02  4.52817954767562298E+01  1.58814885350384394E+00  2.67443561530768190E-02  3.05922344574495594E-04  2.41311550904137763E-06 -0.00000000000000000E+00 -0.00000000000000000E+00
  584.000000  5.44879339576363236E+02  4.99315729380960420E+02  4.40019316893560202E+01  1.53568660974984095E+00  2.56971120795974929E-02  2.92491229825029750E-04  2.29298717329277255E-06 -0.00000000000000000E+00 -0.00000000000000000E+00
  586.000000  5.33196580112278752E+02  4.88913250533288647E+02  4.27729469287037674E+01  1.48540142800688280E+00  2.46993079953393216E-02  2.79734737148329480E-04  2.17954673409066595E-06 -0.00000000000000000E+00 -0.00000000000000000E+00
  588.000000  5.21911519580631193E+02  4.78858089640976232E+02  4.15922278884333778E+01  1.43718418986185981E+00  2.37481744975746867E-02  2.67614482310171080E-04  2.07237926527794742E-06 -0.00000000000000000E+00 -0.00000000000000000E+00
  590.000000  5.11006207748507677E+02  4.69134850689958512E+02  4.04573256959389767E+01  1.39093217341940178E+00  2.28411235618381225E-02  2.56094531389202394E-04  1.97109845528105958E-06 -0.00000000000000000E+00 -0.00000000000000000E+00
  592.000000  5.00463689293494554E+02  4.59728974221332010E+02  3.93659436939495961E+01  1.34654862679182763E+00  2.19757348497230456E-02  2.45141227034764730E-04  1.87534441815924161E-06 -0.00000000000000000E+00 -0.00000000000000000E+00
  594.000000  4.90267939148601272E+02  4.50626684258310888E+02  3.83159262661494253E+01  1.30394237313895900E+00  2.11497431916499133E-02  2.34723028259027546E-04  1.78478169000302064E-06 -0.00000000000000000E+00 -0.00000000000000000E+00
  596.000000  4.80403802621598516E+02  4.41814939033979954E+02  3.73052486062964945E+01  1.26302744473021544E+00  2.03610271314979552E-02  2.24810362620135183E-04  1.69909739334399822E-06 -0.00000000000000000E+00 -0.00000000000000000E+00
  598.000000  4.70856939897749726E+02  4.33281385221092933E+02  3.63320073410194837E+01  1.22372274371574541E+00  1.96075984320325039E-02  2.15375489755426932E-04  1.61799955405586847E-06 -0.00000000000000000E+00 -0.00000000000000000E+00
  600.000000  4.61613774568133067E+02  4.25014315388628802E+02  3.53944119259770105E+01  1.18595172748514877E+00  1.88875924507469692E-02  2.06392375316683289E-04  1.54121555676088192E-06 -0.00000000000000000E+00 -0.00000000000000000E+00
  602.000000  4.52661445860264394E+02  4.17002628435751376E+02  3.44907767434657444E+01  1.14964211667719152E+00  1.81992593051567668E-02  1.97836574446428367E-04  1.46849072619268351E-06 -0.00000000000000000E+00 -0.00000000000000000E+00
  604.000000  4.43987764273102130E+02  4.09235792771635715E+02  3.36195138369418984E+01  1.11472562405902398E+00  1.75409557549182291E-02  1.89685124007164872E-04  1.39958702322174407E-06 -0.00000000000000000E+00 -0.00000000000000000E+00
  606.000000  4.35581170347769785E+02  4.01703812032081714E+02  3.27791262245775243E+01  1.08113770265024467E+00  1.69111377355716623E-02  1.81916442850836417E-04  1.33428184532065722E-06 -0.00000000000000000E+00 -0.00000000000000000E+00
  608.000000  4.27430696325652661E+02  3.94397193138203875E+02  3.19682017397621578E+01  1.04881731159548330E+00  1.63083534852697803E-02  1.74510239473149164E-04  1.27236692230036207E-06 -0.00000000000000000E+00 -0.00000000000000000E+00
  610.000000  4.19525930469615560E+02  3.87306916521210042E+02  3.11854073517004764E+01  1.01770669841952710E+00  1.57312372116999791E-02  1.67447426456985920E-04  1.21364729898430518E-06 -0.00000000000000000E+00 -0.00000000000000000E+00
  612.000000  4.11856983841072406E+02  3.80424408349573014E+02  3.04294839238582071E+01  9.87751196407286258E-01  1.51785032516259071E-02  1.60710041163064925E-04  1.15794039731291670E-06 -0.00000000000000000E+00 -0.00000000000000000E+00
  614.000000  4.04414459345116484E+02  3.73741514610058402E+02  2.96992413721724944E+01  9.58899035958347135E-01  1.46489406801141413E-02  1.54281172167474053E-04  1.10507515107144573E-06 -0.00000000000000000E+00 -0.00000000000000000E+00
  616.000000  3.97189422870009821E+02  3.67250476904455581E+02  2.89935541885855130E+01  9.31101168856424355E-01  1.41414083306535005E-02  1.48144890994688088E-04  1.05489120707805793E-06 -0.00000000000000000E+00 -0.00000000000000000E+00
  618.000000  3.90173376363274656E+02  3.60943909836373678E+02  2.83113572987991837E+01  9.04311104483859651E-01  1.36548301910969973E-02  1.42286188729197078E-04  1.00723818722629120E-06 -0.00000000000000000E+00 -0.00000000000000000E+00
  620.000000  3.83358232698850998E+02  3.54814779871674318E+02  2.76516422260530561E+01  8.78484757087355295E-01  1.31881911436541877E-02  1.36690917125154867E-04  9.61975006315539498E-07 -0.00000000000000000E+00 -0.00000000000000000E+00
  622.000000  3.76736292202254845E+02  3.48856385565839446E+02  2.70134535354165415E+01  8.53580303275258245E-01  1.27405330201580246E-02  1.31345733866197463E-04  9.18969241044414307E-07 -0.00000000000000000E+00 -0.00000000000000000E+00
  624.000000  3.70300220711197653E+02  3.43062339059709757E+02  2.63958855354024315E+01  8.29558048990869601E-01  1.23109509464784349E-02  1.26238051656835961E-04  8.78096545973221767E-07 -0.00000000000000000E+00 -0.00000000000000000E+00
  626.000000  3.64043029059410856E+02  3.37426548753071529E+02  2.57980792158874230E+01  8.06380305268111996E-01  1.18985899523696252E-02  1.21355990851454887E-04  8.39240112624668454E-07 -0.00000000000000000E+00 -0.00000000000000000E+00
  628.000000  3.57958053880099669E+02  3.31943203072316464E+02  2.52192194032028745E+01  7.84011272129609527E-01  1.15026418251807528E-02  1.16688335353866196E-04  8.02290168252519309E-07 -0.00000000000000000E+00 -0.00000000000000000E+00
  630.000000  3.52038939634098824E+02  3.26606755255241069E+02  2.46585321149962766E+01  7.62416930038645191E-01  1.11223421878047443E-02  1.12224491539996736E-04  7.67143511084796154E-07 -0.00000000000000000E+00 -0.00000000000000000E+00
  632.000000  3.46279621775064697E+02  3.21411909081748945E+02  2.41152820990172572E+01  7.41564938362611503E-01  1.07569677829965262E-02  1.07954449978293860E-04  7.33703079157198844E-07 -0.00000000000000000E+00 -0.00000000000000000E+00
  634.000000  3.40674310971007571E+02  3.16353605484717491E+02  2.35887705413679534E+01  7.21424540347098908E-01  1.04058339477520086E-02  1.03868749739227315E-04  7.01877550076687917E-07 -0.00000000000000000E+00 -0.00000000000000000E+00
  636.000000  3.35217478307999954E+02  3.11427009980529192E+02  2.30783329310418281E+01  7.01966474140038432E-01  1.00682922628868472E-02  9.99584451028163198E-05  6.71580969302117015E-07 -0.00000000000000000E+00 -0.00000000000000000E+00
  638.000000  3.29903841407240407E+02  3.06627500862932948E+02  2.25833370686969026E+01  6.83162889439188348E-01  9.74372836422225663E-03  9.62150744888123075E-05  6.42732404721614285E-07 -0.00000000000000000E+00 -0.00000000000000000E+00
  640.000000  3.24728351392209561E+02  3.01950658108396965E+02  2.21031812086523942E+01  6.64987269370227452E-01  9.43155990296433086E-03  9.26306314466355521E-05  6.15255625502283685E-07 -0.00000000000000000E+00 -0.00000000000000000E+00
  642.000000  3.19686180647634046E+02  2.97392252945102655E+02  2.16372923240391621E+01  6.47414357232149573E-01  9.13123464391414966E-03  8.91975375569904912E-05  5.89078803351591601E-07 -0.00000000000000000E+00 -0.00000000000000000E+00
  644.000000  3.14772711315961942E+02  2.92948238040876959E+02  2.11851244858683678E+01  6.30420087774050675E-01  8.84222869110338344E-03  8.59086171063795786E-05  5.64134234493170444E-07 -0.00000000000000000E+00 -0.00000000000000000E+00
  646.000000  3.09983524481677023E+02  2.88614738269155396E+02  2.07461573475658305E+01  6.13981522693040294E-01  8.56404483132082450E-03  8.27570734096346339E-05  5.40358080783086327E-07 -0.00000000000000000E+00 -0.00000000000000000E+00
  648.000000  3.05314389997003445E+02  2.84388042014581060E+02  2.03198947272135477E+01  5.98076790065777519E-01  8.29621098678502006E-03  7.97364666615858763E-05  5.17690128546342829E-07 -0.00000000000000000E+00 -0.00000000000000000E+00
  650.000000  3.00761256906272365E+02  2.80264592982915019E+02  1.99058632803736693E+01  5.82685027447813919E-01  8.03827876893410155E-03  7.68406932112009825E-05  4.96073563801912907E-07 -0.00000000000000000E+00 -0.00000000000000000E+00
  652.000000  2.96320244429472268E+02  2.76240982482584059E+02  1.95036112569469964E+01  5.67786328394607409E-01  7.78982212595549957E-03  7.40639661582255255E-05  4.75454762677853311E-07 -0.00000000000000000E+00 -0.00000000000000000E+00
  654.000000  2.91987633468035938E+02  2.72313942147143052E+02  1.91127073360597848E+01  5.53361692175786235E-01  7.55043607728220385E-03  7.14007971798537864E-05  4.55783095887625968E-07 -0.00000000000000000E+00 -0.00000000000000000E+00
  656.000000  2.87759858598919891E+02  2.68480337070501719E+02  1.87327395334276190E+01  5.39392976471149588E-01  7.31973552881009376E-03  6.88459795031894366E-05  4.37010746256407911E-07 -0.00000000000000000E+00 -0.00000000000000000E+00
  658.000000  2.83633500525386808E+02  2.64737159328600001E+02  1.83633141761069396E+01  5.25862852852432505E-01  7.09735416309988619E-03  6.63945719432980488E-05  4.19092538342832321E-07 -0.00000000000000000E+00 -0.00000000000000000E+00
  660.000000  2.79605278955071981E+02  2.61081521863013677E+02  1.80040549399209127E+01  5.12754764868252888E-01  6.88294339926495691E-03  6.40418839356953563E-05  4.01985779287157672E-07 -0.00000000000000000E+00 -0.00000000000000000E+00
  662.000000  2.75672045878136487E+02  2.57510652703799678E+02  1.76546019452438117E+01  5.00052888563764952E-01  6.67617141767555024E-03  6.17834614943162466E-05  3.85650110088004703E-07 -0.00000000000000000E+00 -0.00000000000000000E+00
  664.000000  2.71830779220237446E+02  2.54021889510466281E+02  1.73146109071271610E+01  4.87742095277568843E-01  6.47672224497092709E-03  5.96150740333013172E-05  3.70047366560634044E-07 -0.00000000000000000E+00 -0.00000000000000000E+00
  666.000000  2.68078576846583246E+02  2.50612674411199805E+02  1.69837523360748932E+01  4.75807916570041955E-01  6.28429489522462463E-03  5.75327019943511756E-05  3.55141449296899611E-07 -0.00000000000000000E+00 -0.00000000000000000E+00
  668.000000  2.64412650895329762E+02  2.47280549122133152E+02  1.66617107860620663E+01  4.64236511147519959E-01  6.09860256342912004E-03  5.55325252260871331E-05  3.40898201995315198E-07 -0.00000000000000000E+00 -0.00000000000000000E+00
  670.000000  2.60830322419959657E+02  2.44023150329612463E+02  1.63481841466253854E+01  4.53014633656092736E-01  5.91937186774095601E-03  5.36109120651862036E-05  3.27285297574817682E-07 -0.00000000000000000E+00 -0.00000000000000000E+00
  672.000000  2.57329016321426479E+02  2.40838205319266990E+02  1.60428829761135390E+01  4.42129605227401523E-01  5.74634213721248593E-03  5.17644090738742901E-05  3.14272131535865146E-07 -0.00000000000000000E+00 -0.00000000000000000E+00
  674.000000  2.53906256552508466E+02  2.37723527837157690E+02  1.57455298733806206E+01  4.31569285667141145E-01  5.57926474196330895E-03  4.99897313895603915E-05  3.01829722069369610E-07 -0.00000000000000000E+00 -0.00000000000000000E+00
  676.000000  2.50559661577932729E+02  2.34677014169177937E+02  1.54558588854230603E+01  4.21322047184581550E-01  5.41790246298184432E-03  4.82837536480886501E-05  2.89930616447842162E-07 -0.00000000000000000E+00 -0.00000000000000000E+00
  678.000000  2.47286940074789754E+02  2.31696639425645571E+02  1.51736149486268932E+01  4.11376749567933020E-01  5.26202889894407562E-03  4.66435014424749388E-05  2.78548803274797726E-07 -0.00000000000000000E+00 -0.00000000000000000E+00
  680.000000  2.44085886858817503E+02  2.28780454018919272E+02  1.48985533614706789E+01  4.01722716717104023E-01  5.11142790763235554E-03  4.50661432831012229E-05  2.67659630195931781E-07 -0.00000000000000000E+00 -0.00000000000000000E+00
  682.000000  2.40954379023331967E+02  2.25926580322897962E+02  1.46304392866799891E+01  3.92349714451394105E-01  4.96589307970899015E-03  4.35489830272545923E-05  2.57239726700909233E-07 -0.00000000000000000E+00 -0.00000000000000000E+00
  684.000000  2.37890372278044538E+02  2.23133209503599005E+02  1.43690472809682159E+01  3.83247929514859198E-01  4.82522724275948750E-03  4.20894527481921503E-05  2.47266931679427733E-07 -0.00000000000000000E+00 -0.00000000000000000E+00
  686.000000  2.34891897476258464E+02  2.20398598511089403E+02  1.41141608506414542E+01  3.74407949707662446E-01  4.68924199367057402E-03  4.06851060156202270E-05  2.37720225411604262E-07 -0.00000000000000000E+00 -0.00000000000000000E+00
  688.000000  2.31957057319416208E+02  2.17721067223443242E+02  1.38655720314480071E+01  3.65820745076047782E-01  4.55775725754314649E-03  3.93336115622187243E-05  2.28579665702557610E-07 -0.00000000000000000E+00 -0.00000000000000000E+00
  690.000000  2.29084023228728938E+02  2.15098995734001278E+02  1.36230809911841355E+01  3.57477650098229516E-01  4.43060087146625141E-03  3.80327473115504692E-05  2.19826327886268937E-07 -0.00000000000000000E+00 -0.00000000000000000E+00
  692.000000  2.26271032374341416E+02  2.12530821773852267E+02  1.33864956536532631E+01  3.49370346807437615E-01  4.30760819159527967E-03  3.67803947453244985E-05  2.11442248444917497E-07 -0.00000000000000000E+00 -0.00000000000000000E+00
  694.000000  2.23516384853131740E+02  2.10015038261979612E+02  1.31556313426886327E+01  3.41490848797416424E-01  4.18862172208579742E-03  3.55745335887205531E-05  2.03410372011975080E-07 -0.00000000000000000E+00 -0.00000000000000000E+00
  696.000000  2.20818441006579974E+02  2.07550190975788155E+02  1.29303104450171631E+01  3.33831486058755456E-01  4.07349076453041893E-03  3.44132367942585489E-05  1.95714501535637370E-07 -0.00000000000000000E+00 -0.00000000000000000E+00
  698.000000  2.18175618870936660E+02  2.05134876335400691E+02  1.27103620908461146E+01  3.26384890598173882E-01  3.96207108664365336E-03  3.32946658061119614E-05  1.88339251402443711E-07 -0.00000000000000000E+00 -0.00000000000000000E+00
  700.000000  2.15586391752384884E+02  2.02767739295531896E+02  1.24956218511121069E+01  3.19143982795787151E-01  3.85422460901930011E-03  3.22170660877077483E-05  1.81270003328631120E-07 -0.00000000000000000E+00 -0.00000000000000000E+00
  702.000000  2.13049285920082866E+02  2.00447471338852438E+02  1.22859314504078938E+01  3.12101958458020468E-01  3.74981910886628550E-03  3.11787628965030898E-05  1.74492864845858333E-07 -0.00000000000000000E+00 -0.00000000000000000E+00
  704.000000  2.10562878410741291E+02  1.98172808565450623E+02  1.20811384946723912E+01  3.05252276526800426E-01  3.64872793970303592E-03  3.01781572913749878E-05  1.67994630215007056E-07 -0.00000000000000000E+00 -0.00000000000000000E+00
  706.000000  2.08125794938555032E+02  1.95942529873116655E+02  1.18810962127793314E+01  2.98588647407903141E-01  3.55082976605457408E-03  2.92137223585391275E-05  1.61762743613952626E-07 -0.00000000000000000E+00 -0.00000000000000000E+00
  708.000000  2.05736707904800255E+02  1.93755455223592548E+02  1.16856632112268937E+01  2.92105021883787952E-01  3.45600831226359345E-03  2.82839996428644165E-05  1.55785264459977635E-07 -0.00000000000000000E+00 -0.00000000000000000E+00
  710.000000  2.03394334501742719E+02  1.91610443990224667E+02  1.14947032411684802E+01  2.85795580578287689E-01  3.36415212458047227E-03  2.73875957726931225E-05  1.50050834729842291E-07 -0.00000000000000000E+00 -0.00000000000000000E+00
  712.000000  2.01097434905762157E+02  1.89506393382652050E+02  1.13080849770939516E+01  2.79654723942593941E-01  3.27515434575661318E-03  2.65231792665162128E-05  1.44548648155996655E-07 -0.00000000000000000E+00 -0.00000000000000000E+00
  714.000000  1.98844810554798869E+02  1.87442236944332194E+02  1.11256818064860354E+01  2.73677062733607146E-01  3.18891250140929811E-03  2.56894775109197255E-05  1.39268421181952039E-07 -0.00000000000000000E+00 -0.00000000000000000E+00
  716.000000  1.96635302506010134E+02  1.85416943119428197E+02  1.09473716298522064E+01  2.67857408958085186E-01  3.10532829748010487E-03  2.48852738999041779E-05  1.34200365568116483E-07 -0.00000000000000000E+00 -0.00000000000000000E+00
  718.000000  1.94467789869102148E+02  1.83429513885139272E+02  1.07730366705374436E+01  2.62190767256845092E-01  3.02430742814461737E-03  2.41094051260018534E-05  1.29335162549118375E-07 -0.00000000000000000E+00 -0.00000000000000000E+00
  720.000000  1.92341188311403357E+02  1.81478983446094162E+02  1.06025632937878491E+01  2.56672326705306375E-01  2.94575939357972182E-03  2.33607586147813515E-05  1.24663938444392048E-07 -0.00000000000000000E+00 -0.00000000000000000E+00
  722.000000  1.90254448631149444E+02  1.79564416987815662E+02  1.04358418345500912E+01  2.51297453008039851E-01  2.86959732702572962E-03  2.26382700939622400E-05  1.20178241638923338E-07 -0.00000000000000000E+00 -0.00000000000000000E+00
  724.000000  1.88206555395294231E+02  1.77684909486077345E+02  1.02727664335290036E+01  2.46061681066191529E-01  2.79573783061820092E-03  2.19409212900603640E-05  1.15870020846347881E-07 -0.00000000000000000E+00 -0.00000000000000000E+00
  726.000000  1.86196525638549588E+02  1.75839584569306567E+02  1.01132348810566768E+01  2.40960707897837301E-01  2.72410081949818039E-03  2.12677377447887531E-05  1.11731604581804806E-07 -0.00000000000000000E+00 -0.00000000000000000E+00
  728.000000  1.84223407620582520E+02  1.74027593431423725E+02  9.95714846835004863E+00  2.35990385892758114E-01  2.65460937373752795E-03  2.06177867447953042E-05  1.07755681768598659E-07 -0.00000000000000000E+00 -0.00000000000000000E+00
  730.000000  1.82286279638417000E+02  1.72248113792559820E+02  9.80441184576503311E+00  2.31146716383938911E-01  2.58718959764707218E-03  1.99901753581672028E-05  1.03935283413999931E-07 -0.00000000000000000E+00 -0.00000000000000000E+00
  732.000000  1.80384248891205289E+02  1.70500348905221699E+02  9.65493288766592528E+00  2.26425843519213799E-01  2.52177048605742348E-03  1.93840485717086493E-05  1.00263765289394813E-07 -0.00000000000000000E+00 -0.00000000000000000E+00
  734.000000  1.78516450394836966E+02  1.68783526603726500E+02  9.50862256357329372E+00  2.21824048417553543E-01  2.45828379719413310E-03  1.87985875235417551E-05  9.67347915556977470E-08 -0.00000000000000000E+00 -0.00000000000000000E+00
  736.000000  1.76682045943766525E+02  1.67096898394644086E+02  9.36539481524559037E+00  2.17337743595064081E-01  2.39666393178298654E-03  1.82330078254809890E-05  9.33423192795516127E-08 -0.00000000000000000E+00 -0.00000000000000000E+00
  738.000000  1.74880223117904507E+02  1.65439738586404587E+02  9.22516643939630754E+00  2.12963467647067639E-01  2.33684781805096331E-03  1.76865579705339018E-05  9.00805837862844396E-08 -0.00000000000000000E+00 -0.00000000000000000E+00
  740.000000  1.73110194332250899E+02  1.63811343456063469E+02  9.08785697575024898E+00  2.08697880173020489E-01  2.27877480230365050E-03  1.71585178205194963E-05  8.69440848034270967E-08 -0.00000000000000000E+00 -0.00000000000000000E+00
  742.000000  1.71371195927088934E+02  1.62211030451326565E+02  8.95338860016098081E+00  2.04537756931834847E-01  2.22238654477920419E-03  1.66481971696370767E-05  8.39275733471696967E-08 -0.00000000000000000E+00 -0.00000000000000000E+00
  744.000000  1.69662487297034090E+02  1.60638137426401727E+02  8.82168602253513967E+00  2.00479985216208356E-01  2.16762692049977989E-03  1.61549343798231767E-05  8.10260393095702230E-08 -0.00000000000000000E+00 -0.00000000000000000E+00
  746.000000  1.67983350056776544E+02  1.59092021909772939E+02  8.69267638931437858E+00  1.96521559434638338E-01  2.11444192485291073E-03  1.56780950839495044E-05  7.82346997064511988E-08 -0.00000000000000000E+00 -0.00000000000000000E+00
  748.000000  1.66333087241985822E+02  1.57572060402601210E+02  8.56628919028998936E+00  1.92659576890974460E-01  2.06277958365515355E-03  1.52170709531800177E-05  7.55489875477658337E-08 -0.00000000000000000E+00 -0.00000000000000000E+00
  750.000000  1.64711022543486365E+02  1.56077647706100151E+02  8.44245616952409250E+00  1.88891233751481979E-01  2.01258986746197200E-03  1.47712785251305899E-05  7.29645412956046993E-08 -0.00000000000000000E+00 -0.00000000000000000E+00
  752.000000  1.63116499573290298E+02  1.54608196276673198E+02  8.32111124018158321E+00  1.85213821190224337E-01  1.96382460990276921E-03  1.43401580895121147E-05  7.04771948763120360E-08 -0.00000000000000000E+00 -0.00000000000000000E+00
  754.000000  1.61548881160984024E+02  1.53163135607524396E+02  8.20219040307021174E+00  1.81624721704059078E-01  1.91643742983177738E-03  1.39231726281666497E-05  6.80829682151599257E-08 -0.00000000000000000E+00 -0.00000000000000000E+00
  756.000000  1.60007548678924081E+02  1.51741911635380006E+02  8.08563166871345373E+00  1.78121405588749893E-01  1.87038365709860056E-03  1.35198068067976442E-05  6.57780582639737487E-08 -0.00000000000000000E+00 -0.00000000000000000E+00
  758.000000  1.58491901394952265E+02  1.50343986171221559E+02  7.97137498277573897E+00  1.74701427568477174E-01  1.82562026175173923E-03  1.31295660153712703E-05  6.35588304960952054E-08 -0.00000000000000000E+00 -0.00000000000000000E+00
  760.000000  1.57001355851439939E+02  1.48968836354003201E+02  7.85936215468187171E+00  1.71362423571286226E-01  1.78210578650018136E-03  1.27519754548959450E-05  6.14218108392352460E-08 -0.00000000000000000E+00 -0.00000000000000000E+00
  762.000000  1.55535345269298091E+02  1.47615954126156680E+02  7.74953678927290035E+00  1.68102107643405663E-01  1.73980028226765272E-03  1.23865792679969048E-05  5.93636780255610701E-08 -0.00000000000000000E+00 -0.00000000000000000E+00
  764.000000  1.54093318975955299E+02  1.46284845730038114E+02  7.64184422135356467E+00  1.64918268995805306E-01  1.69866524668301237E-03  1.20329397111111741E-05  5.73812563332664680E-08 -0.00000000000000000E+00 -0.00000000000000000E+00
  766.000000  1.52674741856117407E+02  1.44975031224276563E+02  7.53623145299110853E+00  1.61808769176668032E-01  1.65866356535901752E-03  1.16906363660525333E-05  5.54715086990597761E-08 -0.00000000000000000E+00 -0.00000000000000000E+00
  768.000000  1.51279093824282313E+02  1.43686044019128417E+02  7.43264709343725194E+00  1.58771539363774528E-01  1.61975945582037224E-03  1.13592653889601830E-05  5.36315301819837408E-08 -0.00000000000000000E+00 -0.00000000000000000E+00
  770.000000  1.49905869318075361E+02  1.42417430430046920E+02  7.33104130154581224E+00  1.55804577771173680E-01  1.58191841394880782E-03  1.10384387947190284E-05  5.18585417579523622E-08 -0.00000000000000000E+00 -0.00000000000000000E+00
  772.000000  1.48554576811434345E+02  1.41168749248602126E+02  7.23136573057089294E+00  1.52905947164739764E-01  1.54510716282092232E-03  1.07277837750528609E-05  5.01498844279003044E-08 -0.00000000000000000E+00 -0.00000000000000000E+00
  774.000000  1.47224738346808181E+02  1.39939571330044600E+02  7.13357347523329999E+00  1.50073772481561618E-01  1.50929360382043710E-03  1.04269420484798562E-05  4.85030136225748759E-08 -0.00000000000000000E+00 -0.00000000000000000E+00
  776.000000  1.45915889085401886E+02  1.38729479196649777E+02  7.03761902094914316E+00  1.47306238548236268E-01  1.47444676991363753E-03  1.01355692406170781E-05  4.69154938878005721E-08 -0.00000000000000000E+00 -0.00000000000000000E+00
  778.000000  1.44627576874876297E+02  1.37538066656359376E+02  6.94345819512295570E+00  1.44601587893636419E-01  1.44053678098267314E-03  9.85333429327591246E-06  4.53849938348481138E-08 -0.00000000000000000E+00 -0.00000000000000000E+00
  780.000000  1.43359361833515379E+02  1.36364938435828947E+02  6.85104812040545497E+00  1.41958118651646759E-01  1.40753480111608883E-03  9.57991890087122920E-06  4.39092813422941467E-08 -0.00000000000000000E+00 -0.00000000000000000E+00
  782.000000  1.42110815950341589E+02  1.35209709827457743E+02  6.76034716983298978E+00  1.39374182549882097E-01  1.37541299776302228E-03  9.31501697278090754E-06  4.24862189955005488E-08 -0.00000000000000000E+00 -0.00000000000000000E+00
  784.000000  1.40881522700305766E+02  1.34072006349619983E+02  6.67131492375484036E+00  1.36848182980307487E-01  1.34414450266021317E-03  9.05833412040080778E-06  4.11137597515502643E-08 -0.00000000000000000E+00 -0.00000000000000000E+00
  786.000000  1.39671076674082371E+02  1.32951463419706272E+02  6.58391212847635199E+00  1.34378573148241365E-01  1.31370337444855988E-03  8.80958716761038553E-06  3.97899428170801837E-08 -0.00000000000000000E+00 -0.00000000000000000E+00
  788.000000  1.38479083221659948E+02  1.31847726039252507E+02  6.49810065653184399E+00  1.31963854295989003E-01  1.28406456289714309E-03  8.56850368355041568E-06  3.85128897283672609E-08 -0.00000000000000000E+00 -0.00000000000000000E+00
  790.000000  1.37305158109305921E+02  1.30760448490807903E+02  6.41384346852294840E+00  1.29602573997923909E-01  1.25520387465984399E-03  8.33482153655323491E-06  3.72808006230410836E-08 -0.00000000000000000E+00 -0.00000000000000000E+00
  792.000000  1.36148927189235508E+02  1.29689294045945701E+02  6.33110457644495916E+00  1.27293324523730211E-01  1.22709794049151509E-03  8.10828846822343886E-06  3.60919506925993398E-08 -0.00000000000000000E+00 -0.00000000000000000E+00
  794.000000  1.35010026081448473E+02  1.28633934683951111E+02  6.24984900844051694E+00  1.25034741266759841E-01  1.19972418385526705E-03  7.88866168671471761E-06  3.49446868075733073E-08 -0.00000000000000000E+00 -0.00000000000000000E+00
  796.000000  1.33888099867280232E+02  1.27594050820794052E+02  6.17004277491563968E+00  1.22825501234694379E-01  1.17306079085613630E-03  7.67570747816168363E-06  3.38374243053160732E-08 -0.00000000000000000E+00 -0.00000000000000000E+00
  798.000000  1.32782802794151337E+02  1.26569331047941091E+02  6.09165283595959028E+00  1.20664321599703028E-01  1.14708668143932951E-03  7.46920083551392216E-06  3.27686439325345598E-08 -0.00000000000000000E+00 -0.00000000000000000E+00
  800.000000  1.31693797991013469E+02  1.25559471880554383E+02  6.01464707000994814E+00  1.18549958305488090E-01  1.12178148179425084E-03  7.26892510384918789E-06  3.17368889344007617E-08 -0.00000000000000000E+00 -0.00000000000000000E+00
  802.000000  1.30620757194114333E+02  1.24564177514764538E+02  5.93899424371078055E+00  1.16481204728752508E-01  1.09712549790890856E-03  7.07467164139562891E-06  3.07407622828639667E-08 -0.00000000000000000E+00 -0.00000000000000000E+00
  804.000000  1.29563360482580038E+02  1.23583159593567302E+02  5.86466398291144131E+00  1.14456890392720834E-01  1.07309969022216945E-03  6.88623949551784210E-06  2.97789240368603928E-08 -0.00000000000000000E+00 -0.00000000000000000E+00
  806.000000  1.28521296023540799E+02  1.22616136981116711E+02  5.79162674475904460E+00  1.12475879730480122E-01  1.04968564932348134E-03  6.70343509295475763E-06  2.88500888278275292E-08 -0.00000000000000000E+00 -0.00000000000000000E+00
  808.000000  1.27494259826190728E+02  1.21662835544864890E+02  5.71985379083237966E+00  1.10537070895875944E-01  1.02686557265176223E-03  6.52607194358137001E-06  2.79530234642179019E-08 -0.00000000000000000E+00 -0.00000000000000000E+00
  810.000000  1.26481955504708424E+02  1.20722987945506759E+02  5.64931716128241934E+00  1.08639394620155094E-01  1.00462224215001287E-03  6.35397035715321429E-06  2.70865446487146582E-08 -0.00000000000000000E+00 -0.00000000000000000E+00
  812.000000  1.25484094049437886E+02  1.19796333434188398E+02  5.57998964992778568E+00  1.06781813112157231E-01  9.82939002830562555E-04  6.18695717232602074E-06  2.62495168028447949E-08 -0.00000000000000000E+00 -0.00000000000000000E+00
  814.000000  1.24500393606051091E+02  1.18882617656733714E+02  5.51184478026850755E+00  1.04963319000325794E-01  9.61799742211105887E-04  6.02486549741416121E-06  2.54408499932648220E-08 -0.00000000000000000E+00 -0.00000000000000000E+00
  816.000000  1.23530579262573667E+02  1.17981592464809523E+02  5.44485678238460125E+00  1.03182934314825614E-01  9.41188870583023777E-04  5.86753446233726651E-06  2.46594979548115261E-08 -0.00000000000000000E+00 -0.00000000000000000E+00
  818.000000  1.22574382843586307E+02  1.17093015733390928E+02  5.37900057067196258E+00  1.01439709507909814E-01  9.21091302073863178E-04  5.71480898123780638E-06  2.39044562054609438E-08 -0.00000000000000000E+00 -0.00000000000000000E+00
  820.000000  1.21631542711722545E+02  1.16216651184667796E+02  5.31425172239290156E+00  9.97327225111096227E-02  9.01492436469787011E-04  5.56653952525226176E-06  2.31747602486437096E-08 -0.00000000000000000E+00 -0.00000000000000000E+00
  822.000000  1.20701803575840472E+02  1.15352268217822143E+02  5.25058645699749427E+00  9.80610778275741723E-02  8.82378141763714334E-04  5.42258190499708904E-06  2.24694838583796544E-08 -0.00000000000000000E+00 -0.00000000000000000E+00
  824.000000  1.19784916305851823E+02  1.14499641744679820E+02  5.18798161619158371E+00  9.64239056581950582E-02  8.63734737398068938E-04  5.28279706227464640E-06  2.17877374436111575E-08 -0.00000000000000000E+00 -0.00000000000000000E+00
  826.000000  1.18880637753796918E+02  1.13658552030861927E+02  5.12641464471722763E+00  9.48203610600570346E-02  8.45548978171057394E-04  5.14705087064093554E-06  2.11286664872191510E-08 -0.00000000000000000E+00 -0.00000000000000000E+00
  828.000000  1.17988730580994741E+02  1.12828784542296546E+02  5.06586357181795677E+00  9.32496231359238870E-02  8.27808038778048236E-04  5.01521394435658016E-06  2.04914500567379717E-08 -0.00000000000000000E+00 -0.00000000000000000E+00
  830.000000  1.17108963090990699E+02  1.12010129796841625E+02  5.00630699335985696E+00  9.17108942534285709E-02  8.10499498960157811E-04  4.88716145540026545E-06  1.98752993824740351E-08 -0.00000000000000000E+00 -0.00000000000000000E+00
  832.000000  1.16241109068139167E+02  1.11202383220879312E+02  4.94772405458532205E+00  9.02033992928507056E-02  7.93611329234399239E-04  4.76277295815610977E-06  1.92794565006907339E-08 -0.00000000000000000E+00 -0.00000000000000000E+00
  834.000000  1.15384947621554829E+02  1.10405345010650365E+02  4.89009443346954065E+00  8.87263849222246215E-02  7.77131877179505597E-04  4.64193222137387554E-06  1.87031929577984734E-08 -0.00000000000000000E+00 -0.00000000000000000E+00
  836.000000  1.14540263034221653E+02  1.09618819998135280E+02  4.83339832466041397E+00  8.72791188987101230E-02  7.61049854254579805E-04  4.52452706719938529E-06  1.81458085731697924E-08 -0.00000000000000000E+00 -0.00000000000000000E+00
  838.000000  1.13706844617109709E+02  1.08842617521359557E+02  4.77761642397608455E+00  8.58608893951833541E-02  7.45354323127256336E-04  4.41044921682475764E-06  1.76066302575978679E-08 -0.00000000000000000E+00 -0.00000000000000000E+00
  840.000000  1.12884486568135628E+02  1.08076551298981428E+02  4.72272991343852944E+00  8.44710043510388808E-02  7.30034685489859602E-04  4.29959414253123748E-06  1.70850108846181321E-08 -0.00000000000000000E+00 -0.00000000000000000E+00
  842.000000  1.12072987835591277E+02  1.07320439308811501E+02  4.66872044682197451E+00  8.31087908461380642E-02  7.15080670342933930E-04  4.19186092584545839E-06  1.65803282122526647E-08 -0.00000000000000000E+00 -0.00000000000000000E+00
  844.000000  1.11272151986200413E+02  1.06574103670438660E+02  4.61557013569768593E+00  8.17735944971582918E-02  7.00482322726580153E-04  4.08715212149023120E-06  1.60919838529981741E-08 -0.00000000000000000E+00 -0.00000000000000000E+00
  846.000000  1.10481787077339106E+02  1.05837370531523050E+02  4.56326153595479234E+00  8.04647788753084792E-02  6.86229992880805681E-04  3.98537362692466419E-06  1.56194022890979382E-08 -0.00000000000000000E+00 -0.00000000000000000E+00
  848.000000  1.09701705533384256E+02  1.05110069957740450E+02  4.51177763477681282E+00  7.91817249445963545E-02  6.72314325816470511E-04  3.88643455718417086E-06  1.51620299318606496E-08 -0.00000000000000000E+00 -0.00000000000000000E+00
  850.000000  1.08931724026091899E+02  1.04392035826293636E+02  4.46110183806056160E+00  7.79238305199197734E-02  6.58726251280612523E-04  3.79024712482079948E-06  1.47193342220376880E-08 -0.00000000000000000E+00 -0.00000000000000000E+00
  852.000000  1.08171663358742535E+02  1.03683105722750440E+02  4.41121795825655028E+00  7.66905097440992722E-02  6.45456974099046306E-04  3.69672652469271051E-06  1.42908027701212258E-08 -0.00000000000000000E+00 -0.00000000000000000E+00
  854.000000  1.07421348353990140E+02  1.02983120841157529E+02  4.36211020261772031E+00  7.54811925831790909E-02  6.32497964880917988E-04  3.60579082340234586E-06  1.38759425340969617E-08 -0.00000000000000000E+00 -0.00000000000000000E+00
  856.000000  1.06680607745281861E+02  1.02291925887317632E+02  4.31376316183872532E+00  7.42953243392824036E-02  6.19840951070655581E-04  3.51736085320981193E-06  1.34742790331731173E-08 -0.00000000000000000E+00 -0.00000000000000000E+00
  858.000000  1.05949274071642265E+02  1.01609368985035871E+02  4.26616179907227355E+00  7.31323651802959773E-02  6.07477908332278572E-04  3.43136011014550736E-06  1.30853555958071226E-08 -0.00000000000000000E+00 -0.00000000000000000E+00
  860.000000  1.05227183575865070E+02  1.00935301585394598E+02  4.21929143930892536E+00  7.19917896858246753E-02  5.95401052253469523E-04  3.34771465624871381E-06  1.27087326402864245E-08 -0.00000000000000000E+00 -0.00000000000000000E+00
  862.000000  1.04514176105738443E+02  1.00269578378697588E+02  4.17313775910486218E+00  7.08730864086749290E-02  5.83602830355584978E-04  3.26635302566229076E-06  1.23439869865721757E-08 -0.00000000000000000E+00 -0.00000000000000000E+00
  864.000000  1.03810095018493769E+02  9.96120572092838756E+01  4.12768677664727246E+00  6.97757574514033529E-02  5.72075914397918075E-04  3.18720613446211637E-06  1.19907111977948889E-08 -0.00000000000000000E+00 -0.00000000000000000E+00
  866.000000  1.03114787088105288E+02  9.89625989928578633E+01  4.08292484214150342E+00  6.86993180572375017E-02  5.60813192963556442E-04  3.11020719407836022E-06  1.16485129499380277E-08 -0.00000000000000000E+00 -0.00000000000000000E+00
  868.000000  1.02428102415474768E+02  9.83210676363754601E+01  4.03883862851152031E+00  6.76432962149071948E-02  5.49807764316306781E-04  3.03529162808739738E-06  1.13170144288273032E-08 -0.00000000000000000E+00 -0.00000000000000000E+00
  870.000000  1.01749894342167806E+02  9.76873299604005183E+01  3.99541512240004071E+00  6.66072322768367087E-02  5.39052929517320470E-04  2.96239699230097907E-06  1.17638803588014377E-08 -0.00000000000000000E+00 -0.00000000000000000E+00
  872.000000  1.01080019362903101E+02  9.70612556237821877E+01  3.95264161545826731E+00  6.55906785901723133E-02  5.28542185791266929E-04  2.89146289799776093E-06  1.14237292439423305E-08 -0.00000000000000000E+00 -0.00000000000000000E+00
  874.000000  1.00418337048412525E+02  9.64427170506136804E+01  3.91050569591340613E+00  6.45931991402005912E-02  5.18269220131975170E-04  2.82243093811521434E-06  1.10943899866520034E-08 -0.00000000000000000E+00 -0.00000000000000000E+00
  876.000000  9.97647099629502350E+01  9.58315893594150339E+01  3.86899524040636900E+00  6.36143692056838628E-02  5.08227903138337754E-04  2.75524461635140470E-06  1.07754876122736303E-08 -0.00000000000000000E+00 -0.00000000000000000E+00
  878.000000  9.91190035880946994E+01  9.52277502943829290E+01  3.82809840608707885E+00  6.26537750256461468E-02  4.98412283071090925E-04  2.68984927898832089E-06  1.04666612480982248E-08 -0.00000000000000000E+00 -0.00000000000000000E+00
  880.000000  9.84810862481426170E+01  9.46310801587648029E+01  3.78780362296078099E+00  6.17110134772373975E-02  4.88816580122029831E-04  2.62619204937356250E-06  1.01675635512760033E-08 -0.00000000000000000E+00 -0.00000000000000000E+00
  882.000000  9.78508290376369700E+01  9.40414617501189696E+01  3.74809958647333286E+00  6.07856917642010941E-02  4.79435180887106732E-04  2.56422176491745962E-06  9.87786016177372829E-09 -0.00000000000000000E+00 -0.00000000000000000E+00
  884.000000  9.72281057511499966E+01  9.34587802975840418E+01  3.70897525033119280E+00  5.98774271156296278E-02  4.70262633035839722E-04  2.50388891651210796E-06  9.59722917890207203E-09 -0.00000000000000000E+00 -0.00000000000000000E+00
  886.000000  9.66127928150307866E+01  9.28829234008835556E+01  3.67041981954159979E+00  5.89858464945446914E-02  4.61293640168692893E-04  2.44514559027395978E-06  9.32536066065435176E-09 -0.00000000000000000E+00 -0.00000000000000000E+00
  888.000000  9.60047692212987727E+01  9.23137809712448529E+01  3.63242274367357920E+00  5.81105863160625569E-02  4.52523056856232318E-04  2.38794541150658385E-06  9.06195614455235104E-09 -0.00000000000000000E+00 -0.00000000000000000E+00
  890.000000  9.54039164633723544E+01  9.17512451739407311E+01  3.59497371032291557E+00  5.72512921746591574E-02  4.43945883851811841E-04  2.33224349080366474E-06  8.80672818910246793E-09 -0.00000000000000000E+00 -0.00000000000000000E+00
  892.000000  9.48101184736946152E+01  9.11952103725145946E+01  3.55806263878053342E+00  5.64076185803041030E-02  4.35557263472048856E-04  2.27799637219267333E-06  8.55939993503142237E-09 -0.00000000000000000E+00 -0.00000000000000000E+00
  894.000000  9.42232615632492809E+01  9.06455730746936865E+01  3.52167967389562619E+00  5.55792287031406235E-02  4.27352475138380013E-04  2.22516198324101491E-06  8.31970468506767228E-09 -0.00000000000000000E+00 -0.00000000000000000E+00
  896.000000  9.36432343627322439E+01  9.01022318797638206E+01  3.48581518012404601E+00  5.47657941263269971E-02  4.19326931073195786E-04  2.17369958704314566E-06  8.08738550183151058E-09 -0.00000000000000000E+00 -0.00000000000000000E+00
  898.000000  9.30699277654534569E+01  8.95650874274834052E+01  3.45045973575907183E+00  5.39669946068285361E-02  4.11476172145263243E-04  2.12356973601955481E-06  7.86219482269891176E-09 -0.00000000000000000E+00 -0.00000000000000000E+00
  900.000000  9.25032348719435902E+01  8.90340423485210124E+01  3.41560412733673990E+00  5.31825178438650181E-02  4.03795863858341989E-04  2.07473422743395486E-06  7.64389409100130376E-09 -0.00000000000000000E+00 -0.00000000000000000E+00
