# Wavelength || Total || n=1 | n=2 | ...
  300.000000  5.40185355184561558E+02  2.26449147951780105E+00  2.98691822973197532E+02  2.04360654313838836E+02  2.33162520325838365E+01  1.08076869041808550E+01  5.70594942916809789E-01  1.66659973349011226E-01  7.19256497674731262E-03
  302.000000  5.60559839279043217E+02 -4.16263244763604234E+00  3.15326359990522349E+02  2.13382373427752697E+02  2.41784356831986500E+01  1.10756681513813646E+01  5.83876524299432154E-01  1.68493007248449095E-01  7.26494227626170008E-03
  304.000000  5.82009294159922661E+02 -1.08199139318853668E+01  3.32880593867162133E+02  2.22737761664143477E+02  2.50855942363815672E+01  1.13494833402175210E+01  5.98057134067983887E-01  1.70369992044603680E-01  7.34785779086108860E-03
  306.000000  6.04615732813890304E+02 -1.77103868412968950E+01  3.51417659878098561E+02  2.32443842436859939E+02  2.60418876863123288E+01  1.16297560626980339E+01  6.13230775860759136E-01  1.72300555888709517E-01  7.44225946908455213E-03
  308.000000  6.28470052942657617E+02 -2.48374387630183264E+01  3.71007584198406562E+02  2.42519344585832073E+02  2.70520364995506810E+01  1.19171768814486061E+01  6.29505024741399799E-01  1.74295269244398504E-01  7.54924645210053140E-03
  310.000000  6.53673379830825525E+02 -3.22047733046747453E+01  3.91728273815617968E+02  2.52984907466056939E+02  2.81214184317576006E+01  1.22125139288896598E+01  6.47003548382505955E-01  1.76365846898355633E-01  7.67009789743792678E-03
  312.000000  6.80338682999241428E+02 -3.98163507703052346E+01  4.13666694046199154E+02  2.63863325742715574E+02  2.92561868761696111E+01  1.25166261712001052E+01  6.65869219547686964E-01  1.78525404856915981E-01  7.80630885765853846E-03
  314.000000  7.08592738169151517E+02 -4.76762994215628169E+01  4.36920279694987528E+02  2.75179844749639415E+02  3.04634165878673144E+01  1.28304801443252217E+01  6.86267988562178077E-01  1.80788790011865513E-01  7.95963532089082916E-03
  316.000000  7.38578528981170393E+02 -5.57887864101344348E+01  4.61598639632571349E+02  2.86962521056964761E+02  3.17512845230820382E+01  1.31551712773556932E+01  7.08393742341555055E-01  1.83173007705289659E-01  8.13215128416919578E-03
  318.000000  7.70458214596167977E+02 -6.41578329239632694E+01  4.87825633136600288E+02  2.99242668300717185E+02  3.31292961530873313E+01  1.34919513667636810E+01  7.32474458107997828E-01  1.85697783026758018E-01  8.32632182796132908E-03
  320.000000  8.04416833689594455E+02 -7.27870513839543491E+01  5.15741921709233111E+02  3.12055416170378237E+02  3.46085712831986996E+01  1.38422644285151382E+01  7.58780076681821458E-01  1.88386307776306522E-01  8.54509776551343539E-03
  322.000000  8.40666978636645581E+02 -8.16792724342285510E+01  5.45508135106509599E+02  3.25440422028994476E+02  3.62022086255800488E+01  1.42077941563337937E+01  7.87632690349125308E-01  1.91266249724651005E-01  8.79221338239258993E-03
  324.000000  8.79454763701879756E+02 -9.08360139555811656E+01  5.77308839232716537E+02  3.39442792064864989E+02  3.79257559134172411E+01  1.45905277571071004E+01  8.19419893120145848E-01  1.94371139509626312E-01  9.07165672527271948E-03
  326.000000  9.21067549049347804E+02 -1.00256719895185597E+02  6.11357562715062386E+02  3.54114295650807719E+02  3.97978234362733048E+01  1.49928433662638945E+01  8.54612525447258853E-01  1.97742312606602050E-01  9.38893807236854984E-03
  328.000000  9.65844078372329477E+02 -1.09937657124134603E+02  6.47903238053793984E+02  3.69514998695404643E+02  4.18408955386898995E+01  1.54176321768636377E+01  8.93788644692411260E-01  2.01431686027232909E-01  9.75070099220018069E-03
  330.000000  1.01418800548874276E+03 -1.19870292277767476E+02  6.87238557204938388E+02  3.85715509685847792E+02  4.40824202558527816E+01  1.58684729486066249E+01  9.37666515101246545E-01  2.05505822477624861E-01  1.01653336857675334E-02
  332.000000  1.06658627552923895E+03 -1.30038855310373037E+02  7.29710953880640886E+02  4.02800144761203910E+02  4.65562977918530763E+01  1.63498877564778731E+01  9.87151010812844065E-01  2.10052037074802578E-01  1.06436015484519999E-02
  334.000000  1.12363463805168817E+03 -1.40416586882064621E+02  7.75737243667168741E+02  4.20871510809456822E+02  4.93049547411439590E+01  1.68677276810044354E+01  1.04340059268903618E+00  2.15187848602386128E-01  1.11995936873182222E-02
  336.000000  1.18607395462704494E+03 -1.50959764707606155E+02  8.25823440627254399E+02  4.40057346457267954E+02  5.23823032529786587E+01  1.74297736632297635E+01  1.10792703424561512E+00  2.21076105307013632E-01  1.18521943674917644E-02
  338.000000  1.25484345114078133E+03 -1.61597784639831843E+02  8.80592030264231312E+02  4.60521086817124001E+02  5.58580836131019183E+01  1.80467078149314766E+01  1.18274965969938783E+00  2.27950132385859150E-01  1.26274791393675163E-02
  340.000000  1.33116179571178304E+03 -1.72215789367732214E+02  9.40820191774417481E+02  4.82478815153999221E+02  5.98244614695806973E+01  1.87337511213595675E+01  1.27064532002809605E+00  2.36157398119193757E-01  1.35628420108573258E-02
  342.000000  1.41665638880582833E+03 -1.82622261176579741E+02  1.00749440811407590E+03  5.06227660075471249E+02  6.44064912106523195E+01  1.95135595613391146E+01  1.37557726013562198E+00  2.46239171738281859E-01  1.47145889955225505E-02
  344.000000  1.51358026098014079E+03 -1.92485248295793099E+02  1.08188976098464082E+03  5.32195768496586879E+02  6.97796210978978593E+01  2.04216226966269048E+01  1.50347913611485096E+00  2.59083932379495674E-01  1.61729316869640011E-02
  346.000000  1.62518367521191112E+03 -2.01212256939433246E+02  1.16568432073503300E+03  5.61035780776422826E+02  7.62008764877008247E+01  2.15168751141524588E+01  1.66374652994611316E+00  2.76239325531380642E-01  1.80931825577962772E-02
  348.000000  1.75630203379193995E+03 -2.07791424147614634E+02  1.26111534440966034E+03  5.93814516631487550E+02  8.40676308652081019E+01  2.29030316039917707E+01  1.87157867735126726E+00  3.00617657659222715E-01  2.07380941964797547E-02
  350.000000  1.91414622946143800E+03 -2.10768987015113453E+02  1.37118783670557832E+03  6.32433582477211303E+02  9.40197609065390623E+01  2.47640370792000120E+01  2.14782390376103960E+00  3.37922645113737763E-01  2.42527591478087778E-02
  352.000000  2.10938474546664111E+03 -2.08508428560735410E+02  1.50001597205816370E+03  6.80619720683964260E+02  1.06954400187346337E+02  2.73639046069830947E+01  2.51835043356517652E+00  3.92208032507414428E-01  2.86180248469311595E-02
  354.000000  2.35639940882532028E+03 -2.01458226538939925E+02  1.65341818039308669E+03  7.46205758683362887E+02  1.23729427034560018E+02  3.10036838385897724E+01  3.01128222487127273E+00  4.54800914080254304E-01  3.45022757093375876E-02
  356.000000  2.68520348247873244E+03 -1.85817301449820661E+02  1.84064750081559396E+03  8.42454141729537469E+02  1.46770918138082862E+02  3.68265785163398718E+01  3.72533473287407624E+00  5.52772759747341635E-01  4.35372363771265591E-02
  358.000000  3.11097034698708330E+03 -1.60636368604318704E+02  2.07615624387474008E+03  9.66415772507786187E+02  1.78331671720206543E+02  4.52005796681098531E+01  4.73153206564496198E+00  7.14373668763911396E-01  5.65420861509023515E-02
  360.000000  3.52436506542341249E+03 -1.64068740732103834E+02  2.38661584562305870E+03  1.03667792094548940E+03  2.09431089799703443E+02  4.93616549658148287E+01  5.49055321334421631E+00  7.92240297368482227E-01  6.45013107367776867E-02
  362.000000  3.96903700072028232E+03 -1.83309298922924427E+02  2.81670202881709702E+03  1.04349028638382970E+03  2.38410767219305797E+02  4.71641016499277228E+01  5.79437966371479263E+00  7.21208058658506346E-01  6.35278506728632758E-02
  364.000000  4.69742940241503948E+03 -1.64290207071304394E+02  3.43647819280307840E+03  1.08426128792870168E+03  2.87335684613107901E+02  4.63361972682637315E+01  6.57675310848614192E+00  6.63950659373019891E-01  6.75431053341629950E-02
  366.000000  5.91149836180081184E+03 -8.66148436178918928E+01  4.37547491403847835E+03  1.19083597186010093E+03  3.73144145286267189E+02  4.95884684876042527E+01  8.30939006331130692E+00  6.78247333468830593E-01  8.20683494721355933E-02
  368.000000  7.89606527141652623E+03  7.00681745166129986E+01  5.85175864905257458E+03  1.38694989948188049E+03  5.17069455973502613E+02  5.79408714539208702E+01  1.13949657156888886E+01  7.73155002002222647E-01  1.10100220342090063E-01
  370.000000  1.09366838770705726E+04  2.97682436862440227E+02  8.07883846714214906E+03  1.72260151189522549E+03  7.46349792308402698E+02  7.36684854442341930E+01  1.64127263277399749E+01  9.73879177905428106E-01  1.56577912475782760E-01
  372.000000  1.44194799209260655E+04  4.84806200661561888E+02  1.05694993185259991E+04  2.20697164720277169E+03  1.03663054690915942E+03  9.71040704019402057E+01  2.29641197738579734E+01  1.28591013803274801E+00  2.18107312742168574E-01
  374.000000  1.59764895124439045E+04  6.29718964742278331E+02  1.13869678210648672E+04  2.61593162735838405E+03  1.19827624404402468E+03  1.16841975772382668E+02  2.69366936243780799E+01  1.55992429324995596E+00  2.56261544338726333E-01
  376.000000  1.41453096947287468E+04  6.98223281896425760E+02  9.67569001132375161E+03  2.59106588969918630E+03  1.04370677802939622E+03  1.11417006090281347E+02  2.35103325658720870E+01  1.47349462684125920E+00  2.22900496990071501E-01
  378.000000  1.07562477591794031E+04  5.05762862315492384E+02  7.25023281230009252E+03  2.15834646206147590E+03  7.40878935309748840E+02  8.34588005264086945E+01  1.63604141818946012E+01  1.05436981679284680E+00  1.53102667497843598E-01
  380.000000  8.10905641007390477E+03  2.36975561819446739E+02  5.51741266275183989E+03  1.77813493066826732E+03  5.04621468877339282E+02  6.03668018212610562E+01  1.07373223659387538E+01  7.09206028827441437E-01  9.84557409838758002E-02
  382.000000  6.52272522279483928E+03  2.35897846824009321E+01  4.51284890240286040E+03  1.57134115658142946E+03  3.59424344561476346E+02  4.76599392509725348E+01  7.27837460175897100E+00  5.17687681527302823E-01  6.50330324125456410E-02
  384.000000  5.63078140555329901E+03 -1.29872921425601817E+02  3.96325566082902378E+03  1.47735028229102090E+03  2.73175018632598210E+02  4.11929713738775476E+01  5.21781798103185857E+00  4.17358507065189455E-01  4.52173642840242376E-02
  386.000000  5.14125301199056867E+03 -2.41923312106562662E+02  3.67493324628475648E+03  1.44521822150440426E+03  2.20736131282096721E+02  3.79380909082644990E+01  3.95417513666336307E+00  3.63358445973014477E-01  3.31005349725367395E-02
  388.000000  4.88792784120207762E+03 -3.26836063841095893E+02  3.53925275749726552E+03  1.44783148894780288E+03  1.87799616141376873E+02  3.63744101558384756E+01  3.14687964228416739E+00  3.33389036972625730E-01  2.53636216329418789E-02
  390.000000  4.77942647816687168E+03 -3.93335185948591970E+02  3.49626786047244423E+03  1.47126624010556611E+03  1.66525623747540095E+02  3.57544426220168106E+01  2.61068140396169390E+00  3.16602087127791587E-01  2.02136768072413917E-02
  392.000000  4.76381039674223666E+03 -4.46470838573543006E+02  3.51149292964661117E+03  1.50802720678657965E+03  1.52502228633633933E+02  3.56924825828811549E+01  2.24226527579979873E+00  3.07464956903401088E-01  1.66574333711168032E-02
  394.000000  4.80992151498517796E+03 -4.89067533598317823E+02  3.56379594630409883E+03  1.55378387962808529E+03  1.43134213881261616E+02  3.59763354326656355E+01  1.98157130277005522E+00  3.02980425067450432E-01  1.41216095467080645E-02
  396.000000  4.89784500291817039E+03 -5.22594316956729017E+02  3.63921453472644089E+03  1.60581892240343382E+03  1.36818902419299604E+02  3.64811617059072333E+01  1.79211372733797414E+00  3.01424031457354968E-01  1.22608610227808654E-02
  398.000000  5.01393145495849512E+03 -5.47674056078038120E+02  3.72773311823840095E+03  1.66226402803704423E+03  1.32516666115084604E+02  3.71283263055307557E+01  1.65076893758072130E+00  3.01744806409142807E-01  1.08585964827939956E-02
  400.000000  5.14812087296769823E+03 -5.64394165437672200E+02  3.82156679752292621E+03  1.72170818372619533E+03  1.29519952275977062E+02  3.78647708774672012E+01  1.54229401571470537E+00  3.03266069559526452E-01  9.77391752946429361E-03
  402.000000  5.29247647340956064E+03 -5.72512309811027080E+02  3.91424857239904395E+03  1.78299193390324626E+03  1.27325301582988601E+02  3.86522407726656425E+01  1.45627930721345944E+00  3.05543095619008165E-01  8.91215981041233209E-03
  404.000000  5.44038828261462550E+03 -5.71607677022126154E+02  4.00017099285348195E+03  1.84510069681857294E+03  1.25560933628631815E+02  3.94615069641406109E+01  1.38540034904158493E+00  3.08221061521474604E-01  8.20796136240882837E-03
  406.000000  5.58616782075059200E+03 -5.61203837383334758E+02  4.07439966576499046E+03  1.90711418566210273E+03  1.23945482384119103E+02  4.02692464904129110E+01  1.32438915322744788E+00  3.11073452356902203E-01  7.61522671777271464E-03
  408.000000  5.72487896315968646E+03 -5.40874862466414925E+02  4.13265353426836373E+03  1.96818877953780589E+03  1.22264692252602728E+02  4.10563851794686769E+01  1.26941619176896991E+00  3.13917184222569312E-01  7.10101186902497433E-03
  410.000000  5.85230965272758476E+03 -5.10337745776952943E+02  4.17138205387155722E+03  2.02755862578937308E+03  1.20358512226888408E+02  4.18072423084171376E+01  1.21771145861046914E+00  3.16611153788688537E-01  6.64169590388411640E-03
  412.000000  5.96501710450339124E+03 -4.69529229927378765E+02  4.18788534896778401E+03  2.08454535822555999E+03  1.18113953818412938E+02  4.25090816480533675E+01  1.16732483579441060E+00  3.19046427889853101E-01  6.22050727650579061E-03
  414.000000  6.06039437098076905E+03 -4.18663125410654175E+02  4.18043249363868381E+03  2.13856853711265285E+03  1.15460717333303776E+02  4.31518172680147103E+01  1.11696561125016269E+00  3.21139571110342970E-01  5.82585640873067336E-03
  416.000000  6.13671756900169112E+03 -3.58264712949989189E+02  4.14834199376463675E+03  2.18915077111574283E+03  1.12367639539758471E+02  4.37277155622338896E+01  1.06588446760457223E+00  3.22827354670161770E-01  5.45014703284254966E-03
  418.000000  6.19314542377435009E+03 -2.89181300461583305E+02  4.09200033476524095E+03  2.23591364913689358E+03  1.08838804866420560E+02  4.42310082546212584E+01  1.01377642411418067E+00  3.24061915665284306E-01  5.08887297734596494E-03
  420.000000  6.22965713655382388E+03 -2.12571495907002827E+02  4.01280900311189134E+03  2.27856318014412045E+03  1.04908814895210057E+02  4.46573947213100766E+01  9.60693668665149714E-01  3.24806027257187213E-01  4.73989237349087440E-03
  422.000000  6.24692954439159803E+03 -1.29878920603478036E+02  3.91306528039596969E+03  2.31686609256988731E+03  1.00637231610241926E+02  4.50034646732901038E+01  9.06964362898702747E-01  3.25028557603273760E-01  4.40282518514702095E-03
  424.000000  6.24616750446976221E+03 -4.27974088360424503E+01  3.79579377886569955E+03  2.35062058021689245E+03  9.61025487654150652E+01  4.52661087608889261E+01  8.53117699309980604E-01  3.24700446977227219E-01  4.07855062154115992E-03
  426.000000  6.22890994655656687E+03  4.67672494805665337E+01  3.66455071529561837E+03  2.37962645756412394E+03  9.13961462840036063E+01  4.54420007704051869E+01  7.99816746805074863E-01  3.23791622669221901E-01  3.76879237550632610E-03
  428.000000  6.19683685266771681E+03  1.36740456402199925E+02  3.52321910785663749E+03  2.40366000022181561E+03  8.66165135540132525E+01  4.55272306255245169E+01  7.47799011576595007E-01  3.22269221338420508E-01  3.47577461086985779E-03
  430.000000  6.15159989049625347E+03  2.24939547450812825E+02  3.37580039129099669E+03  2.42245807388349431E+03  8.18636114303547799E+01  4.55171465469591823E+01  6.97820639977751456E-01  3.20097339412038273E-01  3.20191424589027270E-03
  432.000000  6.09469314814342215E+03  3.09178275013167877E+02  3.22619018477676582E+03  2.43571475669483334E+03  7.72327144111982307E+01  4.54064340632700265E+01  6.50595356561467941E-01  3.17238333207452816E-01  2.94949441754069255E-03
  434.000000  6.02737249567438903E+03  3.87447391436726321E+02  3.07791400852942434E+03  2.44309178558601070E+03  7.28067915738860165E+01  4.51894254022776565E+01  6.06717400724646749E-01  3.13655484919839578E-01  2.72026042008161181E-03
  436.000000  5.95062437457979013E+03  4.58183790826369659E+02  2.93381260528881012E+03  2.44424189472157786E+03  6.86470874425545077E+01  4.48605991847986729E+01  5.66565522674364441E-01  3.09316666595375100E-01  2.51492640804739601E-03
  438.000000  5.86517840789647380E+03  5.20576673077630403E+02  2.79572469301503725E+03  2.43884149944640922E+03  6.47836036601316891E+01  4.44151997901579847E+01  5.30207716462403944E-01  3.04198488492973762E-01  2.33270215051566664E-03
  440.000000  5.77155355738274557E+03  5.74769298583640193E+02  2.66429985763637478E+03  2.42662672768356470E+03  6.12099734447742136E+01  4.38498832349040271E+01  4.97355371165607019E-01  2.98290333665739205E-01  2.17109465674065420E-03
  442.000000  5.67012483976640669E+03  6.21784881271829363E+02  2.53910175332192375E+03  2.40742594524879860E+03  5.78879233944528622E+01  4.31632923316778516E+01  4.67420251310504464E-01  2.91597697357421637E-01  2.02624905681548194E-03
  444.000000  5.56119723512032306E+03  6.63128022498502105E+02  2.41904074231601817E+03  2.38118400155044583E+03  5.47622643672795135E+01  4.23564865043388394E+01  4.39679659918233767E-01  2.84144393605822665E-01  1.89383021490979807E-03
  446.000000  5.44507548356056577E+03  7.00235679382858507E+02  2.30295783263743760E+03  2.34797738171326955E+03  5.17801758964439216E+01  4.14331910512435542E+01  4.13479406880376765E-01  2.75973413018804570E-01  1.77005941279955652E-03
  448.000000  5.32212198157195144E+03  7.34062071239437500E+02  2.19007557981879427E+03  2.30802190677113822E+03  4.89053885869787663E+01  4.03998612252498859E+01  3.88375128763100153E-01  2.67146406650924706E-01  1.65239493905099729E-03
  450.000000  5.19279834178941292E+03  7.64962771605343733E+02  2.08015052423916404E+03  2.26167386482453139E+03  4.61221712284225234E+01  3.92655658998970551E+01  3.64162486692186205E-01  2.57741879424672859E-01  1.53962593741254991E-03
  452.000000  5.05768863971804512E+03  7.92831693545995222E+02  1.97337053935764175E+03  2.20942361830006257E+03  4.34309856332030719E+01  3.80416981860380119E+01  3.40820910184494508E-01  2.47852252710194842E-01  1.43153220991472873E-03
  454.000000  4.91750434720097473E+03  8.17335913781505951E+02  1.87014800949721530E+03  2.15188054595479571E+03  4.08410085399065537E+01  3.67415327909342935E+01  3.18428168301881920E-01  2.37580052664594199E-01  1.32841565241404737E-03
  456.000000  4.77307285762318224E+03  8.38120747120228771E+02  1.77093368128987004E+03  2.08974977672049454E+03  3.83636293307180836E+01  3.53796700548461303E+01  2.97088805613711204E-01  2.27033579880693170E-01  1.23072153131826255E-03
  458.000000  4.62531315506388273E+03  8.54934609994117636E+02  1.67610129657703010E+03  2.02380300716301235E+03  3.60084666539930680E+01  3.39714221108875165E+01  2.76891280873157564E-01  2.16322466359205712E-01  1.13881760935274998E-03
  460.000000  4.47520317292807522E+03  8.67678864155343035E+02  1.58589927272253567E+03  1.95484666065937040E+03  3.37816786198728138E+01  3.25322002119027403E+01  2.57890148378601358E-01  2.05553505208538184E-01  1.05290546323757940E-03
  462.000000  4.32374356283647376E+03  8.76408036868775525E+02  1.50044629013688814E+03  1.88369063272097901E+03  3.16857443729788351E+01  3.10769547785550628E+01  2.40103886413851997E-01  1.94827059810578490E-01  9.73012073811770268E-04
  464.000000  4.17192207047071315E+03  8.81304743690587202E+02  1.41974876567101273E+03  1.81112023422616130E+03  2.97199677706160301E+01  2.96197056446422309E+01  2.23520198897092875E-01  1.84234250319986109E-01  8.99018476775939818E-04
  466.000000  4.02068174938838183E+03  8.82645838728021772E+02  1.34372565228221697E+03  1.73787306599578233E+03  2.78812192363073557E+01  2.81731837905301390E+01  2.08103653927178445E-01  1.73855002507513901E-01  8.30699088489774383E-04
  468.000000  3.87089510567739035E+03  8.80768974676866492E+02  1.27223286708271553E+03  1.66462168019716751E+03  2.61646651766798257E+01  2.67485907692403977E+01  1.93803070266639121E-01  1.63756945640911783E-01  7.67758812254389620E-04
  470.000000  3.72334517073358893E+03  8.76043786354370241E+02  1.20508412915502299E+03  1.59196213972196279E+03  2.45643830075703455E+01  2.53554699170349771E+01  1.80557641928152435E-01  1.53995072537243094E-01  7.09863161710243859E-04
  472.000000  3.57871358583658548E+03  8.68849064149497281E+02  1.14206740391210269E+03  1.52040803411299703E+03  2.30738382835081381E+01  2.40016750854446776E+01  1.68301603077158413E-01  1.44612029256797281E-01  6.56660702322845163E-04
  474.000000  3.43757511666927621E+03  8.59555838958433014E+02  1.08295725072567961E+03  1.45038915952398042E+03  2.16862351899317503E+01  2.26934180075588081E+01  1.56967582834722619E-01  1.35638882079744200E-01  6.07798778576060933E-04
  476.000000  3.30039760564306971E+03  8.48515661498342524E+02  1.02752375918656890E+03  1.38225389964381088E+03  2.03947632984676481E+01  2.14353739647916051E+01  1.46488906907761729E-01  1.27096210225274453E-01  5.62933954709561785E-04
  478.000000  3.16754618309706348E+03  8.36053146398346144E+02  9.75538810908067489E+02  1.31627431678038192E+03  1.91927644428935231E+01  2.02308263382248690E+01  1.36801102789169710E-01  1.18995387824844839E-01  5.21738535386665554E-04
  480.000000  3.03929054345691020E+03  8.22461849656541744E+02  9.26780319557179382E+02  1.25265303411229092E+03  1.80738404044679974E+01  1.90818330545831891E+01  1.27842825804990817E-01  1.11339941748823640E-01  4.83904293727896613E-04
  482.000000  2.91581419315763560E+03  8.08002641803104780E+02  8.81034979129683620E+02  1.19153112079440439E+03  1.70319178965671050E+01  1.79894011158187190E+01  1.19556375885055480E-01  1.04126897900916657E-01  4.49144270987217754E-04
  484.000000  2.79722474313380008E+03  7.92903868782032077E+02  8.38099931230142147E+02  1.13299634779378721E+03  1.60612833963509942E+01  1.69536587522656070E+01  1.11887932069481236E-01  9.73480538700416120E-02  4.17193282622624903E-04
  486.000000  2.68356451008334579E+03  7.77362727675881615E+02  7.97783661055519815E+02  1.07709133983093784E+03  1.51565971065554717E+01  1.59740178716560273E+01  1.04787597097040983E-01  9.09911381136672137E-02  3.87807584142294806E-04
  488.000000  2.57482087979417520E+03  7.61547410116734682E+02  7.59906351587894278E+02  1.02382129221529806E+03  1.43128927897721479E+01  1.50493221684542906E+01  9.82093179469755023E-02  8.50408340613061781E-02  3.60764014103140981E-04
  490.000000  2.47093605553371890E+03  7.45599675805748120E+02  7.24299864120099642E+02  9.73161042631189275E+02  1.35255683078480331E+01  1.41779784199175829E+01  9.21107286380489498E-02  7.94796614448552430E-02  3.35858832758239830E-04
  492.000000  2.37181595653985914E+03  7.29637609950455953E+02  6.90807467229777217E+02  9.25061384368603058E+02  1.27903702932775136E+01  1.33580701268285527E+01  8.64529474178006296E-02  7.42887170946324726E-02  3.12906404359303151E-04
  494.000000  2.27733814371200106E+03  7.13758391961589950E+02  6.59283402259391437E+02  8.79454579949534377E+02  1.21033753579524728E+01  1.25874538113855738E+01  8.12003503446434571E-02  6.94482839806019880E-02  2.91737821548323324E-04
  496.000000  2.18735873327888339E+03  6.98040960122625620E+02  6.29592348344473407E+02  8.36259085405079418E+02  1.14609695087987316E+01  1.18638390411583625E+01  7.63203360918002088E-02  6.49383211203914956E-02  2.72199535762404805E-04
  498.000000  2.10171831816691292E+03  6.82548500420636628E+02  6.01608831745973589E+02  7.95383529303207752E+02  1.08598269129331388E+01  1.11848536915760537E+01  7.17830917580934008E-02  6.07388487944555827E-02  2.54152033770063679E-04
  500.000000  2.02024695547739702E+03  6.67330719709241748E+02  5.75216610921626966E+02  7.56730010818400160E+02  1.02968887796258759E+01  1.05480961700731140E+01  6.75613659476545364E-02  5.68302438972181356E-02  2.37468584182744588E-04
  502.000000  1.94276830140121479E+03  6.52425886168985016E+02  5.50308059092225676E+02  7.20196791161642636E+02  9.76934286012598818E+00  9.95117637153538048E+00  6.36302529369887349E-02  5.31934596961165587E-02  2.22034066774352156E-04
  504.000000  1.86910298610425366E+03  6.37862635666026108E+02  5.26783559049926112E+02  6.85680455519735460E+02  9.27460387884837090E+00  9.39174707261572728E+00  5.99669900688493546E-02  4.98101831427147229E-02  2.07743890106213460E-04
  506.000000  1.79907132403371247E+03  6.23661552836527335E+02  5.04550919893952653E+02  6.53077620667102337E+02  8.81029507792595190E+00  8.86752734438014123E+00  5.65507693702078235E-02  4.66629414558711111E-02  1.94502998149793981E-04
  508.000000  1.73249545246573211E+03  6.09836541959008173E+02  4.83524821745074121E+02  6.22286258438963841E+02  8.37423096614508644E+00  8.37631939978016860E+00  5.33625636293845879E-02  4.37351681678024087E-02  1.82224963552331357E-04
  510.000000  1.66920098500878680E+03  5.96396006026643590E+02  4.63626291895785755E+02  5.93206698633955625E+02  7.96440130087547260E+00  7.91602011637881375E+00  5.03849666684498543E-02  4.10112373155571142E-02  1.70831163339396619E-04
  512.000000  1.60901825878168097E+03  5.83343853811073132E+02  4.44782214019597120E+02  5.65742367590861363E+02  7.57895628987748804E+00  7.48462829995666290E+00  4.76020472340418499E-02  3.84764730494745466E-02  1.60250031813000848E-04
  514.000000  1.55178324513482175E+03  5.70680354719730531E+02  4.26924870784442419E+02  5.39800311295230358E+02  7.21619297261983572E+00  7.08024859001132789E+00  4.49992157441237925E-02  3.61171406582048438E-02  1.50416384915998033E-04
  516.000000  1.49733818486032033E+03  5.58402860424079336E+02  4.09991519339727290E+02  5.15291544816295186E+02  6.87454272386074194E+00  6.70109275862324161E+00  4.25631030303863095E-02  3.39204238938226876E-02  1.41270810206679451E-04
  518.000000  1.44553200028759215E+03  5.46506410899773982E+02  3.93923998565382078E+02  4.92131263386178261E+02  6.55255981254597497E+00  6.34547902189528212E+00  4.02814501778519449E-02  3.18743925219814109E-02  1.32759116691285846E-04
  520.000000  1.39622052875720419E+03  5.34984240912610403E+02  3.78668366602037793E+02  4.70238944625890952E+02  6.24891094448226792E+00  6.01182986856609158E+00  3.81430085646218137E-02  2.99679632127043960E-02  1.24831839013104460E-04
  522.000000  1.34926661487324304E+03  5.23828201302221714E+02  3.64174566964205439E+02  4.49538366328885559E+02  5.96236571601152399E+00  5.69866881268285752E+00  3.61374492313691759E-02  2.81908562136867456E-02  1.17443790827396292E-04
  524.000000  1.30454009265737159E+03  5.13029107722297340E+02  3.50396121429748973E+02  4.29957559819121002E+02  5.69178790703709403E+00  5.40461639505777214E+00  3.42552807526684544E-02  2.65335496941686913E-02  1.10553662565121430E-04
  526.000000  1.26191768330258992E+03  5.02577027910952893E+02  3.37289847867769822E+02  4.11428715157870556E+02  5.43612754440016310E+00  5.12838568990620391E+00  3.24877748341051154E-02  2.49872331970411310E-02  1.04123659179382363E-04
  528.000000  1.22128282955828377E+03  4.92461517084142542E+02  3.24815601186362699E+02  3.93888051321476439E+02  5.19441367011045685E+00  4.86877751682883719E+00  3.08268989145396403E-02  2.35437612743097206E-02  9.81191738518822585E-05
  530.000000  1.18252548382551981E+03  4.82671809707317152E+02  3.12936035638936914E+02  3.77275661842115881E+02  4.96574775302777560E+00  4.62467551242616448E+00  2.92652551100521900E-02  2.21956080920223849E-02  9.25084940098358353E-05
  532.000000  1.14554186372753134E+03  4.73196974719344325E+02  3.01616386805828824E+02  3.61535344225769620E+02  4.74929768688922316E+00  4.39504117870820998E+00  2.77960248922744096E-02  2.09358235624724116E-02  8.72625363543227641E-05
  534.000000  1.11023418614399066E+03  4.64026040227567137E+02  2.90824271660897807E+02  3.46614419673008683E+02  4.54429232190183274E+00  4.17890899567691942E+00  2.64129189472471215E-02  1.97579913830218112E-02  8.23546079256240031E-05
  536.000000  1.07651038840984143E+03  4.55148092784540495E+02  2.80529505233304576E+02  3.32463548167694796E+02  4.35001648144566921E+00  3.97538166172986429E+00  2.51101317125606641E-02  1.86561892227611673E-02  7.77601905344934571E-05
  538.000000  1.04428384349269413E+03  4.46552355568448547E+02  2.70703932475764759E+02  3.19036542814179199E+02  4.16580641943759122E+00  3.78362550678849496E+00  2.38823001368703401E-02  1.76249511925748864E-02  7.34567461583158485E-05
  540.000000  1.01347307441869236E+03  4.38228249106740805E+02  2.61321274053966590E+02  3.06290186349297414E+02  3.99104567786198317E+00  3.60286610837917332E+00  2.27244662506926771E-02  1.66592326545396685E-02  6.94235411536307117E-05
  542.000000  9.84001471966686154E+02  4.30165437606562591E+02  2.52356984870567430E+02  2.94184051990461057E+02  3.82516130756282635E+00  3.43238412950053906E+00  2.16320431769132376E-02  1.57543773674532935E-02  6.56414873592822749E-05
  544.000000  9.55797018633154153E+02  4.22353863457853549E+02  2.43788124231214482E+02  2.82680330172811239E+02  3.66762041873522859E+00  3.27151138837252953E+00  2.06007842461190457E-02  1.49060869223991439E-02  6.20929983662444403E-05
  546.000000  9.28792021060970796E+02  4.14783772058647628E+02  2.35593236651476275E+02  2.71743662247436021E+02  3.51792703070506807E+00  3.11962716353892588E+00  1.96267549154592394E-02  1.41103923919812663E-02  5.87618594141922114E-05
  548.000000  9.02922852472257887E+02  4.07445728755506934E+02  2.27752242386430453E+02  2.61340981835649643E+02  3.37561919338685135E+00  2.97615473285847409E+00  1.87063072195391318E-02  1.33636280963917217E-02  5.56331095352761748E-05
  550.000000  8.78129706132453407E+02  4.00330629393552044E+02  2.20246336843980743E+02  2.51441364241361100E+02  3.24026635542498909E+00  2.84055814131426798E+00  1.78360565090957164E-02  1.26624073765096261E-02  5.26929347123002932E-05
  552.000000  8.54356360468223670E+02  3.93429705719010599E+02  2.13057898115493032E+02  2.42015884098230117E+02  3.11146695639366300E+00  2.71233919001027779E+00  1.70128602579499126E-02  1.20036002569681582E-02  4.99285709483541471E-05
  554.000000  8.31549956145877672E+02  3.86734526664981786E+02  2.06170401924087969E+02  2.33037481257420183E+02  2.98884622257248322E+00  2.59103463697926761E+00  1.62337987404893823E-02  1.13843128791346788E-02  4.73282162615171491E-05
  556.000000  8.09660785175528076E+02  3.80236996374156661E+02  1.99568343353201442E+02  2.24480834794153424E+02  2.87205414776896273E+00  2.47621359931085117E+00  1.54961574019292919E-02  1.08018685841028608E-02  4.48809507206852261E-05
  558.000000  7.88642091922139343E+02  3.73929349664322217E+02  1.93237164773978947E+02  2.16322244917983426E+02  2.76076364242720551E+00  2.36747514547426263E+00  1.47974107614077411E-02  1.02537905282182283E-02  4.25766637324138182E-05
  560.000000  7.68449885765950285E+02  3.67804145516499375E+02  1.87163189441933440E+02  2.08539522505817274E+02  2.65466883584724522E+00  2.26444606644350133E+00  1.41352077038807665E-02  9.73778571767856468E-03  4.04059878700892486E-05
  562.000000  7.49042765056561734E+02  3.61854259063337850E+02  1.81333560280696986E+02  2.01111885931870688E+02  2.55348351779767668E+00  2.16677881423501484E+00  1.35073580311729190E-02  9.25173035382976378E-03  3.83602386105453359E-05
  564.000000  7.30381751934833119E+02  3.56072872469258982E+02  1.75736183413335368E+02  1.94019864840573376E+02  2.45693970709357323E+00  2.07414959667051235E+00  1.29118201553922955E-02  8.79365638652915629E-03  3.64313594089532932E-05
  566.000000  7.12430137549116694E+02  3.50453465020381373E+02  1.70359676041259206E+02  1.87245210493177581E+02  2.36478633589480980E+00  1.98625661752348281E+00  1.23466898294643194E-02  8.36173917907568655E-03  3.46118716009585127E-05
  568.000000  6.95153337164344407E+02  3.44989802683227026E+02  1.65193318306008365E+02  1.80770812313080370E+02  2.27678803953711340E+00  1.90281845164863661E+00  1.18101898198551009E-02  7.95428619446497502E-03  3.28948286733975954E-05
  570.000000  6.78518754648914637E+02  3.39675927341494571E+02  1.60227008802015973E+02  1.74580620256708187E+02  2.19272404266613741E+00  1.82357254520044210E+00  1.13006604358739399E-02  7.56972661898019147E-03  3.12737744915227102E-05
  572.000000  6.62495655821580954E+02  3.34506145879994619E+02  1.55451223437490029E+02  1.68659572643813931E+02  2.11238713330563277E+00  1.74827383158799443E+00  1.08165508382439511E-02  7.20660184523089914E-03  2.97427051119442938E-05
  574.000000  6.47055050143064250E+02  3.29475019247475302E+02  1.50856977367778484E+02  1.62993529092320728E+02  2.03558271727971984E+00  1.67669345437627171E+00  1.03564110571783743E-02  6.86355674265396939E-03  2.82960338483204052E-05
  576.000000  6.32169580251980733E+02  3.24577351606397770E+02  1.46435789749336180E+02  1.57569208216388176E+02  1.96212794608991747E+00  1.60861758890356632E+00  9.91888465676685031E-03  6.53933164909319738E-03  2.69285592891587484E-05
  578.000000  6.17813418857548982E+02  3.19808179650951843E+02  1.42179651085034408E+02  1.52374129762160919E+02  1.89185091201250755E+00  1.54384635494218392E+00  9.50270198870134530E-03  6.23275502239553462E-03  2.56354359975412230E-05
  580.000000  6.03962172521169919E+02  3.15162762156639928E+02  1.38080992951429323E+02  1.47396560872277064E+02  1.82458990472922333E+00  1.48219281326717178E+00  9.10667398366384225E-03  5.94273669594128518E-03  2.44121476489089676E-05
  582.000000  5.90592791880173536E+02  3.10636569810043056E+02  1.34132659916313884E+02  1.42625466187373149E+02  1.76019272432599716E+00  1.42348203951499963E+00  8.72968643354519493E-03  5.66826168667664259E-03  2.32544823866863933E-05
  584.000000  5.77683487888612262E+02  3.06225275352994686E+02  1.30327883472412424E+02  1.38050461510281593E+02  1.69851604597458739E+00  1.36755026920807587E+00  8.37069472216464550E-03  5.40838450854609371E-03  2.21585101970361524E-05
  586.000000  5.65213653672550777E+02  3.01924744065670438E+02  1.26660257827414185E+02  1.33661770775675450E+02  1.63942483202818279E+00  1.31424410828607163E+00  8.02871896612788495E-03  5.16222394822163973E-03  2.11205621236533307E-05
  588.000000  5.53163791620877873E+02  2.97731024605614948E+02  1.23123717404048804E+02  1.29450186084662533E+02  1.58279178762328909E+00  1.26341980392275577E+00  7.70283953072049311E-03  4.92895826371634108E-03  2.01372111593486536E-05
  590.000000  5.41515445353837777E+02  2.93640340210512932E+02  1.19712515917251864E+02  1.25407030580071165E+02  1.52849685626961995E+00  1.21494257081819579E+00  7.39219288943578079E-03  4.70782076987731786E-03  1.92052546684141170E-05
  592.000000  5.30251136234919500E+02  2.89649080269842216E+02  1.16421206905559856E+02  1.21524123953534584E+02  1.47642675217211683E+00  1.16868596853651474E+00  7.09596779812276743E-03  4.49809577786595537E-03  1.83216982058391289E-05
  594.000000  5.19354304112327895E+02  2.85753792264039930E+02  1.13244625605460740E+02  1.17793750390293638E+02  1.42647452636103877E+00  1.12453132581565418E+00  6.81340175776296107E-03  4.29911485860278234E-03  1.74837406135673662E-05
  596.000000  5.08809251996165813E+02  2.81951174067324246E+02  1.10177872065398418E+02  1.14208628771520111E+02  1.37853916391434494E+00  1.08236720810369746E+00  6.54377774188413981E-03  4.11025340276973284E-03  1.66887602835019367E-05
  598.000000  4.98601094399125714E+02  2.78238066608423651E+02  1.07216295406007546E+02  1.10761884967053845E+02  1.33252520983829181E+00  1.04208892488041127E+00  6.28642116709713424E-03  3.93092745235957674E-03  1.59343024888425883E-05
  600.000000  4.88715709083426702E+02  2.74611446878866445E+02  1.04355479139849635E+02  1.07447026063833732E+02  1.28834242133762111E+00  1.00359807360380615E+00  6.04069708682540129E-03  3.76059078095060178E-03  1.52180676928511217E-05
  602.000000  4.79139691978829831E+02  2.71068421280884650E+02  1.01591227471750599E+02  1.04257916386683618E+02  1.24590544443894369E+00  9.66802117379039649E-01  5.80600759035856603E-03  3.59873220187877227E-03  1.45379007535710102E-05
  604.000000  4.69860315048287646E+02  2.67606219301543206E+02  9.89195525067476922E+01  1.01188755178982134E+02  1.20513351307170580E+00  9.31613993686010833E-01  5.58178939066184335E-03  3.44487308530306343E-03  1.38917809496398114E-05
  606.000000  4.60865486897841436E+02  2.64222187503217356E+02  9.63366622989653933E+01  9.82340558205824124E+01  1.16595016889152503E+00  8.97951751719251678E-01  5.36751158599599841E-03  3.29856506681509018E-03  1.32778127594507617E-05
  608.000000  4.52143715937704485E+02  2.60913783815942224E+02  9.38389496798689038E+01  9.53886264698014941E+01  1.12828300026503259E+00  8.65738216096157753E-01  5.16267358160834005E-03  3.15938793176168261E-03  1.26942173317845412E-05
  610.000000  4.43684075918839710E+02  2.57678572120757963E+02  9.14229818093719047E+01  9.26475520247239359E+01  1.09206339896936977E+00  8.34900674872168125E-01  4.96680315894417433E-03  3.02694766081994639E-03  1.21393245917091969E-05
  612.000000  4.35476173678898874E+02  2.54514217109871879E+02  8.90854903977210739E+01  9.00061773071868032E+01  1.05722633327680704E+00  8.05370589971848516E-01  4.77945468092190635E-03  2.90087462362392844E-03  1.16115659301875083E-05
  614.000000  4.27510118945689328E+02  2.51418479412183842E+02  8.68233625501303266E+01  8.74600913800736350E+01  1.02371013620418649E+00  7.77083328298709186E-01  4.60020742272850523E-03  2.78082190837954059E-03  1.11094674305359210E-05
  616.000000  4.19776496055330483E+02  2.48389210970567547E+02  8.46336321901267041E+01  8.50051129154588239E+01  9.91456307809362558E-01  7.49977911929446406E-01  4.42866401856198237E-03  2.66646377644833444E-03  1.06316435890595757E-05
  618.000000  4.12266337453851406E+02  2.45424350659402990E+02  8.25134720206039418E+01  8.26372765373780425E+01  9.60409330500006875E-01  7.23996785927687125E-01  4.26444901542609011E-03  2.55749423182411026E-03  1.01767914904495669E-05
  620.000000  4.04971098859953941E+02  2.42521920130124727E+02  8.04601859852471648E+01  8.03528200688301268E+01  9.30516496412581051E-01  6.99085602431675945E-01  4.10720752596237856E-03  2.45362569629051144E-03  9.74368540239500087E-06
  622.000000  3.97882635975362234E+02  2.39680019873332185E+02  7.84712021953311023E+01  7.81481726180085445E+01  9.01727745984317708E-01  6.75193019779652293E-01  3.95660397282884303E-03  2.35458778183265114E-03  9.33117175652651499E-06
  624.000000  3.90993182637739437E+02  2.36896825486347097E+02  7.65440662900429629E+01  7.60199434436601962E+01  8.73995516918062543E-01  6.52270515536169215E-01  3.81232091783204920E-03  2.26012615259024848E-03  8.93816448571933770E-06
  626.000000  3.84295330318340007E+02  2.34170584135495119E+02  7.46764352005042156E+01  7.39649115440884941E+01  8.47274602797987497E-01  6.30272212374657914E-01  3.67405796952034736E-03  2.17000146929289574E-03  8.56364069026126695E-06
  628.000000  3.77782008873730945E+02  2.31499611202748838E+02  7.28660712901665022E+01  7.19800159184762975E+01  8.21522020674599229E-01  6.09154715854932305E-01  3.54153076351494721E-03  2.08398840971095586E-03  8.20663660780342159E-06
  630.000000  3.71446468467632769E+02  2.28882287107140883E+02  7.11108368461742941E+01  7.00623464531052349E+01  7.96696886987738884E-01  5.88876963211361626E-01  3.41447001020175412E-03  2.00187475919680986E-03  7.86624386381533501E-06
  632.000000  3.65282262584562716E+02  2.26317054291345585E+02  6.94086888982255346E+01  6.82091353886271747E+01  7.72760301249646009E-01  5.69400082337860658E-01  3.29262060498823140E-03  1.92346056588625397E-03  7.54160598149001568E-06
  634.000000  3.59283232062831928E+02  2.23802414364659398E+02  6.77576743431337718E+01  6.64177493278050974E+01  7.49675236946439005E-01  5.50687260220020569E-01  3.17574079654659022E-03  1.84855735557795512E-03  7.23191513155244177E-06
  636.000000  3.53443490079651497E+02  2.21336925393999763E+02  6.61559253549263389E+01  6.46856817462173268E+01  7.27406439164078433E-01  5.32703620124200250E-01  3.06360140892973946E-03  1.77698740172174360E-03  6.93640910399130370E-06
  638.000000  3.47757408025578513E+02  2.18919199334614632E+02  6.46016550618627434E+01  6.30105459711826228E+01  7.05920328482632642E-01  5.15416106907317761E-01  2.95598511376708468E-03  1.70858304632064834E-03  6.65436848553430849E-06
  640.000000  3.42219602210087203E+02  2.16547899593026386E+02  6.30931534728006653E+01  6.13900685967616369E+01  6.85184910706816974E-01  4.98793379860859420E-01  2.85268574892956353E-03  1.64318606789369656E-03  6.38511402732084446E-06
  642.000000  3.36824921344565269E+02  2.14221738714991261E+02  6.16287836371421278E+01  5.98220833050566227E+01  6.65169692049351724E-01  4.82805712548225185E-01  2.75350768050867988E-03  1.58064709296037347E-03  6.12800418923870688E-06
  644.000000  3.31568434751953646E+02  2.11939476191558015E+02  6.02069780229503095E+01  5.83045250662316406E+01  6.45845599391749459E-01  4.67424899136324234E-01  2.65826520498225896E-03  1.52082504779228441E-03  5.88243284774613950E-06
  646.000000  3.26445421256850523E+02  2.09699916376841884E+02  5.88262350998033270E+01  5.68354246916844588E+01  6.27184905296598982E-01  4.52624166760737356E-01  2.56678198889869315E-03  1.46358664744008094E-03  5.64782715562357961E-06
  648.000000  3.21451358712101523E+02  2.07501906511279003E+02  5.74851161130861854E+01  5.54129037166779170E+01  6.09161157451151847E-01  4.38378093499046440E-01  2.47889054343390387E-03  1.40880591928194891E-03  5.42364554260830717E-06
  650.000000  3.16581914121578109E+02  2.05344334844539162E+02  5.61822420378954988E+01  5.40351695904656424E+01  5.91749112252614951E-01  4.24662531559376610E-01  2.39443173146068567E-03  1.35636375855939149E-03  5.20937584685256269E-06
  652.000000  3.11832934321659138E+02  2.03226128852959846E+02  5.49162907012671369E+01  5.27005111534917390E+01  5.74924672267710712E-01  4.11454535320651293E-01  2.31325430492031062E-03  1.30614751356506928E-03  5.00453356795071360E-06
  654.000000  3.07200437185932572E+02  2.01146253545859281E+02  5.36859940623591285E+01  5.14072943827800941E+01  5.58664827316014634E-01  3.98732293888974798E-01  2.23521447047453099E-03  1.25805059833289899E-03  4.80866023301414912E-06
  656.000000  3.02680603320738328E+02  1.99103709856199657E+02  5.24901356408870257E+01  5.01539583879139528E+01  5.42947598944346521E-01  3.86475067859140486E-01  2.16017548153104449E-03  1.21197213084650937E-03  4.62132186775702631E-06
  658.000000  2.98269768220921947E+02  1.97097533110965742E+02  5.13275480846305925E+01  4.89390116413021161E+01  5.27751988072285294E-01  3.74663129993782762E-01  2.08800725487092277E-03  1.16781659493754488E-03  4.44210756534788365E-06
  660.000000  2.93964414857447707E+02  1.95126791576756204E+02  5.01971108678039570E+01  4.77610284275552175E+01  5.13057925615916899E-01  3.63277709553828654E-01  2.01858601029063353E-03  1.12549352418604156E-03  4.27062814625526064E-06
  662.000000  2.89761166670281341E+02  1.93190585076680463E+02  4.90977481121320523E+01  4.66186454978882594E+01  4.98846225894099882E-01  3.52300940033622834E-01  1.95179393171634129E-03  1.08491720626510365E-03  4.10651490278568451E-06
  664.000000  2.85656780942099203E+02  1.91288043674672963E+02  4.80284265236018513E+01  4.55105589164294528E+01  4.85098542649803788E-01  3.41715810072067971E-01  1.88751884840576635E-03  1.04600640629057555E-03  3.94941842256942039E-06
  666.000000  2.81648142529299548E+02  1.89418326423458893E+02  4.69881534377008023E+01  4.44355210862422609E+01  4.71797327519513143E-01  3.31506117327833583E-01  1.82565393492040108E-03  1.00868410784605298E-03  3.79900748552809064E-06
  668.000000  2.77732257929128650E+02  1.87580620172891940E+02  4.59759749669342810E+01  4.33923379437114676E+01  4.58925790801770817E-01  3.21656425122040956E-01  1.76609742866499012E-03  9.72877270453925019E-04  3.65496802945728822E-06
  670.000000  2.73906249662834625E+02  1.85774138435493114E+02  4.49909742446082177E+01  4.23798663107143838E+01  4.46467864384589352E-01  3.12152021665921486E-01  1.70875236387435080E-03  9.38516602355248713E-04  3.51700217953919399E-06
  672.000000  2.70167350955713744E+02  1.83998120305886914E+02  4.40322697591822205E+01  4.13970113947461229E+01  4.34408166698530829E-01  3.02978881704147607E-01  1.65352632099490383E-03  9.05536347546497412E-04  3.38482733750458868E-06
  674.000000  2.66512900696709380E+02  1.82251829431406577E+02  4.30990137740451829E+01  4.04427244278155200E+01  4.22731969573698185E-01  2.94123630416453008E-01  1.60033119047596375E-03  8.73874086098914309E-04  3.25817532654153448E-06
  676.000000  2.62940338661130909E+02  1.80534553031283622E+02  4.21903908276880344E+01  3.95160004355546235E+01  4.11425166884840154E-01  2.85573509431315709E-01  1.54908295007358016E-03  8.43470546858141805E-04  3.13679158813616876E-06
  678.000000  2.59447200981145784E+02  1.78845600961695027E+02  4.13056163098578395E+01  3.86158761285744987E+01  4.00474244881569241E-01  2.77316344815883853E-01  1.49970145483323638E-03  8.14269431688479945E-04  3.02043442760961466E-06
  680.000000  2.56031115849421269E+02  1.77184304824255150E+02  4.04439351091657997E+01  3.77414279086233719E+01  3.89866254097483156E-01  2.69340516915721528E-01  1.45211023893333877E-03  7.86217250486492629E-04  2.90887430495327224E-06
  682.000000  2.52689799442812614E+02  1.75550017115835089E+02  3.96046203283209408E+01  3.68917699825902616E+01  3.79588782751483333E-01  2.61634931926716940E-01  1.40623632868293108E-03  7.59263166245143883E-04  2.80189316820217491E-06
  684.000000  2.49421052053110373E+02  1.73942110417368212E+02  3.87869720630221124E+01  3.60660525778847543E+01  3.69629931546143708E-01  2.54188995089791647E-01  1.36201006596653094E-03  7.33358849501773214E-04  2.69928382644546238E-06
  686.000000  2.46222754413344035E+02  1.72359976619750796E+02  3.79903162411430486E+01  3.52634602531191916E+01  3.59978289792106221E-01  2.46992585406415360E-01  1.31936494152325471E-03  7.08458341550654213E-04  2.60084936005753223E-06
  688.000000  2.43092864208385038E+02  1.70803026184939426E+02  3.72140035186931257E+01  3.44832102984373634E+01  3.50622912769370854E-01  2.40036031779950337E-01  1.27823743742874860E-03  6.84517925845126306E-04  2.50640256561705052E-06
  690.000000  2.40029412759497831E+02  1.69270687440324991E+02  3.64574082295655870E+01  3.37245512201982436E+01  3.41553300263891135E-01  2.33310090494380784E-01  1.23856687825112870E-03  6.61496007055372478E-04  2.41576543341854576E-06
  692.000000  2.37030501873128230E+02  1.67762405904752768E+02  3.57199273861079192E+01  3.29867613050557011E+01  3.32759376207724611E-01  2.26805923947835580E-01  1.20029529034739141E-03  6.39352997285122038E-04  2.32876865547854096E-06
  694.000000  2.34094300844851517E+02  1.66277643644673844E+02  3.50009797277092503E+01  3.22691472588143640E+01  3.24231469361070890E-01  2.20515080564009730E-01  1.16336726882100778E-03  6.18051208985890979E-04  2.24525116210211151E-06
  696.000000  2.31219043609696200E+02  1.64815878658705742E+02  3.43000048148277372E+01  3.15710429157121268E+01  3.15960294975511646E-01  2.14429475809557429E-01  1.12772985166716610E-03  5.97554754138934384E-04  2.16505968519914042E-06
  698.000000  2.28403026030980328E+02  1.63376604289285297E+02  3.36164621660760972E+01  3.08918080140842690E+01  3.07936937385796028E-01  2.08541374250516054E-01  1.09333240069996282E-03  5.77829449305612545E-04  2.08804834671461120E-06
  700.000000  2.25644603320163526E+02  1.61959328660164601E+02  3.29498304360485719E+01  3.02308270345935171E+01  3.00152833478492032E-01  2.02843372585052528E-01  1.06012648887415665E-03  5.58842726173953150E-04  2.01407827065598389E-06
  702.000000  2.22942187580251385E+02  1.60563574138259810E+02  3.22996066315876078E+01  2.95875080974697653E+01  2.92599756982116432E-01  1.97328383594024964E-01  1.02806579356375149E-03  5.40563547254460262E-04  1.94301721708639816E-06
  704.000000  2.20294245466512308E+02  1.59188876818768108E+02  3.16653053647649436E+01  2.89612819154189260E+01  2.85269803544369260E-01  1.91989620954756635E-01  9.97105995547048962E-04  5.22962326402963439E-04  1.87473923698744459E-06
  706.000000  2.17699295957897021E+02  1.57834786032372449E+02  3.10464581403859263E+01  2.83516007990660199E+01  2.78155376544284683E-01  1.86820584866804029E-01  9.67204683288658230E-04  5.06010853868837061E-04  1.80912434649137374E-06
  708.000000  2.15155908233356485E+02  1.56500863873467097E+02  3.04426126763035825E+01  2.77579377119965827E+01  2.71249173601238847E-01  1.81815048441939520E-01  9.38321262244291485E-04  4.89682225588194682E-04  1.74605821942946651E-06
  710.000000  2.12662699647580837E+02  1.55186684748439347E+02  2.98533322548758555E+01  2.71797853726298904E+01  2.64544173744945932E-01  1.76967044813539864E-01  9.10416868902741471E-04  4.73950776460007131E-04  1.68543189702130094E-06
  712.000000  2.10218333800921727E+02  1.53891834942908304E+02  2.92781951040785806E+01  2.66166554003517177E+01  2.58033625211384177E-01  1.72270854923605193E-01  8.83454289303520256E-04  4.58792017361148998E-04  1.62714151377708283E-06
  714.000000  2.07821518698119490E+02  1.52615912207009274E+02  2.87167938063383517E+01  2.60680775034548731E+01  2.51711033823548647E-01  1.67720995948005491E-01  8.57397881729796141E-04  4.44182575671516909E-04  1.57108803844075687E-06
  716.000000  2.05471004992056322E+02  1.51358525358085672E+02  2.81687347342720784E+01  2.55335987066186405E+01  2.45570151937032410E-01  1.63312210323364904E-01  8.32213503413187380E-04  4.30100139096908625E-04  1.51717702931113601E-06
  718.000000  2.03165584307435807E+02  1.50119293899724426E+02  2.76336375115290025E+01  2.50127826157674420E+01  2.39604967911975691E-01  1.59039455341014352E-01  8.07868440968303862E-04  4.16523402589957814E-04  1.46531840293575946E-06
  720.000000  2.00904087640374541E+02  1.48897847656363183E+02  2.71111344975615580E+01  2.45052087182996807E+01  2.33809696085561486E-01  1.54897893275797727E-01  7.84331344365099678E-04  4.03432018183315540E-04  1.41542621539966566E-06
  722.000000  1.98685383830376480E+02  1.47693826422873258E+02  2.66008702953467626E+01  2.40104717167856236E+01  2.28178767221119710E-01  1.50882882019444164E-01  7.61572164262368429E-04  3.90806547561186116E-04  1.36741845554775731E-06
  724.000000  1.96508378100641409E+02  1.46506879628402999E+02  2.61025012805784549E+01  2.35281808943378508E+01  2.22706819405586648E-01  1.46989966190013560E-01  7.39562092478053133E-04  3.78628417206039783E-04  1.32121684933723534E-06
  726.000000  1.94372010663425073E+02  1.45336666013641889E+02  2.56156951516004021E+01  2.30579595099893382E+01  2.17388689374473781E-01  1.43214868690871772E-01  7.18273505468005301E-04  3.66879875968812753E-04  1.27674667476485561E-06
  728.000000  1.92275255387100088E+02  1.44182853321101106E+02  2.51401304987824297E+01  2.25994442224802761E+01  2.12219404240074599E-01  1.39553482694045827E-01  6.97679910605483364E-04  3.55543954919496715E-04  1.23393658667300759E-06
  730.000000  1.90217118521974839E+02  1.43045117997673970E+02  2.46754963926518762E+01  2.21522845409758276E+01  2.07194173605603493E-01  1.36001864024553998E-01  6.77755895154697917E-04  3.44604429345194850E-04  1.19271845095508411E-06
  732.000000  1.88196637481721211E+02  1.41923144908965469E+02  2.42214919896075607E+01  2.17161423012968022E+01  2.02308382040167878E-01  1.32556223923503219E-01  6.58477077738116377E-04  3.34045782770050483E-04  1.15302718750884388E-06
  734.000000  1.86212879677918096E+02  1.40816627064872819E+02  2.37778261545870144E+01  2.12906911663517384E+01  1.97557581901495916E-01  1.29212922169310185E-01  6.39820062222168644E-04  3.23853172880522700E-04  1.11480062155032020E-06
  736.000000  1.84264941404843967E+02  1.39725265355795273E+02  2.33442170997408525E+01  2.08756161495127621E+01  1.92937486485189713E-01  1.25968460537440263E-01  6.21762393837673073E-04  3.14012399245689041E-04  1.07797934271373698E-06
  738.000000  1.82351946772316268E+02  1.38648768299181711E+02  2.29203920384100144E+01  2.04706131597610970E+01  1.88443963486345401E-01  1.22819476580347822E-01  6.04282517458990844E-04  3.04509872729997761E-04  1.04250657157526368E-06
  740.000000  1.80473046684121044E+02  1.37586851795830967E+02  2.25060868536781697E+01  2.00753885674927410E+01  1.84073028756385454E-01  1.19762737710344597E-01  5.87359737897692573E-04  2.95332586501707265E-04  1.00832803313076822E-06
  742.000000  1.78627417859654599E+02  1.36539238895421931E+02  2.21010457807251619E+01  1.96896587899360078E+01  1.79820840339858817E-01  1.16795135569141895E-01  5.70974182115361445E-04  2.86468088546507863E-04  9.75391836833324821E-07
  744.000000  1.76814261897143354E+02  1.35505659571133833E+02  2.17050211025063220E+01  1.93131498951869318E+01  1.75683692780273376E-01  1.13913680668757511E-01  5.55106763262751051E-04  2.77904455601278859E-04  9.43648362889382738E-07
  746.000000  1.75032804375996022E+02  1.34485850502673202E+02  2.13177728579556565E+01  1.89455972239347332E+01  1.71658011678038291E-01  1.11115497289396098E-01  5.39739146429611292E-04  2.69630268428096189E-04  9.13050154362323547E-07
  748.000000  1.73282293996768828E+02  1.33479554867558022E+02  2.09390685622541532E+01  1.85867450279893553E+01  1.67740348490345498E-01  1.08397818620714723E-01  5.24853716035653985E-04  2.61634588353588026E-04  8.83551814854181809E-07
  750.000000  1.71562001756649863E+02  1.32486522140099055E+02  2.05686829384882373E+01  1.82363461247791179E+01  1.63927375560083688E-01  1.05757982133694764E-01  5.10433544764411665E-04  2.53906935003139235E-04  8.55109911395699521E-07
  752.000000  1.69871220159144428E+02  1.31506507897890742E+02  2.02063976603735007E+01  1.78941615670324623E+01  1.60215881364612067E-01  1.03193425171078504E-01  4.96462363970065273E-04  2.46437265163817402E-04  8.27682882304926762E-07
  754.000000  1.68209262456106472E+02  1.30539273635530094E+02  1.98520011052534997E+01  1.75599603268894349E+01  1.56602765969350327E-01  1.00701680744942831E-01  4.82924535469601683E-04  2.39215952713626149E-04  8.01230949683344131E-07
  756.000000  1.66575461920760944E+02  1.29584586585070383E+02  1.95052881172159900E+01  1.72335189937512219E+01  1.53085036682270165E-01  9.82803735307849341E-02  4.69805024662244800E-04  2.32233769558804604E-04  7.75716036369116187E-07
  758.000000  1.64969171150096656E+02  1.28642219543027636E+02  1.91660597795932972E+01  1.69146214851891372E+01  1.49659803894558935E-01  9.59272160479244101E-02  4.57089374901922265E-04  2.25481867523941523E-04  7.51101687039658586E-07
  760.000000  1.63389761395566808E+02  1.27711950703732782E+02  1.88341231966319675E+01  1.66030587702869532E+01  1.46324277101189448E-01  9.36400050167051079E-02  4.44763683053428906E-04  2.18951761143130807E-04  7.27352993275458783E-07
  762.000000  1.61836621920482543E+02  1.26793563498594381E+02  1.85092912837688317E+01  1.62986286048199354E+01  1.43075761091869036E-01  9.14166178835001952E-02  4.32814576187986490E-04  2.12635311303548477E-04  7.04436522369970025E-07
  764.000000  1.60309159383204076E+02  1.25886846441203375E+02  1.81913825662694251E+01  1.60011352777013620E+01  1.39911652305616113E-01  8.92550095049848558E-02  4.21229189345559592E-04  2.06524709695384169E-04  6.82320249665472270E-07
  766.000000  1.58806797244697350E+02  1.24991592977920504E+02  1.78802209857116026E+01  1.57103893681611986E+01  1.36829435338576388E-01  8.71532089836366958E-02  4.09995144316860675E-04  2.00612464024980031E-04  6.60973494243437472E-07
  768.000000  1.57328975199527434E+02  1.24107601343726856E+02  1.75756357141190627E+01  1.54262075131528196E+01  1.33826679601540655E-01  8.51093166469052698E-02  3.99100529399800145E-04  1.94891383950521321E-04  6.40366857792837123E-07
  770.000000  1.55875148629131701E+02  1.23234674423173260E+02  1.72774609752563606E+01  1.51484121845023640E+01  1.30901036116931435E-01  8.31215011628307215E-02  3.88533880067851753E-04  1.89354567701774048E-04  6.20472166466814434E-07
  772.000000  1.54444788076491420E+02  1.22372619616181964E+02  1.69855358729171790E+01  1.48768314753444244E+01  1.28050234450238581E-01  8.11879967853356838E-02  3.78284160518691382E-04  1.83995389347785596E-04  6.01262415589438685E-07
  774.000000  1.53037378741187155E+02  1.21521248708560279E+02  1.66997042257750685E+01  1.46112988954145759E+01  1.25272079769972844E-01  7.93071007227892227E-02  3.68340746055948940E-04  1.78807486678471406E-04  5.82711717067714133E-07
  776.000000  1.51652419993872229E+02  1.20680377746866839E+02  1.64198144086146556E+01  1.43516531747863976E+01  1.22564450029393743E-01  7.74771706237554203E-02  3.58693406256321758E-04  1.73784749667845232E-04  5.64795249337059820E-07
  778.000000  1.50289424909571181E+02  1.19849826917728933E+02  1.61457191996513281E+01  1.40977380756631039E+01  1.19925293266045244E-01  7.56966221741897649E-02  3.49332288896838413E-04  1.68921309488637806E-04  5.47489209746179252E-07
  780.000000  1.48947919818570938E+02  1.19029420431163203E+02  1.58772756335400338E+01  1.38494022118538158E+01  1.17352625009866679E-01  7.39639268006263562E-02  3.40247904590966325E-04  1.64211528049597392E-04  5.30770769218016769E-07
  782.000000  1.47627443874601568E+02  1.18218986407942111E+02  1.56143448600793118E+01  1.36064988755869436E+01  1.14844525800801164E-01  7.22776094742509784E-02  3.31431112112082454E-04  1.59649988028543437E-04  5.14618029107866134E-07
  784.000000  1.46327548639166395E+02  1.17418356770676610E+02  1.53567920081526861E+01  1.33688858713233287E+01  1.12399138805097096E-01  7.06362466109370646E-02  3.22873104358978053E-04  1.55231483375552101E-04  4.99009980100761028E-07
  786.000000  1.45047797681643374E+02  1.16627367138659679E+02  1.51044860548035196E+01  1.31364253562553372E+01  1.10014667530508842E-01  6.90384640626644924E-02  3.14565394945141581E-04  1.50951010262285459E-04  4.83926463082396718E-07
  788.000000  1.43787766194194404E+02  1.15845856726102738E+02  1.48572996991606114E+01  1.29089836871904780E+01  1.07689373632705268E-01  6.74829351959271712E-02  3.06499805372932848E-04  1.46803758454647568E-04  4.69348131866438049E-07
  790.000000  1.42547040621134101E+02  1.15073668243841553E+02  1.46151092410824379E+01  1.26864312735342946E+01  1.05421574810540125E-01  6.59683790529902031E-02  2.98668452766374666E-04  1.42785103087262884E-04  4.55256417675789131E-07
  792.000000  1.41325218301962252E+02  1.14310647804255382E+02  1.43777944642602442E+01  1.24686424361001187E+01  1.03209642786030384E-01  6.44935585920664717E-02  2.91063738139673341E-04  1.38890596819479572E-04  4.41633495302246439E-07
  794.000000  1.40121907127507910E+02  1.13556644829263973E+02  1.41452385236283824E+01  1.22554952714882983E+01  1.01052001364802829E-01  6.30572790026850960E-02  2.83678335174334729E-04  1.35115962353678703E-04  4.28462250859379375E-07
  796.000000  1.38936725208722095E+02  1.12811511961381939E+02  1.39173278368935680E+01  1.20468715217890665E+01  9.89471245737766902E-02  6.16583860927166355E-02  2.76505179475381520E-04  1.31457085297679617E-04  4.15726251029287577E-07
  798.000000  1.37769300557521206E+02  1.12075104977633771E+02  1.36939519800201701E+01  1.18426564493755748E+01  9.68935348726105150E-02  6.02957647437066674E-02  2.69537458297709764E-04  1.27910007354150397E-04  4.03409713760190790E-07
  800.000000  1.36619270779175650E+02  1.11347282706245608E+02  1.34750035864810567E+01  1.16427387165640894E+01  9.48898014355918779E-02  5.89683374313255612E-02  2.62768600702216731E-04  1.24470919820638309E-04  3.91497480304202138E-07
  802.000000  1.35486282775878948E+02  1.10627906945990787E+02  1.32603782502456582E+01  1.14470102699318765E+01  9.29345385022007919E-02  5.76750628079371400E-02  2.56192268143940025E-04  1.21136157384995133E-04  3.79974988575549963E-07
  804.000000  1.34369992460795061E+02  1.09916842388131840E+02  1.30499744320744782E+01  1.12553662290884660E+01  9.10264037899962825E-02  5.64149343443857976E-02  2.49802345446082524E-04  1.17902192201456936E-04  3.68828247702886781E-07
  806.000000  1.33270064482532717E+02  1.09213956540862398E+02  1.28436933693548969E+01  1.10677047797110095E+01  8.91640969718552057E-02  5.51869790283134112E-02  2.43592932168969586E-04  1.14765628233762392E-04  3.58043813783168631E-07
  808.000000  1.32186171959186765E+02  1.08519119656018461E+02  1.26414389890427952E+01  1.08839270706597411E+01  8.73463582104081204E-02  5.39902561163945610E-02  2.37558334332795950E-04  1.11723195852120289E-04  3.47608766719283277E-07
  810.000000  1.31117996221971453E+02  1.07832204658246440E+02  1.24431178237215612E+01  1.07039371150006861E+01  8.55719667508498816E-02  5.28238559380566283E-02  2.31693056497807564E-04  1.08771746671782759E-04  3.37510688138177190E-07
  812.000000  1.30065226567768065E+02  1.07153087076279519E+02  1.22486389306255017E+01  1.05276416947681497E+01  8.38397395661031053E-02  5.16868987483210182E-02  2.25991794165296037E-04  1.05908248621368288E-04  3.27737640286640407E-07
  814.000000  1.29027560020269931E+02  1.06481644976309553E+02  1.20579138134814627E+01  1.03549502693104181E+01  8.21485300550485464E-02  5.05785336275748898E-02  2.20449426502946001E-04  1.03129781229969911E-04  3.18278145902845916E-07
  816.000000  1.28004701099692141E+02  1.05817758897571878E+02  1.18708563471729196E+01  1.01857748870683107E+01  8.04972267912235917E-02  4.94979374261548186E-02  2.15061009372451471E-04  1.00433531122456988E-04  3.09121168990305453E-07
  818.000000  1.26996361600131820E+02  1.05161311789705792E+02  1.16873827049038308E+01  1.00200301006411472E+01  7.88847523168993703E-02  4.84443137517209105E-02  2.09821768638833363E-04  9.78167877129712803E-05  3.00256096449913239E-07
  820.000000  1.26002260374912623E+02  1.04512188952192844E+02  1.15074112880255051E+01  9.85763288500547041E+00  7.73100619856681992E-02  4.74168919975446815E-02  2.04727093767279348E-04  9.52769390872552923E-05  2.91672720551046003E-07
  822.000000  1.25022123129053270E+02  1.03870277975523607E+02  1.13308626581592815E+01  9.69850255875333289E+00  7.57721428462420077E-02  4.64149264098576222E-02  1.99772531668651539E-04  9.28114680646864457E-05  2.83361222164218569E-07
  824.000000  1.24055682218997504E+02  1.03235468684205216E+02  1.11576594717606685E+01  9.54256070822791358E+00  7.42700125697522001E-02  4.54376951925675662E-02  1.94953780809399953E-04  9.04179484316731486E-05  2.75312154758618934E-07
  826.000000  1.23102676459065918E+02  1.02607653081446983E+02  1.09877264168755922E+01  9.38973111443564079E+00  7.28027184167155811E-02  4.44844996476780538E-02  1.90266685556712497E-04  8.80940413382214342E-05  2.67516429102901605E-07
  828.000000  1.22162850934467770E+02  1.01986725295523627E+02  1.08209901520411815E+01  9.23993968262237431E+00  7.13693362428234751E-02  4.35546633498538546E-02  1.85707230751468811E-04  8.58374918500296699E-05  2.59965298639014686E-07
  830.000000  1.21235956820605821E+02  1.01372581527678960E+02  1.06573792473148803E+01  9.09311437440463699E+00  6.99689695412143015E-02  4.26475313536398767E-02  1.81271536505258154E-04  8.36461256488694202E-05  2.52650345505485397E-07
  832.000000  1.20321751208452810E+02  1.00765120001636092E+02  1.04968241272488694E+01  8.94918514235274465E+00  6.86007485206413248E-02  4.17624694319169501E-02  1.76955853204721652E-04  8.15178458743018216E-05  2.45563467171604230E-07
  834.000000  1.19419996935754583E+02  1.00164240914561049E+02  1.03392570158226089E+01  8.80808386692510048E+00  6.72638292178950742E-02  4.08988633442356128E-02  1.72756556718610919E-04  7.94506301001797081E-05  2.38696863662975112E-07
  836.000000  1.18530462423779809E+02  9.95698463894387942E+01  1.01846118831883121E+01  8.66974429566289295E+00  6.59573926418058343E-02  4.00561181337507691E-02  1.68670143794496136E-04  7.74425274397074642E-05  2.32043025332244088E-07
  838.000000  1.17652921519511466E+02  9.89818404288590727E+01  1.00328243942213042E+01  8.53410198455167368E+00  6.46806439497520091E-02  3.92336574515242190E-02  1.64693227640114106E-04  7.54916557731289951E-05  2.25594721171953005E-07
  840.000000  1.16787153343093081E+02  9.84001288701886097E+01  9.88383185880299386E+00  8.40109424146279871E+00  6.34328116539099041E-02  3.84309229070167943E-02  1.60822533684796794E-04  7.35961990924219968E-05  2.19344987633479863E-07
  842.000000  1.15932942140049860E+02  9.78246193418843859E+01  9.73757318368138236E+00  8.27066007159710104E+00  6.22131468557378248E-02  3.76473734436746782E-02  1.57054895501519540E-04  7.17544049576372521E-05  2.13287117924172367E-07
  844.000000  1.15090077138596058E+02  9.72552212212406744E+01  9.59398882601513314E+00  8.14274012484525933E+00  6.10209225088566912E-02  3.68824847385210083E-02  1.53387250895730678E-04  6.99645820597955269E-05  2.07414651765132603E-07
  846.000000  1.14258352411366062E+02  9.66918455932296865E+01  9.45302074835038653E+00  8.01727664499537696E+00  5.98554327084633853E-02  3.61357486247653806E-02  1.49816638146552762E-04  6.82250978855351858E-05  2.01721365595357394E-07
  848.000000  1.13437566741685458E+02  9.61344052105040987E+01  9.31461237515749652E+00  7.89421342071152221E+00  5.87159920057713988E-02  3.54066725364387616E-02  1.46340192395287024E-04  6.65343764788688423E-05  1.96201263189653032E-07
  850.000000  1.12627523494153237E+02  9.55828144546025555E+01  9.17870855072583325E+00  7.77349573821571038E+00  5.76019347479442903E-02  3.46947789741477164E-02  1.42955142175705266E-04  6.48908962956983292E-05  1.90848566675008475E-07
  852.000000  1.11828030489324874E+02  9.50369892981779572E+01  9.04525549845607379E+00  7.65507033560752070E+00  5.65126144403365338E-02  3.39996049910562606E-02  1.39658806079193706E-04  6.32931881469241526E-05  1.85657707935411759E-07
  854.000000  1.11038899882394503E+02  9.44968472682953120E+01  8.91420078146400208E+00  7.53888535875795096E+00  5.54474031328685835E-02  3.33207016982665291E-02  1.36448589550412373E-04  6.17398332261861403E-05  1.80623320375477938E-07
  856.000000  1.10259948045750065E+02  9.39623074107827279E+01  8.78549326445286027E+00  7.42489031871565075E+00  5.44056908267938691E-02  3.26576337887768131E-02  1.33321981805613256E-04  6.02294612184508168E-05  1.75740231034582636E-07
  858.000000  1.09490995455142297E+02  9.34332902555000260E+01  8.65908307678578204E+00  7.31303605056962258E+00  5.33868849028044379E-02  3.20099790792673783E-02  1.30276552869223029E-04  5.87607484858695836E-05  1.71003453027003266E-07
  860.000000  1.08731866579610525E+02  9.29097177826650409E+01  8.53492157681975883E+00  7.20327467371098606E+00  5.23904095705239117E-02  3.13773280689773754E-02  1.27309950729955331E-04  5.73324163275113307E-05  1.66408178314121137E-07
  862.000000  1.07982389774594708E+02  9.23915133899676562E+01  8.41296131725665752E+00  7.09555955344276779E+00  5.14157053349761847E-02  3.07592835149674386E-02  1.24419898597710743E-04  5.59432293096594731E-05  1.61949770760106221E-07
  864.000000  1.07242397178628437E+02  9.18786018607198685E+01  8.29315601170806715E+00  6.98984526388400695E+00  5.04622284837009175E-02  3.01554600231052523E-02  1.21604192271810408E-04  5.45919936636263289E-05  1.57623759493438019E-07
  866.000000  1.06511724613061773E+02  9.13709093327756818E+01  8.17546050224088638E+00  6.88608755212117885E+00  4.95294505907011365E-02  2.95654836541330776E-02  1.18860697606450129E-04  5.32775557480978556E-05  1.53425832531527772E-07
  868.000000  1.05790211484934858E+02  9.08683632683031988E+01  8.05983072798798794E+00  6.78424330356090088E+00  4.86168580380852630E-02  2.89889915442141759E-02  1.16187348074363309E-04  5.19988005732273864E-05  1.49351830683516325E-07
  870.000000  1.05077700692838761E+02  9.03708924244127161E+01  7.94622369470626477E+00  6.68427050843632475E+00  4.77239515535526765E-02  2.84256315393583911E-02  1.13582142418209154E-04  5.07546503837384651E-05  1.45397741687958813E-07
  872.000000  1.04374038535660233E+02  8.98784268245166800E+01  7.83459744534251712E+00  6.58612822942757248E+00  4.68502457648720463E-02  2.78750618431934660E-02  1.11043142398712370E-04  4.95440632985747341E-05  1.41559694611102488E-07
  874.000000  1.03679074624052618E+02  8.93908977304773771E+01  7.72491103144155566E+00  6.48977657035112721E+00  4.59952687684648948E-02  2.73369506775186580E-02  1.08568470617579244E-04  4.83660320045350127E-05  1.37833954457487875E-07
  876.000000  1.02992661794683357E+02  8.89082376155074030E+01  7.61712448551619214E+00  6.39517664588287271E+00  4.51585617138971288E-02  2.68109759551624707E-02  1.06156308430885397E-04  4.72195825016985042E-05  1.34216917013816093E-07
  878.000000  1.02314656026960463E+02  8.84303801377292302E+01  7.51119879421930570E+00  6.30229055227371582E+00  4.43396784016299936E-02  2.62968249646318916E-02  1.03804893934706990E-04  4.61037728983272371E-05  1.30705103897709427E-07
  880.000000  1.01644916362441364E+02  8.79572601145115414E+01  7.40709587237549272E+00  6.21108133902263138E+00  4.35381848949691827E-02  2.57941940660986850E-02  1.01512583234159549E-04  4.50176922531789805E-05  1.27295157809943985E-07
  882.000000  1.00983304826201291E+02  8.74888134973853653E+01  7.30477853776454733E+00  6.12151298147156187E+00  4.27536591448337069E-02  2.53027883982704788E-02  9.92775934097903188E-05  4.39604594631963367E-05  1.23983837976549365E-07
  884.000000  1.00329686351343327E+02  8.70249773476895712E+01  7.20421048676219300E+00  6.03355035429074160E+00  4.19856906277792027E-02  2.48223215957293873E-02  9.70983870818721139E-05  4.29312221946747411E-05  1.20768015781103994E-07
  886.000000  9.96839287049055400E+01  8.65656898127616614E+01  7.10535627060319452E+00  5.94715920581827895E+00  4.12338799949250392E-02  2.43525155163072798E-02  9.49734106336679788E-05  4.19291558560093300E-05  1.17644670563692551E-07
  888.000000  9.90459024164916570E+01  8.61108901028550235E+01  7.00818127246472411E+00  5.86230613322757854E+00  4.04978387345020716E-02  2.38930999781354729E-02  9.29011581944727636E-05  4.09534626103592663E-05  1.14610885600349305E-07
  890.000000  9.84154807087996346E+01  8.56605184685425911E+01  6.91265168521300843E+00  5.77895855848996121E+00  3.97771888438188809E-02  2.34438125059664125E-02  9.08801700322227145E-05  4.00033704264735691E-05  1.11663844235598670E-07
  892.000000  9.77925394301745001E+01  8.52145161787267398E+01  6.81873448977915331E+00  5.69708470510490272E+00  3.90715625132717140E-02  2.30043980864245018E-02  8.89090310055814560E-05  3.90781321661174677E-05  1.08800826170022634E-07
  894.000000  9.71769569892642409E+01  8.47728254992607617E+01  6.72639743426630510E+00  5.61665357557128608E+00  3.83806018210546968E-02  2.25746089318409893E-02  8.69863690766669575E-05  3.81770247065936407E-05  1.06019203901357789E-07
  896.000000  9.65686142914182000E+01  8.43353896720415719E+01  6.63560901359755029E+00  5.53763492957175263E+00  3.77039584366005778E-02  2.21542042523299523E-02  8.51108538724045215E-05  3.72993480968483734E-05  1.03316439302249401E-07
  898.000000  9.59673946769882491E+01  8.39021528946318540E+01  6.54633844982809343E+00  5.45999926284686143E+00  3.70412933354752061E-02  2.17429500358097064E-02  8.32811953008722806E-05  3.64444247458149616E-05  1.00690080333203474E-07
  900.000000  9.53731838614816922E+01  8.34730603004771865E+01  6.45855567303495803E+00  5.38371778673273926E+00  3.63922765225254824E-02  2.13406188356473868E-02  8.14961422173566592E-05  3.56115986416439485E-05  9.81377578894664991E-08
