# Wavelength || Total || n=1 | n=2 | ...
  300.000000  2.82585342698086743E+03  2.06320348641580313E+03  4.16106214338756445E+02  3.10723817398329061E+02  2.40877596961383382E+01  1.09867528674943777E+01  5.71492757821842501E-01  1.66710725155456430E-01  7.19278136892632491E-03
  302.000000  2.97571867493507716E+03  2.17925478050293532E+03  4.36788131160387138E+02  3.22695393608456698E+02  2.49649359662421055E+01  1.12548548237370003E+01  5.84771233580984373E-01  1.68542487324760348E-01  7.26515241383771191E-03
  304.000000  3.13271633938668538E+03  2.30095944761054943E+03  4.58513991064859852E+02  3.35049336603058009E+02  2.58880577620152863E+01  1.15287902171767840E+01  5.98949819812676032E-01  1.70418247065878964E-01  7.34806214704876014E-03
  306.000000  3.29726809108982934E+03  2.42863578974431402E+03  4.81359197409077353E+02  3.47808567895729311E+02  2.68614299342384619E+01  1.18091933912877085E+01  6.14122622866901113E-01  1.72347633803367206E-01  7.44245851235181364E-03
  308.000000  3.46983091449790800E+03  2.56262637707108161E+03  5.05407392545372659E+02  3.60998156501686537E+02  2.78899347594516485E+01  1.20967656306769111E+01  6.30397329877387835E-01  1.74341219113688689E-01  7.54944064766110024E-03
  310.000000  3.65090078277711291E+03  2.70330016876831451E+03  5.30751647957274599E+02  3.74645569308438041E+02  2.89791321404540092E+01  1.23922858634991861E+01  6.47897732631690815E-01  1.76410718791266075E-01  7.67028770915919190E-03
  312.000000  3.84101685742337759E+03  2.85105485442032068E+03  5.57495884357397586E+02  3.88780969935822782E+02  3.01353820778997914E+01  1.26966240441665246E+01  6.66766843218152383E-01  1.78569249800998558E-01  7.80649475042528677E-03
  314.000000  4.04076631767345225E+03  3.00631944471194538E+03  5.85756578495370377E+02  4.03437578736802493E+02  3.13659954533960210E+01  1.30107580278905797E+01  6.87170770281690824E-01  1.80831660002169325E-01  7.95981776348254032E-03
  316.000000  4.25078995398869938E+03  3.16955714558290765E+03  6.15664830448785551E+02  4.18652110908618340E+02  3.26794211210645216E+01  1.33357950581512199E+01  7.09303582644084774E-01  1.83214955775711258E-01  8.13233075273688683E-03
  318.000000  4.47178869934991872E+03  3.34126855707376808E+03  6.47368888196905118E+02  4.34465315801710915E+02  3.40854800082752050E+01  1.36729994383929689E+01  7.33393468664549131E-01  1.85738863390874948E-01  8.32649881022180099E-03
  320.000000  4.70453132644461584E+03  3.52199524757772724E+03  6.81037257740151745E+02  4.50922649323817325E+02  3.55956607118865520E+01  1.40238286256601388E+01  7.59710616558255225E-01  1.88426576048426581E-01  8.54527276582743578E-03
  322.000000  4.94986361484244844E+03  3.71232376728666213E+03  7.16862570479339524E+02  4.68075124245609743E+02  3.72234964538558302E+01  1.43899809892405486E+01  7.88577411120657712E-01  1.91305763236810311E-01  8.79221338239496303E-03
  324.000000  5.20871940041295238E+03  3.91289018319852312E+03  7.55066440260815284E+02  4.85980402494644238E+02  3.89850510231448126E+01  1.47734600260652940E+01  8.20381795286717952E-01  1.94409957747306433E-01  9.07165672527520187E-03
  326.000000  5.48213407597405512E+03  4.12438524527955451E+03  7.95905628295100655E+02  5.04704222926288253E+02  4.08995527425332384E+01  1.51766622652613190E+01  8.55595029449353395E-01  1.97780497796008564E-01  9.38893807237095417E-03
  328.000000  5.77126134391380674E+03  4.34756033459726768E+03  8.39679957031821004E+02  5.24322303937345509E+02  4.29902326229665235E+01  1.56025000384557302E+01  8.94795681036522295E-01  2.01469303921772952E-01  9.75070099220242889E-03
  330.000000  6.07739437188107604E+03  4.58323440875122378E+03  8.86742592491487358E+02  5.44922933698722431E+02  4.52854491773579468E+01  1.60545768453430249E+01  9.38702639842432074E-01  2.05542943413452112E-01  1.01653336857698718E-02
  332.000000  6.40199304556996140E+03  4.83230226439650960E+03  9.37513577528753444E+02  5.66610581572272508E+02  4.78202239086053211E+01  1.65374442696892494E+01  9.88221555184239486E-01  2.10088737399466791E-01  1.06436015484542689E-02
  334.000000  6.74671987751413235E+03  5.09574461165053890E+03  9.92497892451382882E+02  5.89511069233449689E+02  5.06383792180478736E+01  1.70569892949318245E+01  1.04451185945944269E+00  2.15224212634483797E-01  1.11995936873204877E-02
  336.000000  7.11348855112317597E+03  5.37464075756753209E+03  1.05230992010655586E+03  6.13779199831512415E+02  5.37955851612572857E+01  1.76210374747290075E+01  1.10908655915046639E+00  2.21112228071333294E-01  1.18521943674938859E-02
  338.000000  7.50453148588660952E+03  5.67018522836223383E+03  1.11770712587922571E+03  6.39610399329358529E+02  5.73638245239248192E+01  1.82403276239925809E+01  1.18396656522391908E+00  2.27986123510915378E-01  1.26274791393693447E-02
  340.000000  7.92249698852709207E+03  5.98371057332141118E+03  1.18963723897719774E+03  6.67259170059372082E+02  6.14381645516250998E+01  1.89301545851357531E+01  1.27193080281947490E+00  2.36193387520404280E-01  1.35628420108601221E-02
  342.000000  8.37059370409836629E+03  6.31671982193931126E+03  1.26930556219054165E+03  6.97069637604840977E+02  6.61474740620453900E+01  1.97132731196727597E+01  1.37694527486246687E+00  2.46275318096626977E-01  1.47145889955250346E-02
  344.000000  8.85281001241110062E+03  6.67093097446937463E+03  1.35827245514974015E+03  7.29528727614444051E+02  7.16723058021743071E+01  2.06253086404159021E+01  1.50494736726873546E+00  2.59120435996020859E-01  1.61729316869662874E-02
  346.000000  9.37423549746620665E+03  7.04831500642652918E+03  1.45859393445880801E+03  7.65364808173752522E+02  7.82766534970376284E+01  2.17253875312330571E+01  1.66533774871869555E+00  2.76276447570827699E-01  1.80931825577991326E-02
  348.000000  9.94146793105857068E+03  7.45102490057553223E+03  1.57301669640555133E+03  8.05746506148917092E+02  8.63676126894293361E+01  2.31174990279314194E+01  1.87332237151486902E+00  3.00655745498453364E-01  2.07380941964819578E-02
  350.000000  1.05630948129617209E+04  7.88102894623002703E+03  1.70525009741701729E+03  8.52718955407771318E+02  9.65988800238014136E+01  2.49859608696615290E+01  2.14975810890291630E+00  3.37962145394070157E-01  2.42527591478111579E-02
  352.000000  1.12504206606733551E+04  8.33935796671604476E+03  1.86041934037525311E+03  9.10219569234661094E+02  1.09887295269980598E+02  2.75950933178297824E+01  2.52052839568748066E+00  3.92249339051147228E-01  2.86180248469335187E-02
  354.000000  1.20195738618460873E+04  8.82544163965104417E+03  2.04588198015088847E+03  9.86381720972478661E+02  1.27119450235161651E+02  3.12459417585938901E+01  3.01378260437223355E+00  4.54844197837931785E-01  3.45022757093405713E-02
  356.000000  1.29029587306040721E+04  9.34291811487219275E+03  2.27331399510575829E+03  1.09456220518810551E+03  1.50757290930065295E+02  3.70825093131135759E+01  3.72825867425333035E+00  5.52819284207517136E-01  4.35372363771285090E-02
  358.000000  1.39055627343037340E+04  9.87870558819284088E+03  2.56122062441643629E+03  1.23160714945608947E+03  1.83053580683522341E+02  4.54698992262274615E+01  4.73492633595877344E+00  7.14423906508333317E-01  5.65420861509045025E-02
  360.000000  1.49515964035337474E+04  1.04201933509282462E+04  2.94321998521370915E+03  1.31722620395236004E+03  2.14962674953260603E+02  4.96431120243650881E+01  5.49428288661632802E+00  7.92292264454278250E-01  6.45013107367794908E-02
  362.000000  1.61362281441713912E+04  1.10201824146864237E+04  3.47371455189672315E+03  1.34318753303866697E+03  2.45100480210878089E+02  4.74597927201928087E+01  5.79858390440795546E+00  7.21259863426896075E-01  6.35278506728648856E-02
  364.000000  1.76955468979835532E+04  1.16953054128453805E+04  4.24063945781077837E+03  1.40963178628308810E+03  2.95999419497504334E+02  4.66572518626616173E+01  6.58202191688059468E+00  6.64004661923261241E-01  6.75431053341643411E-02
  366.000000  1.98312764395500635E+04  1.24254515057328572E+04  5.40752526092123844E+03  1.55425834288732131E+03  3.85007062456590404E+02  4.99574043679533801E+01  8.31648600854502185E+00  6.78308826090671446E-01  8.20683494721370227E-02
  368.000000  2.28457876322820921E+04  1.31803380535123179E+04  7.24886082358185649E+03  1.81184066440657693E+03  5.34063812237498496E+02  5.83959601306505149E+01  1.14049864732156667E+01  7.73231719635020354E-01  1.10100220342092020E-01
  370.000000  2.70400159039343671E+04  1.38975228917453260E+04  1.00311647390652324E+04  2.24836674774645599E+03  7.71134260035904731E+02  7.42695727762893227E+01  1.64271325081636341E+01  9.73982144521365445E-01  1.56577912475784897E-01
  372.000000  3.17869608802924704E+04  1.46021100574476932E+04  1.31343410003553563E+04  2.85774849947090661E+03  1.07038693256961687E+03  9.78867088113034924E+01  2.29835287636752525E+01  1.28604556117620383E+00  2.18107312742170739E-01
  374.000000  3.43685361497206686E+04  1.55230130152933452E+04  1.41401697631327224E+04  3.32315359807449704E+03  1.23570851604244149E+03  1.17716831160702426E+02  2.69580872519399861E+01  1.56007722068935406E+00  2.56261544338728109E-01
  376.000000  3.28926624760915365E+04  1.64711162860192562E+04  1.20045859168082206E+04  3.20461366709113690E+03  1.07495747129097776E+03  1.12164600551024463E+02  2.35280082851904879E+01  1.47362554873544527E+00  2.22900496990072056E-01
  378.000000  2.97681166009407898E+04  1.73103500217816509E+04  8.97702281186270557E+03  2.61709076922408940E+03  7.62115376311639920E+02  8.39578750225588948E+01  1.63721901903051190E+01  1.05445388034553500E+00  1.53102667497843431E-01
  380.000000  2.77779098722294220E+04  1.82386064450549820E+04  6.80276496489187321E+03  2.14599986145112052E+03  5.18287846562888603E+02  6.06983396227918988E+01  1.07447019277446305E+01  7.09256977034770975E-01  9.84557409838756753E-02
  382.000000  2.71515045553174568E+04  1.92917662635672059E+04  5.53134651525210120E+03  1.90416173597565876E+03  3.68454024871328556E+02  4.79101599672181493E+01  7.28310091127479442E+00  5.17721740257397811E-01  6.50330324125456133E-02
  384.000000  2.73954738905385930E+04  2.04421212600573454E+04  4.82556295684443285E+03  1.80127291311058116E+03  2.79427664761788662E+02  4.14055160589566142E+01  5.22097816051355501E+00  4.17384180693456619E-01  4.52173642840244736E-02
  386.000000  2.81550769448935134E+04  2.16707134079722528E+04  4.44503508330818750E+03  1.77157214844851705E+03  2.25270522519435929E+02  3.81329226063507178E+01  3.95637978119365963E+00  3.63379722603068223E-01  3.31005349725370795E-02
  388.000000  2.92346186350608077E+04  2.29670340286845203E+04  4.25455100174079325E+03  1.78174139894897962E+03  1.91223990829020721E+02  3.65609681307383454E+01  3.14847525758552349E+00  3.33407847533404689E-01  2.53636216329423021E-02
  390.000000  3.05262319812032147E+04  2.43236115316019204E+04  4.17936740659898805E+03  1.81516404863688035E+03  1.69202867817680158E+02  3.59374210454326217E+01  2.61187240505641149E+00  3.16619420448996824E-01  2.02136768072420023E-02
  392.000000  3.19657364431664100E+04  2.57331007325919563E+04  4.17647433936629659E+03  1.86306166154960306E+03  1.54658102156666871E+02  3.58742911990415578E+01  2.24317752472690968E+00  3.07481344746950158E-01  1.66574333711173236E-02
  394.000000  3.35101979743627817E+04  2.71868500176624111E+04  4.21956475370706812E+03  1.92041090112840880E+03  1.44914701236813897E+02  3.61581974179714365E+01  1.98228543800650159E+00  3.02996162568281213E-01  1.41216095467087011E-02
  396.000000  3.51266567325500146E+04  2.86741640970147564E+04  4.29134185433199855E+03  1.98405914247124110E+03  1.38321621484176262E+02  3.66636338464612734E+01  1.79268325684737917E+00  3.01439283511381106E-01  1.22608610227814396E-02
  398.000000  3.67863546378137180E+04  3.01819489900037806E+04  4.37950354270411117E+03  2.05181793503262088E+03  1.33808760759890873E+02  3.73115605924157023E+01  1.65123046223246428E+00  3.01759662182476851E-01  1.08585964827945455E-02
  400.000000  3.84618035835816627E+04  3.16946422424435295E+04  4.47459948070895916E+03  2.12200878895522374E+03  1.30648689364120003E+02  3.80486543838735543E+01  1.54267323635847631E+00  3.03280572071863264E-01  9.77391752946485393E-03
  402.000000  4.01254645378854038E+04  3.31944155684431171E+04  4.56888540479453968E+03  2.19323145756237454E+03  1.28324580893520903E+02  3.88364762524416278E+01  1.45659468397478209E+00  3.05543095618998894E-01  8.91215981041296526E-03
  404.000000  4.17494509199964814E+04  3.46616589671496477E+04  4.65573926359261986E+03  2.26424950448594836E+03  1.26455425983365259E+02  3.96456643576142298E+01  1.38566540439069996E+00  3.08221061521466833E-01  8.20796136240940603E-03
  406.000000  4.33059447753014683E+04  3.60757425976631785E+04  4.72941099807155842E+03  2.33394172982651889E+03  1.24753346521245305E+02  4.04528005752068225E+01  1.32461396468346737E+00  3.11073452356895153E-01  7.61522671777326368E-03
  408.000000  4.47681134984893579E+04  3.74160179891605076E+04  4.78497504157981621E+03  2.40129167924730700E+03  1.22999414809314700E+02  4.12387471110327439E+01  1.26960838528933428E+00  3.13917184222561541E-01  7.10101186902560664E-03
  410.000000  4.61113305007136732E+04  3.86629739878224573E+04  4.81839951858687527E+03  2.46539788443788211E+03  1.21030191450003002E+02  4.19877886811865935E+01  1.21787688558075446E+00  3.16611153788681654E-01  6.64169590388465850E-03
  412.000000  4.73144874181642881E+04  3.97994180042509252E+04  4.82666707818585473E+03  2.52549219845183597E+03  1.18730220045291290E+02  4.26871822509391592E+01  1.16746804427516682E+00  3.19046427889846440E-01  6.22050727650630495E-03
  414.000000  4.83611733046569934E+04  4.08115243496004332E+04  4.80789439261608641E+03  2.58095623729250156E+03  1.16027408343960488E+02  4.33268611963455612E+01  1.11709018015547090E+00  3.21139571110338362E-01  5.82585640873111224E-03
  416.000000  4.92405114076911414E+04  4.16895916062783290E+04  4.76140873823612128E+03  2.63132835396486462E+03  1.12889303953512695E+02  4.38991345091650516E+01  1.06599324744997936E+00  3.22827354670156774E-01  5.45014703284296166E-03
  418.000000  4.99474972376147125E+04  4.24283860058782957E+04  4.68775431335880603E+03  2.67629652065601022E+03  1.09319079691755121E+02  4.43982955285043843E+01  1.01387171270670873E+00  3.24061915665280864E-01  5.08887297734628239E-03
  420.000000  5.04827682208717597E+04  4.30270131134549156E+04  4.58861797315893637E+03  2.71567598496080018E+03  1.05350707302803627E+02  4.48201187340441152E+01  9.60777340633662269E-01  3.24806027257183050E-01  4.73989237349116757E-03
  422.000000  5.08518374250503039E+04  4.34883410769227849E+04  4.46668118389531446E+03  2.74937409282247063E+03  1.01043325869851316E+02  4.51612761910939540E+01  9.07037965991046802E-01  3.25028557603268542E-01  4.40282518514734447E-03
  424.000000  5.10639171183346189E+04  4.38180754521467388E+04  4.32541827655089583E+03  2.77734753179846166E+03  9.64751543829839022E+01  4.54187419313797349E+01  8.53182526559986942E-01  3.24700446977223334E-01  4.07855062154137589E-03
  426.000000  5.11305203267288598E+04  4.40236405220130982E+04  4.16886683196342528E+03  2.79955886896490301E+03  9.17374008274855015E+01  4.55892686537386851E+01  7.99873891165598150E-01  3.23791622669217793E-01  3.76879237550652689E-03
  428.000000  5.10640483492966450E+04  4.41130458484076298E+04  4.00139202196236147E+03  2.81593941590243321E+03  8.69284521110491539E+01  4.56690165093289906E+01  7.47849407895019858E-01  3.22269221338417455E-01  3.47577461086995797E-03
  430.000000  5.08765505891747671E+04  4.40939103980308209E+04  3.82745310423705769E+03  2.82636431686231390E+03  8.21482130673480526E+01  4.56533926256741864E+01  6.97865097895427167E-01  3.20097339412035220E-01  3.20191424589035640E-03
  432.000000  5.05787915370015980E+04  4.39727867945374019E+04  3.65136112038846977E+03  2.83064373700782835E+03  7.74919335573816142E+01  4.55371290961162316E+01  6.50634586776194013E-01  3.17238333207449874E-01  2.94949441754073375E-03
  434.000000  5.01796943145862897E+04  4.37548790976822420E+04  3.47700338676617775E+03  2.82853153124297796E+03  7.30425783402840665E+01  4.53145927733854776E+01  6.06752035883217911E-01  3.13655484919836469E-01  2.72026042008156757E-03
  436.000000  4.96861658076392487E+04  4.34441727672437264E+04  3.30752292645641683E+03  2.81975000404307457E+03  6.88613957200515756E+01  4.49802864500022324E+01  5.66596132971896926E-01  3.09316666595372325E-01  2.51492640804729670E-03
  438.000000  4.91032558224293316E+04  4.30438862066380389E+04  3.14499857535927094E+03  2.80402642253699696E+03  6.49783814944921261E+01  4.45294703906811336E+01  5.30234819210615216E-01  3.04198488492971209E-01  2.33270215051552569E-03
  440.000000  4.84345678137857321E+04  4.25570326505240009E+04  2.99025703567369465E+03  2.78113434532934298E+03  6.13871307360454708E+01  4.39588106604255060E+01  4.97379433890392519E-01  2.98290333665736873E-01  2.17109465674048333E-03
  442.000000  4.76828230105559996E+04  4.19868363481452106E+04  2.84297737465815635E+03  2.75093198519728594E+03  5.80492802443276190E+01  4.32669566748880712E+01  4.67441689719542364E-01  2.91597697357419638E-01  2.02624905681527247E-03
  444.000000  4.68504802660631831E+04  4.13368692304827346E+04  2.70212880490511589E+03  2.71339202518672801E+03  5.49094953374127073E+01  4.24549730930592446E+01  4.39698834310466746E-01  2.84144393605820500E-01  1.89383021490952485E-03
  446.000000  4.59403247109808071E+04  4.06110061827573445E+04  2.56656448106473408E+03  2.66862144594304891E+03  5.19147704428625545E+01  4.15265906792491322E+01  4.13496621144603393E-01  2.75973413018802627E-01  1.77005941279924275E-03
  448.000000  4.49559545124975775E+04  3.98134225774277511E+04  2.43548525241450488E+03  2.61687258193716298E+03  4.90286398577266240E+01  4.04882714247185760E+01  3.88390634122246337E-01  2.67146406650922819E-01  1.65239493905064319E-03
  450.000000  4.39021159276962208E+04  3.89487575588363907E+04  2.30860454209396175E+03  2.55854608522755416E+03  4.62351908450170797E+01  3.93490926985343776E+01  3.64176489400281911E-01  2.57741879424670917E-01  1.53962593741218496E-03
  452.000000  4.27848622811246823E+04  3.80223769691459529E+04  2.18605514631488268E+03  2.49418485782995140E+03  4.35347326105280104E+01  3.81204578577110951E+01  3.40833580736560338E-01  2.47852252710193566E-01  1.43153220991440043E-03
  454.000000  4.16115390677248943E+04  3.70405833808295356E+04  2.06818834945979870E+03  2.42445801578620103E+03  4.09363203105233922E+01  3.68156532205787101E+01  3.18439649942553360E-01  2.37580052664592589E-01  1.32841565241367961E-03
  456.000000  4.03906197224680800E+04  3.60106670568894478E+04  1.95539108930547786E+03  2.35013567340981126E+03  3.84512478683562335E+01  3.54492914725321810E+01  2.97099221049978934E-01  2.27033579880691810E-01  1.23072153131788351E-03
  458.000000  3.91314311318271502E+04  3.49407813595772823E+04  1.84797242906762131E+03  2.27205722635693701E+03  3.60890577206527823E+01  3.40366970836141007E+01  2.76900737077658166E-01  2.16322466359204157E-01  1.13881760935229050E-03
  460.000000  3.78438140229573110E+04  3.38396872138024701E+04  1.74611639545328148E+03  2.19109677066539280E+03  3.38558449879060319E+01  3.25932928977382872E+01  2.57898739855492110E-01  2.05553505208536741E-01  1.05290546323710105E-03
  462.000000  3.65377621516493673E+04  3.27164305128585984E+04  1.64987842612305212E+03  2.10812922661700077E+03  3.17540347456852672E+01  3.11340395357438950E+01  2.40111697396819451E-01  1.94827059810577324E-01  9.73012073811369547E-04
  464.000000  3.52230776986701967E+04  3.15800096316453637E+04  1.55920353730968463E+03  2.02400002101491486E+03  2.97828829823052388E+01  2.96729651442482769E+01  2.23527304868195081E-01  1.84234250319984999E-01  8.99018476775546469E-04
  466.000000  3.39090706776585866E+04  3.04390739688485919E+04  1.47395167874609388E+03  1.93950021057242566E+03  2.79392168607248195E+01  2.82228068064370134E+01  2.08110122724099511E-01  1.73855002507512485E-01  8.30699088489293648E-04
  468.000000  3.26043195409114996E+04  2.93016777318203349E+04  1.39392257871252787E+03  1.85534796364791191E+03  2.62181632443581449E+01  2.67947698189708667E+01  1.93808962943862489E-01  1.63756945640910562E-01  7.67758812253950952E-04
  470.000000  3.13165002332813710E+04  2.81750994373285430E+04  1.31887686472569567E+03  1.77217650114502544E+03  2.46137632249527627E+01  2.53983989079891010E+01  1.80563013467562261E-01  1.53995072537241873E-01  7.09863161709790554E-04
  472.000000  3.00522828112529023E+04  2.70657275770652413E+04  1.24855266957829758E+03  1.69052799337019042E+03  2.31194489549650193E+01  2.40415470912532108E+01  1.68306503000812985E-01  1.44612029256796115E-01  6.56660702322365620E-04
  474.000000  2.88172889378293548E+04  2.59790063352540092E+04  1.18267803835542009E+03  1.61085252828286593E+03  2.17283939355296916E+01  2.27304232649221731E+01  1.56972055747885808E-01  1.35638882079743367E-01  6.07798778575670620E-04
  476.000000  2.76161001053405453E+04  2.49194315684886897E+04  1.12097984271612495E+03  1.53351108424654171E+03  2.04337596045099659E+01  2.14696981475125739E+01  1.46492992987103748E-01  1.27096210225273509E-01  5.62933954709101216E-04
  478.000000  2.64523050082753034E+04  2.38905858007779025E+04  1.06318995941633511E+03  1.45878141492457689E+03  1.92288620564201693E+01  2.02626491354872087E+01  1.36804838224665992E-01  1.18995387824843937E-01  5.21738535386242824E-04
  480.000000  2.53285745969404379E+04  2.28952010995754754E+04  1.00904938340050637E+03  1.38686583724557954E+03  1.81072795730051581E+01  1.91113270566287952E+01  1.27846243200263915E-01  1.11339941748822654E-01  4.83904293727426557E-04
  482.000000  2.42467544679087405E+04  2.19352398034667094E+04  9.58310820111750218E+02  1.31790006033862869E+03  1.70629174523293727E+01  1.80167309925276236E+01  1.19559504620053630E-01  1.04126897900915644E-01  4.49144270986745313E-04
  484.000000  2.32079659246171104E+04  2.10119846985263939E+04  9.10740179406366792E+02  1.25196236725488302E+03  1.60900426853076972E+01  1.69789806983804219E+01  1.11890798628206140E-01  9.73480538700405851E-02  4.17193282622166774E-04
  486.000000  2.22127089097776807E+04  2.01261320382441663E+04  8.66117289688353026E+02  1.18908263562338038E+03  1.51832977650604057E+01  1.59974792856601660E+01  1.04790225363212433E-01  9.09911381136663117E-02  3.87807584141860691E-04
  488.000000  2.12609618213571994E+04  1.92778825363386131E+04  8.24236068392437573E+02  1.12925084139554428E+03  1.43377003737084561E+01  1.50710615293516010E+01  9.82117294701166654E-02  8.50408340613053593E-02  3.60764014102727142E-04
  490.000000  2.03522748274884798E+04  1.84670269953456191E+04  7.84904321700091941E+02  1.07242482287220446E+03  1.35486337811036606E+01  1.41981253263066254E+01  9.21129428726176758E-02  7.94796614448544936E-02  3.35858832757849788E-04
  492.000000  1.94858546231904438E+04  1.76930245033011670E+04  7.47943298893458632E+02  1.01853718754201122E+03  1.28118313836063944E+01  1.33767454647683071E+01  8.64549819377040257E-02  7.42887170946318204E-02  3.12906404358975776E-04
  494.000000  1.86606396088325091E+04  1.69550721242125946E+04  7.13187091563857962E+02  9.67501323003314155E+02  1.21233577890761701E+01  1.26047700208314488E+01  8.12022210354489682E-02  6.94482839806013774E-02  2.91737821548019151E-04
  496.000000  1.78753652365910893E+04  1.62521657447758389E+04  6.80481942021463851E+02  9.19216528643274046E+02  1.14795881179202315E+01  1.18799004546100004E+01  7.63220573228639981E-02  6.49383211203907046E-02  2.72199535761970203E-04
  498.000000  1.71286198043061304E+04  1.55831522557425687E+04  6.49685506335623927E+02  8.73572320965124732E+02  1.08771866628576319E+01  1.11997569225921545E+01  7.17846765366254996E-02  6.07388487944547986E-02  2.54152033769665614E-04
  500.000000  1.64188913201398791E+04  1.49467735830029396E+04  6.20666103656970563E+02  8.30451986733817876E+02  1.03130856744248209E+01  1.05619305331854125E+01  6.75628260564363342E-02  5.68302438972173932E-02  2.37468584182370511E-04
  502.000000  1.57446062595039530E+04  1.43417032815252023E+04  5.93301973472207806E+02  7.89735468322136171E+02  9.78446477292591332E+00  9.96402431865992888E+00  6.36315990576483831E-02  5.31934596961160175E-02  2.22034066774053323E-04
  504.000000  1.51041611264264120E+04  1.37665765010620453E+04  5.67480555212051058E+02  7.51301668059382223E+02  9.28873129978822121E+00  9.40368463422133338E+00  5.99682318920185808E-02  4.98101831427141262E-02  2.07743890105905980E-04
  506.000000  1.44959477470101210E+04  1.32200141562350309E+04  5.43097799428654071E+02  7.15030255630069860E+02  8.82350178982048305E+00  8.87862456639952313E+00  5.65519156942067142E-02  4.66629414558705005E-02  1.94502998149467880E-04
  508.000000  1.39183731884181143E+04  1.27006421092999735E+04  5.20057516036625316E+02  6.80803056641621083E+02  8.38658465476966342E+00  8.38664076954292703E+00  5.33636224484295082E-02  4.37351681678017565E-02  1.82224963552007045E-04
  510.000000  1.33698751322881799E+04  1.22071061198823354E+04  4.98270762472436274E+02  6.48505092840689599E+02  7.97596410625154384E+00  7.92562497273704292E+00  5.03859452516601039E-02  4.10112373155564758E-02  1.70831163339095184E-04
  512.000000  1.28489334507260428E+04  1.17380832456152912E+04  4.77655272776455320E+02  6.18025336130357459E+02  7.58978530435635967E+00  7.49357122430498190E+00  4.76029521962029398E-02  3.84764730494740401E-02  1.60250031812702475E-04
  514.000000  1.23540786460043673E+04  1.12922903003877655E+04  4.58134927327924743E+02  5.89257230211362639E+02  7.22634069104213594E+00  7.08857977611977574E+00  4.50000531090824288E-02  3.61171406582044274E-02  1.50416384915763818E-04
  516.000000  1.18838977283583426E+04  1.08684898991035425E+04  4.39639262106262208E+02  5.62099025764831708E+02  6.88405745056244633E+00  6.70885836015172909E+00  4.25638782879115760E-02  3.39204238938222505E-02  1.41270810206436292E-04
  518.000000  1.14370380239882652E+04  1.04654945435069203E+04  4.22103015798054969E+02  5.36453967856599661E+02  6.56148602953092031E+00  6.35272147718575653E+00  4.02821683346767934E-02  3.18743925219809043E-02  1.32759116691014281E-04
  520.000000  1.10122093299354565E+04  1.00821691350962683E+04  4.05465712733053863E+02  5.12230367789400816E+02  6.25728964463798043E+00  6.01858820285355911E+00  3.81436741902702464E-02  2.99679632127040005E-02  1.24831839012885397E-04
  522.000000  1.06081847649773026E+04  9.71743223955019675E+03  3.89671279450876682E+02  4.89341585986596215E+02  5.97023470486376784E+00  5.70497891826392944E+00  3.61380664992750483E-02  2.81908562136863362E-02  1.17443790827170182E-04
  524.000000  1.02238006064509609E+04  9.37025637286039273E+03  3.74667692629297619E+02  4.67705947638003806E+02  5.69918207619536599E+00  5.41051129023573996E+00  3.42558534772305356E-02  2.65335496941682646E-02  1.10553662564896878E-04
  526.000000  9.85795535166912487E+03  9.03966753230383983E+03  3.60406656109343885E+02  4.47246608715357240E+02  5.44307911950471102E+00  5.13389575771907758E+00  3.24883065039885330E-02  2.49872331970407077E-02  1.04123659179150479E-04
  528.000000  9.50960819883458134E+03  8.72474415509049140E+03  3.46843304808695052E+02  4.27891386501722138E+02  5.20095243581995703E+00  4.87393072468321886E+00  3.08273927226653810E-02  2.35437612743092627E-02  9.81191738516234865E-05
  530.000000  9.17777710537468374E+03  8.42461565337086358E+03  3.33935933405411959E+02  4.09572565896706237E+02  4.97190125731713994E+00  4.62949761382128067E+00  2.92657139806578454E-02  2.21956080920220414E-02  9.25084940096366809E-05
  532.000000  8.86153655060075289E+03  8.13846064557532918E+03  3.21645747784262710E+02  3.92226690378611238E+02  4.75509142668964380E+00  4.39955589825493831E+00  2.77964515052426531E-02  2.09358235624719606E-02  8.72625363540973585E-05
  534.000000  8.56001510382994093E+03  7.86550498014178083E+03  3.09936637361103408E+02  3.75794344554768315E+02  4.54974991192760747E+00  4.18313819860725822E+00  2.64133157601961661E-02  1.97579913830214955E-02  8.23546079254564261E-05
  536.000000  8.27239287780847917E+03  7.60501962786979857E+03  2.98774966527942127E+02  3.60219933643460081E+02  4.35515980782205236E+00  3.97934550906081030E+00  2.51105009806428837E-02  1.86561892227608307E-02  7.77601905343180603E-05
  538.000000  7.99789892979693377E+03  7.35631850283209587E+03  2.88129383589209056E+02  3.45451463946875322E+02  4.17065577962469014E+00  3.78734259725857569E+00  2.38826439307913141E-02  1.76249511925744805E-02  7.34567461581057301E-05
  540.000000  7.73580865843083120E+03  7.11875625844298884E+03  2.77970645685212219E+02  3.31440327343556191E+02  3.99561990818529011E+00  3.60635360821984285E+00  2.27247864729833264E-02  1.66592326545393181E-02  6.94235411534676748E-05
  542.000000  7.48544123289998060E+03  6.89172609442503472E+03  2.68271458318747761E+02  3.18141092005195048E+02  3.82947789952815931E+00  3.43565789104297581E+00  2.16323415766066784E-02  1.57543773674529361E-02  6.56414873591035171E-05
  544.000000  7.24615708167164303E+03  6.67465760164001222E+03  2.59006328215241467E+02  3.05511300890399241E+02  3.67169562521001502E+00  3.27458605842604200E+00  2.06010624321214739E-02  1.49060869223987917E-02  6.20929983660668751E-05
  546.000000  7.01735546051030542E+03  6.46701466468772014E+03  2.50151428353952326E+02  2.93511279054690874E+02  3.52177596290985395E+00  3.12251628241168344E+00  1.96270143686384513E-02  1.41103923919809957E-02  5.87618594140425170E-05
  548.000000  6.79847211359948960E+03  6.26829343653095475E+03  2.41684474107837758E+02  2.82103950415797556E+02  3.37925590956261157E+00  2.97887082482701215E+00  1.87065493036754696E-02  1.33636280963914510E-02  5.56331095351546358E-05
  550.000000  6.58897703687105331E+03  6.07802039492231597E+03  2.33584609522450450E+02  2.71254664304257233E+02  3.24370394195241341E+00  2.84311279728579391E+00  1.78362824808675421E-02  1.26624073765093346E-02  5.26929347121534244E-05
  552.000000  6.38837234896028440E+03  5.89575048687182334E+03  2.25832302849727085E+02  2.60931031893508475E+02  3.11471760205937942E+00  2.71474314306204834E+00  1.70130712759860546E-02  1.20036002569678876E-02  4.99285709482171785E-05
  554.000000  6.19619027234621353E+03  5.72106536463352495E+03  2.18409250531185734E+02  2.51102772426519238E+02  2.99192128661154610E+00  2.59329783140283920E+00  1.62339958735887024E-02  1.13843128791343839E-02  4.73282162613732890E-05
  556.000000  6.01199122504217303E+03  5.55357171455244952E+03  2.11298288897163445E+02  2.41741569025401333E+02  2.87496422225202464E+00  2.47834525373593939E+00  1.54963416365654950E-02  1.08018685841025728E-02  4.48809507205422063E-05
  558.000000  5.83536202153970862E+03  5.39289967847835396E+03  2.04483312914466921E+02  2.32820933776590863E+02  2.76351860949802486E+00  2.36948381059743474E+00  1.47975830085407441E-02  1.02537905282179438E-02  4.25766637322802377E-05
  560.000000  5.66591418048324886E+03  5.23870136622998052E+03  1.97949201375100984E+02  2.24316081719537436E+02  2.65727792027881948E+00  2.26633967784112933E+00  1.41353688051711335E-02  9.73778571767828886E-03  4.04059878699528424E-05
  562.000000  5.50328233566065046E+03  5.09064945668744349E+03  1.91681747973385995E+02  2.16203813324486589E+02  2.55595533527973195E+00  2.16856474069746374E+00  1.35075087646496211E-02  9.25173035382948275E-03  3.83602386104062734E-05
  564.000000  5.34712274627602346E+03  4.94843588444520810E+03  1.85667597768562700E+02  2.08462405020179716E+02  2.45928230863006370E+00  2.07583468445554997E+00  1.29119612406244470E-02  8.79365638652888394E-03  3.64313594088192926E-05
  566.000000  5.19711190206805895E+03  4.81177060851902206E+03  1.79894188575471645E+02  2.01071507321038524E+02  2.36700724865174461E+00  1.98784723089117965E+00  1.23468219322776188E-02  8.36173917907544542E-03  3.46118716008377733E-05
  568.000000  5.05294521859333963E+03  4.68038045931548641E+03  1.74349696866814753E+02  1.94012050102001893E+02  2.27889430444934060E+00  1.90432051000722113E+00  1.18103135566416037E-02  7.95428619446476685E-03  3.28948286733024092E-05
  570.000000  4.91433581788509946E+03  4.55400805991842935E+03  1.69022987808088970E+02  1.87266154575563320E+02  2.19472224908383007E+00  1.82499155716273687E+00  1.13007763775276118E-02  7.56972661897998157E-03  3.12737744914241969E-05
  572.000000  4.78101338967959418E+03  4.43241081768126332E+03  1.63903569079985118E+02  1.80817051537135058E+02  2.11428345093541203E+00  1.74961492621077741E+00  1.08166595137791748E-02  7.20660184523072306E-03  2.97427051118502325E-05
  574.000000  4.65272312846797013E+03  4.31535998213200401E+03  1.58981548174039659E+02  1.74649005460718172E+02  2.03738292564508550E+00  1.67796140983002995E+00  1.03565129570073518E-02  6.86355674265376123E-03  2.82960338482231353E-05
  576.000000  4.52922474173835053E+03  4.20263976525754970E+03  1.54247592875043267E+02  1.68747244044785077E+02  1.96383746172976470E+00  1.60981685879768177E+00  9.91898023573727430E-03  6.53933164909294932E-03  2.69285592890508499E-05
  578.000000  4.41029152493126639E+03  4.09404652034548781E+03  1.49692894669181157E+02  1.63097892828361154E+02  1.89347481359865211E+00  1.54498109250989613E+00  9.50279166886691673E-03  6.23275502239533513E-03  2.56354359974455658E-05
  580.000000  4.29570949881012348E+03  3.98938797569545022E+03  1.45309134839844688E+02  1.57687914517953857E+02  1.82613295627792316E+00  1.48326689359615083E+00  9.10675815680038470E-03  5.94273669594110650E-03  2.44121476488293330E-05
  582.000000  4.18527660514390118E+03  3.88848251966480666E+03  1.41088453033818581E+02  1.52505052686985323E+02  1.76165939666518501E+00  1.42449907999245706E+00  8.72976546348246639E-03  5.66826168667642315E-03  2.32544823865886965E-05
  584.000000  4.07880195681113037E+03  3.79115853368412036E+03  1.37023418099636899E+02  1.47537779530466082E+02  1.69991053660769720E+00  1.36851364833396238E+00  8.37076894694764942E-03  5.40838450854594279E-03  2.21585101969617422E-05
  586.000000  3.97610513864364111E+03  3.69725377004885877E+03  1.33107001016965768E+02  1.42775247378093610E+02  1.64075108351891674E+00  1.31515698299397088E+00  8.02878869993462439E-03  5.16222394822146973E-03  2.11205621235718360E-05
  588.000000  3.87701555554148581E+03  3.60661477147040114E+03  1.29332549751520133E+02  1.38207243688855300E+02  1.58405350463271355E+00  1.26428512553560668E+00  7.70290506570057119E-03  4.92895826371618755E-03  2.01372111592749414E-05
  590.000000  3.78137182460274289E+03  3.51909632954746439E+03  1.25693765884254361E+02  1.33824149269406036E+02  1.52969752134154602E+00  1.21576309975435493E+00  7.39225449734228369E-03  4.70782076987713051E-03  1.92052546683230745E-05
  592.000000  3.68902120821261724E+03  3.43456097948822344E+03  1.22184682876379441E+02  1.29616899476557705E+02  1.47756964037743166E+00  1.16946428787148826E+00  7.09602573185821352E-03  4.49809577786579838E-03  1.83216982057704921E-05
  594.000000  3.59981908523652601E+03  3.35287852858390670E+03  1.18799645843538897E+02  1.25576948181553945E+02  1.42756271887940711E+00  1.12526985379523770E+00  6.81345625275548913E-03  4.29911485860261233E-03  1.74837406134918854E-05
  596.000000  3.51362845764948906E+03  3.27392561609483391E+03  1.15533292723128113E+02  1.21696234290001556E+02  1.37957556064937070E+00  1.08306820969593653E+00  6.54382901739972243E-03  4.11025340276959233E-03  1.66887602834343232E-05
  598.000000  3.43031949011363622E+03  3.19758530236393381E+03  1.12380536728393380E+02  1.17967150626551273E+02  1.33351254112966422E+00  1.04275452244586964E+00  6.28646942740679858E-03  3.93092745235941367E-03  1.59343024887682459E-05
  600.000000  3.34976908018888844E+03  3.12374668512223116E+03  1.09336549991897328E+02  1.14382515007781436E+02  1.28928325885075035E+00  1.00423025675677646E+00  6.04074252232311270E-03  3.76059078095045086E-03  1.52180676927774485E-05
  602.000000  3.27186045701921330E+03  3.05230454108659660E+03  1.06396748308832159E+02  1.10935543339911248E+02  1.24680221128609148E+00  9.67402752105834929E-01  5.80605037855486377E-03  3.59873220187863652E-03  1.45379007535049399E-05
  604.000000  3.19648280649267190E+03  2.98315899108543590E+03  1.03556776898156244E+02  1.07619824590506326E+02  1.20598849322950219E+00  9.32184830780786844E-01  5.58182969711902219E-03  3.44487308530293463E-03  1.38917809495809256E-05
  606.000000  3.12353092101077846E+03  2.91621518706703000E+03  1.00812497106065820E+02  1.04429297494679872E+02  1.16676551596572575E+00  8.98494434592512770E-01  5.36754956518865033E-03  3.29856506681496442E-03  1.32778127593855774E-05
  608.000000  3.05290487214154064E+03  2.85138301946661841E+03  9.81599739825771138E+01  1.01358228867159411E+02  1.12906074565270687E+00  8.66254288006358730E-01  5.16270937771666667E-03  3.15938793176155164E-03  1.26942173317231398E-05
  610.000000  2.98450970454871913E+03  2.78857684351106491E+03  9.55954646674075974E+01  9.84011934012659140E+01  1.09280545946232222E+00  8.35391585626463540E-01  4.96683690658940736E-03  3.02694766081982279E-03  1.21393245916550071E-05
  612.000000  2.91825514971073289E+03  2.72771522314602453E+03  9.31154075265637857E+01  9.55530548451628761E+01  1.05793451814835993E+00  8.05837702138127665E-01  4.77948650583814687E-03  2.90087462362380007E-03  1.16115659301305979E-05
  614.000000  2.85405535804650935E+03  2.66872069136125720E+03  9.07164119856008000E+01  9.28089484540471545E+01  1.02438615381843734E+00  7.77527922967475527E-01  4.60023744239642773E-03  2.78082190837943130E-03  1.11094674304843062E-05
  616.000000  2.79182864816904566E+03  2.61151952578073588E+03  8.83952490098421322E+01  9.01642646248584470E+01  9.92101771785898978E-01  7.50401194060806964E-01  4.42869234277587162E-03  2.66646377644820867E-03  1.06316435890030261E-05
  618.000000  2.73149727207828755E+03  2.55604153846382587E+03  8.61488421856992233E+01  8.76146336272067003E+01  9.61025765469279425E-01  7.24399889315802015E-01  4.26447574684331743E-03  2.55749423182398015E-03  1.01767914903903407E-05
  620.000000  2.67298719519193537E+03  2.50221987894042832E+03  8.39742593607914216E+01  8.51559113508678678E+01  9.31105343388643814E-01  6.99469594316268317E-01  4.10723276059252618E-03  2.45362569629038263E-03  9.74368540233772619E-06
  622.000000  2.61622789019362290E+03  2.44999084957414470E+03  8.18687048038623999E+01  8.27841659963457488E+01  9.02290367384517955E-01  6.75558905131742882E-01  3.95662780049446227E-03  2.35458778183253534E-03  9.33117175647458848E-06
  624.000000  2.56115214375073174E+03  2.39929373241167787E+03  7.98295118484399211E+01  8.04956656405778403E+01  8.74533201253760217E-01  6.52619241042954545E-01  3.81234342258977973E-03  2.26012615259012836E-03  8.93816448566438729E-06
  626.000000  2.50769587522439770E+03  2.35007062673877181E+03  7.78541359869603582E+01  7.82868666151182140E+01  8.47788569060349051E-01  6.30604670146391544E-01  3.67407923006407133E-03  2.17000146929279382E-03  8.56364069021164098E-06
  628.000000  2.45579796655674818E+03  2.30226629661809193E+03  7.59401483845850436E+01  7.61544026388597501E+01  8.22013422436637997E-01  6.09471746874819420E-01  3.54155085352962987E-03  2.08398840971084354E-03  8.20663660775549308E-06
  630.000000  2.40540010257979793E+03  2.25582802773699041E+03  7.40852297842267262E+01  7.40950746517880106E+01  7.97166816243457865E-01  5.89179360547756548E-01  3.41448899871578393E-03  2.00187475919671011E-03  7.86624386377094201E-06
  632.000000  2.35644662104530198E+03  2.21070549294163629E+03  7.22871647764703908E+01  7.21058413003235756E+01  7.73209792006584906E-01  5.69688594136498971E-01  3.29263855667770835E-03  1.92346056588616008E-03  7.54160598145077688E-06
  634.000000  2.30888437172432805E+03  2.16685062587771790E+03  7.05438364099744604E+01  7.01838100285095550E+01  7.50105268590575247E-01  5.50962592492607373E-01  3.17575777202830584E-03  1.84855735557784041E-03  7.23191513150078970E-06
  636.000000  2.26266258397324827E+03  2.12421750220046079E+03  6.88532211197638588E+01  6.83262287327863760E+01  7.27817939613156217E-01  5.32966439348370846E-01  3.06361746504292282E-03  1.77698740172164147E-03  6.93640910394620343E-06
  638.000000  2.21773274220508119E+03  2.08276222785407344E+03  6.72133839524673675E+01  6.65304779412311120E+01  7.06314177139101607E-01  5.15667042451769309E-01  2.95600030381107815E-03  1.70858304632054187E-03  6.65436848548940897E-06
  640.000000  2.17404846874558916E+03  2.04244283395665502E+03  6.56224740690752526E+01  6.47940634810769325E+01  6.85561941228856941E-01  4.99033026248419276E-01  2.85270012291170393E-03  1.64318606789362566E-03  6.38511402728705462E-06
  642.000000  2.13156541359029234E+03  2.00321917785921028E+03  6.40787205071778629E+01  6.31146096010063857E+01  6.65530694946978585E-01  4.83034631568551920E-01  2.75352128534360387E-03  1.58064709296029497E-03  6.12800418920347794E-06
  644.000000  2.09024115061294879E+03  1.96505284997793478E+03  6.25804281859603009E+01  6.14898525172031469E+01  6.46191324465828831E-01  4.67643621819102573E-01  2.65827808471069856E-03  1.52082504779219919E-03  5.88243284770802725E-06
  646.000000  2.05003507980740778E+03  1.92790708602679092E+03  6.11259741383971758E+01  5.99176343544148224E+01  6.27516063926166101E-01  4.52833195219314366E-01  2.56679418487177442E-03  1.46358664744000114E-03  5.64782715558882839E-06
  648.000000  2.01090833517432839E+03  1.89174668430367956E+03  5.97138039561932317E+01  5.83958974554020784E+01  6.09478424740525715E-01  4.38577902653726981E-01  2.47890209448519338E-03  1.40880591928187800E-03  5.42364554257525509E-06
  650.000000  1.97282369789183713E+03  1.85653792770808127E+03  5.83424284340524153E+01  5.69226790340968805E+01  5.92053129049243787E-01  4.24853570748901344E-01  2.39444267406818722E-03  1.35636375855931386E-03  5.20937584681527460E-06
  652.000000  1.93574551443253813E+03  1.82224851018867344E+03  5.70104204007364501E+01  5.54961061495403811E+01  5.75216047057928503E-01  4.11637229809705407E-01  2.31326467336337395E-03  1.30614751356498949E-03  5.00453356791658241E-06
  654.000000  1.89963961931532663E+03  1.78884746734276496E+03  5.57164117253211373E+01  5.41143909793995377E+01  5.58944138006491675E-01  3.98907046278988542E-01  2.23522429697418576E-03  1.25805059833283502E-03  4.80866023298461986E-06
  656.000000  1.86447326219934371E+03  1.75630511090605933E+03  5.44590904877762938E+01  5.27758263733134640E+01  5.43215394535992990E-01  3.86642259409097744E-01  2.16018479637536181E-03  1.21197213084644454E-03  4.62132186772758514E-06
  658.000000  1.83021503904919405E+03  1.72459296689073244E+03  5.32371983037972640E+01  5.14787816677805949E+01  5.28008790237181835E-01  3.74823121857277175E-01  2.08801608654425076E-03  1.16781659493747202E-03  4.44210756531717701E-06
  660.000000  1.79683482711789225E+03  1.69368371714521709E+03  5.20495277944538088E+01  5.02216987455671244E+01  5.13304230178444065E-01  3.63430843938083392E-01  2.01859438558706214E-03  1.12549352418596263E-03  4.27062814622036458E-06
  662.000000  1.76430372351217397E+03  1.66355114412531316E+03  5.08949201919025427E+01  4.90030883238490063E+01  4.99082504226648627E-01  3.52447541285833610E-01  1.95180187584739068E-03  1.08491720626503058E-03  4.10651490275392501E-06
  664.000000  1.73259398711985182E+03  1.63417007867962570E+03  4.97722630729504942E+01  4.78215264563825713E+01  4.85325242985340466E-01  3.41856185697978598E-01  1.88752638509674772E-03  1.04600640629050746E-03  3.94941842253640474E-06
  666.000000  1.70167898369410455E+03  1.60551635066588506E+03  4.86804882128353782E+01  4.66756512360467823E+01  4.72014876188357468E-01  3.31640558947139064E-01  1.82566108650345817E-03  1.00868410784597838E-03  3.79900748549522873E-06
  668.000000  1.67153313390332278E+03  1.57756674222698121E+03  4.76185695520815457E+01  4.55641596850436272E+01  4.59134593397012458E-01  3.21785209364852387E-01  1.76610421616943403E-03  9.72877270453846414E-04  3.65496802942744937E-06
  670.000000  1.64213186416735607E+03  1.55029894356640784E+03  4.65855212697480567E+01  4.44858048209143959E+01  4.46668306859596798E-01  3.12275411014223125E-01  1.70875880710741074E-03  9.38516602355179974E-04  3.51700217950946228E-06
  672.000000  1.61345156011372728E+03  1.52369151107421544E+03  4.55803959568472834E+01  4.34393928873673119E+01  4.34600616401589757E-01  3.03097125281904689E-01  1.65353243861347311E-03  9.05536347546436480E-04  3.38482733747924080E-06
  674.000000  1.58546952249748301E+03  1.49772382766353167E+03  4.46022828840928867E+01  4.24237807396415576E+01  4.22916776223543123E-01  2.94236964731758532E-01  1.60033700005809965E-03  8.73874086098847197E-04  3.25817532651210602E-06
  676.000000  1.55816392543867460E+03  1.47237606518695316E+03  4.36503063585134896E+01  4.14378733748358741E+01  4.11602663491676402E-01  2.85682159073734343E-01  1.54908846818965990E-03  8.43470546858079246E-04  3.13679158811105339E-06
  678.000000  1.53151377684148997E+03  1.44762914881107508E+03  4.27236241638340530E+01  4.04806215982915347E+01  4.00644748614351009E-01  2.77420523111900685E-01  1.49970669710241394E-03  8.14269431688420964E-04  3.02043442758327194E-06
  680.000000  1.50549888086744227E+03  1.42346472323490229E+03  4.18214260798376927E+01  3.95510198177088057E+01  3.90030067103865730E-01  2.69440426545038691E-01  1.45211522008378271E-03  7.86217250486437877E-04  2.90887430492841521E-06
  682.000000  1.48009980234286672E+03  1.39986512064487124E+03  4.09429324762202071E+01  3.86481039572214442E+01  3.79746192930202009E-01  2.61730765501910378E-01  1.40624106260384628E-03  7.59263166245086095E-04  2.80189316817469547E-06
  684.000000  1.45529783298963753E+03  1.37681333030701330E+03  4.00873929767441339E+01  3.77709494842001732E+01  3.69781213279000986E-01  2.54280935701706456E-01  1.36201456576330333E-03  7.33358849501723666E-04  2.69928382642428656E-06
  686.000000  1.43107495937394174E+03  1.35429296970200699E+03  3.92540851897517769E+01  3.69186695420031867E+01  3.60123704631825525E-01  2.47080807137455227E-01  1.31936921955894864E-03  7.08458341550607484E-04  2.60084936003851380E-06
  688.000000  1.40741383247532372E+03  1.33228825711551713E+03  3.84423135013380559E+01  3.60904131823550287E+01  3.50762710092234087E-01  2.40120700187340441E-01  1.27824150537122257E-03  6.84517925845075999E-04  2.50640256559475788E-06
  690.000000  1.38429773878421724E+03  1.31078398560157120E+03  3.76514079277266660E+01  3.52853636914489215E+01  3.41687717885503450E-01  2.33391363065282631E-01  1.23857074711554525E-03  6.61496007055318810E-04  2.41576543339497579E-06
  692.000000  1.36171057284154676E+03  1.28976549824150266E+03  3.68807230235772536E+01  3.45027370042368418E+01  3.32888640965085691E-01  2.26883950528089212E-01  1.20029897053560287E-03  6.39352997285074875E-04  2.32876865545778738E-06
  694.000000  1.33963681114005385E+03  1.26921866462645517E+03  3.61296368431907311E+01  3.37417802017529027E+01  3.24355797662453482E-01  2.20590003762154874E-01  1.16337077015376471E-03  6.18051208985841865E-04  2.24525116208143713E-06
  696.000000  1.31806148731105600E+03  1.24912985849502570E+03  3.53975499517151277E+01  3.30017700866188051E+01  3.16079893321559335E-01  2.14501431377681767E-01  1.12773318342133250E-03  5.97554754138877897E-04  2.16505968517521894E-06
  698.000000  1.29697016852608135E+03  1.22948593646280892E+03  3.46838844836778435E+01  3.22820118322196237E+01  3.08052002862198415E-01  2.08610491443357887E-01  1.09333557164535125E-03  5.77829449305576766E-04  2.08804834669807458E-06
  700.000000  1.27634893304602474E+03  1.21027421778341136E+03  3.39880832462851430E+01  3.15818377012972604E+01  3.00263554220378814E-01  2.02909774498693435E-01  1.06012950728906269E-03  5.58842726173903819E-04  2.01407827063427189E-06
  702.000000  1.25618434885541569E+03  1.19148246508497414E+03  3.33096088651112368E+01  3.09006058299962874E+01  2.92706312617022124E-01  1.97392187485452453E-01  1.02806866727964998E-03  5.40563547254411039E-04  1.94301721706611680E-06
  704.000000  1.23646345332284682E+03  1.17309886602932102E+03  3.26479429699345047E+01  3.02376990736414513E+01  2.85372365608887624E-01  1.92050938543431832E-01  9.97108731966610392E-04  5.22962326402920613E-04  1.87473923696851383E-06
  706.000000  1.21717373383202562E+03  1.15511201584391006E+03  3.20025854185964675E+01  2.95925239107532683E+01  2.78254108878946693E-01  1.86879522619343069E-01  9.67207289409644021E-04  5.06010853868792501E-04  1.80912434647317355E-06
  708.000000  1.19830310933150236E+03  1.13751090067997234E+03  3.13730535569020184E+01  2.89645094020330127E+01  2.71344232725688028E-01  1.81871707840937091E-01  9.38323744685807940E-04  4.89682225588146543E-04  1.74605821940813081E-06
  710.000000  1.17983991275365406E+03  1.12028488175248026E+03  3.07588815126708042E+01  2.83531062012362653E+01  2.64635709213110637E-01  1.77021522611479409E-01  9.10419233929684311E-04  4.73950776459976719E-04  1.68543189700839597E-06
  712.000000  1.16177287425761460E+03  1.10342368022131654E+03  3.01596195221964294E+01  2.77577856150713558E+01  2.58121779945982233E-01  1.72323243382737995E-01  8.83456542836281154E-04  4.58792017361109425E-04  1.62714151376107221E-06
  714.000000  1.14409110525178085E+03  1.08691736277377140E+03  2.95748332874168511E+01  2.71780387093957856E+01  2.51795944436638774E-01  1.67771383067068847E-01  8.57400029376072345E-04  4.44182575671475601E-04  1.57108803842288893E-06
  716.000000  1.12678408315579236E+03  1.07075632787240693E+03  2.90041033622513744E+01  2.66133754591842226E+01  2.45651949031471917E-01  1.63360680051883755E-01  8.32215550480533092E-04  4.30100139096871383E-04  1.51717702929591949E-06
  718.000000  1.10984163686287752E+03  1.05493129263314472E+03  2.84470245666022912E+01  2.60633239398674696E+01  2.39683776367553752E-01  1.59086087781936142E-01  8.07870392479448493E-04  4.16523402589916993E-04  1.46531840291932236E-06
  720.000000  1.09325393286673830E+03  1.03943328030143880E+03  2.79032054266332565E+01  2.55274295578083041E+01  2.33885635331331165E-01  1.54942764877149336E-01  7.84333205078798575E-04  4.03432018183282743E-04  1.41542621538580503E-06
  722.000000  1.07701146201869119E+03  1.02425360829573447E+03  2.73722676400048712E+01  2.50052543177988547E+01  2.28251951492786154E-01  1.50926065755642547E-01  7.61573938682111838E-04  3.90806547561149686E-04  1.36741845553331942E-06
  724.000000  1.06110502688231054E+03  1.00938387678877450E+03  2.68538455648075072E+01  2.44963761255856305E+01  2.22777357990386587E-01  1.47031531733440218E-01  7.39563784872243743E-04  3.78628417206005414E-04  1.32121684932347148E-06
  726.000000  1.04552572965597028E+03  9.94815957800212232E+02  2.63475857310287971E+01  2.40003881235694791E+01  2.17456686843244068E-01  1.43254882574270909E-01  7.18275119878407104E-04  3.66879875968771499E-04  1.27674667474807737E-06
  728.000000  1.03026496063379068E+03  9.80541984773978356E+02  2.58531463734315636E+01  2.35168980579060864E+01  2.12284960668298051E-01  1.39592008464281048E-01  6.97681450865930762E-04  3.55543954919464947E-04  1.23393658665877066E-06
  730.000000  1.01531438717856508E+03  9.66554342616719282E+02  2.53701969847986248E+01  2.30455276753645997E+01  2.07257384781816156E-01  1.36038962388206786E-01  6.77757364894437551E-04  3.44604429345159993E-04  1.19271845094026252E-06
  732.000000  1.00066594318043258E+03  9.52845658173682523E+02  2.48984178885386918E+01  2.25859121483707490E+01  2.02369339665397663E-01  1.32591952884796055E-01  6.58478480400763000E-04  3.34045782770020993E-04  1.15302718749594039E-06
  734.000000  9.86311818977728194E+02  9.39408791120911701E+02  2.44374998297255175E+01  2.21376995267776877E+01  1.97616373777892623E-01  1.29247337160780101E-01  6.39821401069914203E-04  3.23853172880489849E-04  1.11480062153623870E-06
  736.000000  9.72244451716757226E+02  9.26236825252830158E+02  2.39871435836674856E+01  2.17005502149695708E+01  1.92994196695786491E-01  1.26001614543777257E-01  6.21763671966210000E-04  3.14012399245658304E-04  1.07797934270029859E-06
  738.000000  9.58456516129020656E+02  9.13323060145916088E+02  2.35470595811714745E+01  2.12741364729947726E+01  1.88498672565361569E-01  1.22851420255780844E-01  6.04283737803642564E-04  3.04509872729968921E-04  1.04250657156367881E-06
  740.000000  9.44940915705603061E+02  9.00661003180243938E+02  2.31169675497024549E+01  2.08581419404978092E+01  1.84125813851066078E-01  1.19793519489938133E-01  5.87360903242196736E-04  2.95332586501675172E-04  1.00832803311685168E-06
  742.000000  9.31690774249366882E+02  8.88244361901479351E+02  2.26965961696845717E+01  2.04522611822880265E+01  1.79871775365246206E-01  1.16824801774350284E-01  5.70975295102758460E-04  2.86468088546479403E-04  9.75391836821867007E-07
  744.000000  9.18699427786525916E+02  8.76067036706760973E+02  2.22856827452196065E+01  2.00561992544421557E+01  1.75732848565317429E-01  1.13942275607544011E-01  5.55107826399583418E-04  2.77904455601250507E-04  9.43648362877950970E-07
  746.000000  9.05960416820625937E+02  8.64123113839217808E+02  2.18839728885579134E+01  1.96696712899131185E+01  1.71705456105087029E-01  1.11143063351227783E-01  5.39740162095430319E-04  2.69630268428068163E-04  9.13050154350948001E-07
  748.000000  8.93467478912306660E+02  8.52406858676159459E+02  2.14912202176662568E+01  1.92924021026599810E+01  1.67786146627737692E-01  1.08424396366711542E-01  5.24854686489058470E-04  2.61634588353558753E-04  8.83551814841655462E-07
  750.000000  8.81214541569500852E+02  8.40912709297143920E+02  2.11071860662901116E+01  1.89241258093789071E+01  1.63971589788712097E-01  1.05783610382202853E-01  5.10434472150619531E-04  2.53906935003111751E-04  8.55109911385013777E-07
  752.000000  8.69195715433495934E+02  8.29635270318825860E+02  2.07316392059331847E+01  1.85645854679624023E+01  1.60258571497174873E-01  1.03218141078907796E-01  4.96463250325139462E-04  2.46437265163788508E-04  8.27682882293094664E-07
  754.000000  8.57405287746518638E+02  8.18569306983654201E+02  2.03643555791947151E+01  1.82135327318533236E+01  1.56643989365579772E-01  1.00725519884522746E-01  4.82925382728100774E-04  2.39215952713597499E-04  8.01230949672739914E-07
  756.000000  8.45837716088353886E+02  8.07709739491225605E+02  2.00051180439609091E+01  1.78707275195264366E+01  1.53124848357216625E-01  9.83033699634405511E-02  4.69805834662266988E-04  2.32233769558780101E-04  7.75716036359121304E-07
  758.000000  8.34487622368910252E+02  7.97051637560486370E+02  1.96537161279417063E+01  1.75359376983477766E+01  1.49698256622273124E-01  9.59494023934954060E-02  4.57090149388233720E-04  2.25481867523915692E-04  7.51101687029120014E-07
  760.000000  8.23349787065173928E+02  7.86590215212395492E+02  1.93099457930900584E+01  1.72089387821173858E+01  1.46361421513411666E-01  9.36614125196985475E-02  4.44764423685274743E-04  2.18951761143105844E-04  7.27352993265543204E-07
  762.000000  8.12419143691339400E+02  7.76320825762961817E+02  1.89736092094601219E+01  1.68895136416368885E+01  1.43111645772301843E-01  9.14372764759673190E-02  4.32815284541900047E-04  2.12635311303524516E-04  7.04436522360064716E-07
  764.000000  8.01690773491309187E+02  7.66238957016920722E+02  1.86445145380751676E+01  1.65774522276710634E+01  1.39946323879018675E-01  8.92749478662881457E-02  4.21229866919718969E-04  2.06524709695358880E-04  6.82320249655325874E-07
  766.000000  7.91159900343475670E+02  7.56340226652974593E+02  1.83224757224049277E+01  1.62725513057122519E+01  1.36862938556670422E-01  8.71724545972845238E-02  4.09995792536886128E-04  2.00612464024958807E-04  6.60973494234797206E-07
  768.000000  7.80821885868363779E+02  7.46620377792120621E+02  1.80073122880745551E+01  1.59746142019897697E+01  1.33859057423940331E-01  8.51278958545970688E-02  3.99101149619797901E-04  1.94891383950500992E-04  6.40366857784786921E-07
  770.000000  7.70672224729791651E+02  7.37075274740649547E+02  1.76988491504359189E+01  1.56834505601882714E+01  1.30932329788659985E-01  8.31394392158671391E-02  3.88534473575718954E-04  1.89354567701752392E-04  6.20472166457643397E-07
  772.000000  7.60706540120934733E+02  7.27700898900059315E+02  1.73969164296556151E+01  1.53988761083702315E+01  1.28080483575860243E-01  8.12053178935314007E-02  3.78284728540148076E-04  1.83995389347764779E-04  6.01262415580859935E-07
  774.000000  7.50920579427148482E+02  7.18493344836551501E+02  1.71013492729950372E+01  1.51207124356287963E+01  1.25301322384095054E-01  7.93238281010169854E-02  3.68341289756135917E-04  1.78807486678448583E-04  5.82711717058608423E-07
  776.000000  7.41310210057687641E+02  7.09448816503034550E+02  1.68119876839661622E+01  1.48487867780148317E+01  1.22592722664126658E-01  7.74933265362464235E-02  3.58693926744952957E-04  1.73784749667824090E-04  5.64795249328543645E-07
  778.000000  7.31871415438830809E+02  7.00563623606880014E+02  1.65286763580658409E+01  1.45829318133080754E+01  1.19952631014307531E-01  7.57122279766992284E-02  3.49332787229132246E-04  1.68921309488617477E-04  5.47489209737148717E-07
  780.000000  7.22600291161314885E+02  6.91834178117038959E+02  1.62512645248032648E+01  1.43229854642241303E+01  1.17379061587530101E-01  7.39790029805917765E-02  3.40248381771731387E-04  1.64211528049580153E-04  5.30770769210705287E-07
  782.000000  7.13493041275521819E+02  6.83256990904624672E+02  1.59796057957556137E+01  1.40687907096730989E+01  1.14870093604395068E-01  7.22921756890257949E-02  3.31431569096625760E-04  1.59649988028524870E-04  5.14618029100568522E-07
  784.000000  7.04545974727816997E+02  6.74828668511003002E+02  1.57135580183883352E+01  1.38201954036980954E+01  1.12423868968050802E-01  7.06503217242150094E-02  3.22873542057637976E-04  1.55231483375532992E-04  4.99009980092925126E-07
  786.000000  6.95755501932041852E+02  6.66545910037988619E+02  1.54529831353995419E+01  1.35770521017473875E+01  1.10038589976006185E-01  6.90520661791753365E-02  3.14565814224830782E-04  1.50951010262267055E-04  4.83926463075145799E-07
  788.000000  6.87118131470351727E+02  6.58405504154919072E+02  1.51977470493522144E+01  1.33392178939477066E+01  1.07712517124558343E-01  6.74960816944992770E-02  3.06500207058723977E-04  1.46803758454628594E-04  4.69348131859219317E-07
  790.000000  6.78630466917896342E+02  6.50404326217641142E+02  1.49477194923743113E+01  1.31065542450637906E+01  1.05443967001825428E-01  6.59810866180597783E-02  2.98668837644460881E-04  1.42785103087244100E-04  4.55256417668313006E-07
  792.000000  6.70289203786008329E+02  6.42539335494605893E+02  1.47027739007116036E+01  1.28789268408445601E+01  1.03231310265285883E-01  6.45058432437108920E-02  2.91064106959350723E-04  1.38890596819463716E-04  4.41633495295899939E-07
  794.000000  6.62091126578969465E+02  6.34807572495625777E+02  1.44627872939331787E+01  1.26562054404717124E+01  1.01072969700214302E-01  6.30691561252563204E-02  2.83678688648224644E-04  1.35115962353661600E-04  4.28462250852773471E-07
  796.000000  6.54033105959535419E+02  6.27206156398952885E+02  1.42276401585950527E+01  1.24382637348400031E+01  9.89674183554325598E-02  6.16698704621438595E-02  2.76505518283752473E-04  1.31457085297663896E-04  4.15726251023258185E-07
  798.000000  6.46112096018689840E+02  6.19732282572592339E+02  1.39972163361790276E+01  1.22249792104120534E+01  9.69131777529140537E-02  6.03068705535359309E-02  2.69537783087606998E-04  1.27910007354132128E-04  4.03409713753071319E-07
  800.000000  6.38325131645239139E+02  6.12383220185892810E+02  1.37714029151292578E+01  1.20162330184021275E+01  9.49088161681462539E-02  5.89790783175590180E-02  2.62768912092195312E-04  1.24470919820623510E-04  3.91497480298757198E-07
  802.000000  6.30669325991234814E+02  6.05156309907805280E+02  1.35500901268219796E+01  1.18119098490577574E+01  9.29529469780036033E-02  5.76854518727258625E-02  2.56192566721583157E-04  1.21136157384978490E-04  3.79974988569039297E-07
  804.000000  6.23141868029089323E+02  5.98048961688065447E+02  1.33331712453041806E+01  1.16118978108154440E+01  9.10442270734315579E-02  5.64249841786446590E-02  2.49802631773023631E-04  1.17902192201441107E-04  3.68828247696652830E-07
  806.000000  6.15740020196788237E+02  5.91058652618070710E+02  1.31205424906509158E+01  1.14160883141205449E+01  8.91813553339328158E-02  5.51967017332977775E-02  2.43593206779902890E-04  1.14765628233745438E-04  3.58043813776143076E-07
  808.000000  6.08461116127522246E+02  5.84182924868128680E+02  1.29121029357954953E+01  1.12243759597101462E+01  8.73630711613451738E-02  5.39996633242997084E-02  2.37558597738967309E-04  1.11723195852107279E-04  3.47608766713903029E-07
  810.000000  6.01302558460333898E+02  5.77419383698005504E+02  1.27077544166915040E+01  1.10366584311683358E+01  8.55881530703207077E-02  5.28329588316793913E-02  2.31693309185049002E-04  1.08771746671769179E-04  3.37510688132547015E-07
  812.000000  5.94261816728480426E+02  5.70765695537800866E+02  1.25074014456743470E+01  1.08528363915694133E+01  8.38554173331275687E-02  5.16957080798379556E-02  2.25992036597617298E-04  1.05908248621352878E-04  3.27737640280752787E-07
  814.000000  5.87336425322397417E+02  5.64219586136335238E+02  1.23109511278933237E+01  1.06728133840375605E+01  8.21637166764334903E-02  5.05870597364749194E-02  2.20449659123885737E-04  1.03129781229955843E-04  3.18278145897244435E-07
  816.000000  5.80523981524338524E+02  5.57778838774416499E+02  1.21183130806962680E+01  1.04964957360568008E+01  8.05119390278717234E-02  4.95061902563628808E-02  2.15061232604028466E-04  1.00433531122441158E-04  3.09121168984178652E-07
  818.000000  5.73822143611713273E+02  5.51441292540290760E+02  1.19293993558450158E+01  1.03237924673723125E+01  7.88990063104041822E-02  4.84523028679636272E-02  2.09821982885573884E-04  9.78167877129599911E-05  3.00256096445138620E-07
  820.000000  5.67228629026537419E+02  5.45204840664952144E+02  1.17441243644563151E+01  1.01546152013343942E+01  7.73238732823043756E-02  4.74246266009796802E-02  2.04727299412904416E-04  9.52769390872422006E-05  2.91672720545750618E-07
  822.000000  5.60741212608235742E+02  5.39067428914809739E+02  1.15624048045541521E+01  9.98887807953936857E+00  7.57855264210125501E-02  4.64224153530143277E-02  1.99772729080845661E-04  9.28114680646728254E-05  2.83361222158664891E-07
  824.000000  5.54357724887471250E+02  5.33027054039625000E+02  1.13841595911402678E+01  9.82649767963257759E+00  7.42829828489778854E-02  4.54449469936251058E-02  1.94953970339318568E-04  9.04179484316608429E-05  2.75312154753620486E-07
  826.000000  5.48076050438487869E+02  5.27081762273439494E+02  1.12093097886778335E+01  9.66739293614131157E+00  7.28152892997411400E-02  4.44915225041141657E-02  1.90266867538806388E-04  8.80940413382079630E-05  2.67516429097919039E-07
  828.000000  5.41894126287751874E+02  5.21229647886500402E+02  1.10377785459005899E+01  9.51148506421417572E+00  7.13815211226126040E-02  4.35614651514926801E-02  1.85707405505703820E-04  8.58374918500157108E-05  2.59965298633782723E-07
  830.000000  5.35809940376725081E+02  5.15468851786224945E+02  1.08694910328534426E+01  9.35869748614670804E+00  6.99807813243912419E-02  4.26541196951301868E-02  1.81271704337214088E-04  8.36461256488555560E-05  2.52650345500009117E-07
  832.000000  5.29821530076647946E+02  5.09797560165288871E+02  1.07043743800832001E+01  9.20895576058088139E+00  6.86121996465834799E-02  4.17688516246651140E-02  1.76956014406527327E-04  8.15178458742897870E-05  2.45563467167186529E-07
  834.000000  5.23926980753279508E+02  5.04214003194975135E+02  1.05423576198938491E+01  9.06218751426747993E+00  6.72749316766323019E-02  4.09050464278176151E-02  1.72756711568628927E-04  7.94506301001678090E-05  2.38696863658301185E-07
  836.000000  5.18124424379880679E+02  4.98716453762256549E+02  1.03833716295907834E+01  8.91832237629179758E+00  6.59681579918954542E-02  4.00621088868328007E-02  1.68670292558676201E-04  7.74425274396938439E-05  2.32043025327066466E-07
  838.000000  5.12412038196435560E+02  4.93303226248778344E+02  1.02273490766383706E+01  8.77729191466040959E+00  6.46910833349400860E-02  3.92394624023088071E-02  1.64693370573743475E-04  7.54916557731178821E-05  2.25594721167303509E-07
  840.000000  5.06788043413307264E+02  4.87972675350121676E+02  1.00742243656550450E+01  8.63902957515331948E+00  6.34429358189242953E-02  3.84365483432385288E-02  1.60822671030572768E-04  7.35961990924108972E-05  2.19344987629360848E-07
  842.000000  5.01250703957957569E+02  4.82723194934112030E+02  9.92393358718509866E+00  8.50347062235672979E+00  6.22229661619036062E-02  3.76528254221686898E-02  1.57055027491749349E-04  7.17544049576257053E-05  2.13287117919555164E-07
  844.000000  4.95798325262722699E+02  4.77553216936352442E+02  9.77641446817038862E+00  8.37055208278221130E+00  6.10304469488448589E-02  3.68877690943809899E-02  1.53387377752578458E-04  6.99645820597834381E-05  2.07414651760523500E-07
  846.000000  4.90429253092444469E+02  4.72461210291899079E+02  9.63160632406868800E+00  8.24021268999693568E+00  5.98646719202955077E-02  3.61408709801101236E-02  1.49816760082413042E-04  6.82250978855225820E-05  2.01721365591016614E-07
  848.000000  4.85141872410286453E+02  4.67445679901571850E+02  9.48945001255137832E+00  8.11239283168045233E+00  5.87249552866088986E-02  3.54116383088078149E-02  1.46340309613351624E-04  6.65343764788563604E-05  1.96201263184935429E-07
  850.000000  4.79934606280345633E+02  4.62505165631635975E+02  9.34988788872353105E+00  7.98703449853516378E+00  5.76106310667540353E-02  3.46995933845381729E-02  1.42955254870280509E-04  6.48908962956864843E-05  1.90848566670565707E-07
  852.000000  4.74805914805801194E+02  4.57638241345728488E+02  9.21286376181252464E+00  7.86408123497749845E+00  5.65210524507437917E-02  3.40042730716236877E-02  1.39658914436223679E-04  6.32931881469140831E-05  1.85657707931490817E-07
  854.000000  4.69754294101210860E+02  4.52843513967765773E+02  9.07832285326930233E+00  7.74347809154113786E+00  5.54555911846790761E-02  3.33252282996973209E-02  1.36448693747284966E-04  6.17398332261766535E-05  1.80623320371950496E-07
  856.000000  4.64778275297700532E+02  4.48119622574696223E+02  8.94621175623167986E+00  7.62517157892411124E+00  5.44136369776736031E-02  3.26620235873541706E-02  1.33322082011672229E-04  6.02294612184392294E-05  1.75740231030047887E-07
  858.000000  4.59876423579925927E+02  4.43465237518092522E+02  8.81647839630000263E+00  7.50910962361892498E+00  5.33945969296719183E-02  3.20142365836422402E-02  1.30276649247828728E-04  5.87607484858597174E-05  1.71003453023107418E-07
  860.000000  4.55047337253567036E+02  4.38879059573453162E+02  8.68907199357723670E+00  7.39524152506270749E+00  5.23978949793687532E-02  3.13814576266516279E-02  1.27310043436183767E-04  5.73324163275009766E-05  1.66408178309988596E-07
  862.000000  4.50289646842390312E+02  4.34359819116350593E+02  8.56394302593102452E+00  7.28351791425179584E+00  5.14229713715873768E-02  3.07632893185135654E-02  1.24419987780512728E-04  5.59432293096491731E-05  1.61949770756358709E-07
  864.000000  4.45602014213641041E+02  4.29906275324295962E+02  8.44104319342845955E+00  7.17389071376174758E+00  5.04692821431618685E-02  3.01593461161243082E-02  1.21604278073739351E-04  5.45919936636166727E-05  1.57623759489328533E-07
  866.000000  4.40983131730859668E+02  4.25517215403506668E+02  8.32032538390563126E+00  7.06631309912184502E+00  4.95362986267838326E-02  2.95692539369675836E-02  1.18860780164066092E-04  5.32775557480898596E-05  1.53425832528299518E-07
  868.000000  4.36431721433216524E+02  4.21191453839758879E+02  8.20174363963292308E+00  6.96073946149332468E+00  4.86235069720410001E-02  2.89926497794246001E-02  1.16187427517492603E-04  5.19988005732178047E-05  1.49351830679796421E-07
  870.000000  4.31946534240231244E+02  4.16927831672293564E+02  8.08525312503096671E+00  6.85712537159969138E+00  4.77304076830198862E-02  2.84291813569764809E-02  1.13582218872471224E-04  5.07546503837305775E-05  1.45397741684989089E-07
  872.000000  4.27526349181216574E+02  4.12725215790185928E+02  7.97081009540850616E+00  6.75542754486555719E+00  4.68565151718458653E-02  2.78785067457582095E-02  1.11043215983055375E-04  4.95440632985652473E-05  1.41559694607772828E-07
  874.000000  4.23169972648312012E+02  4.08582498250139793E+02  7.85837186667720999E+00  6.65560380771514914E+00  4.60013573275596110E-02  2.73402940449087237E-02  1.08568541446950990E-04  4.83660320045259257E-05  1.37833954453918214E-07
  876.000000  4.18876237672566845E+02  4.04498595615231693E+02  7.74789678601879217E+00  6.55761306499144681E+00  4.51644750996990363E-02  2.68142210492296473E-02  1.06156376614933905E-04  4.72195825016894511E-05  1.34216917010135947E-07
  878.000000  4.14644003222073138E+02  4.00472448313691643E+02  7.63934420346256982E+00  6.46141526845153802E+00  4.43454220961703519E-02  2.62999749336482319E-02  1.03804959578444981E-04  4.61037728983180011E-05  1.30705103894280188E-07
  880.000000  4.10472153521447467E+02  3.96503020017086328E+02  7.53267444434724176E+00  6.36697138629953763E+00  4.35437641946892218E-02  2.57972519490224199E-02  1.01512583232101489E-04  4.50176922531695073E-05  1.27295157806530998E-07
  882.000000  4.06359597391898433E+02  3.92589297037212305E+02  7.42784878263437243E+00  6.27424337371876017E+00  4.27590791674682044E-02  2.53057571288409430E-02  9.92775934081782728E-05  4.39604594631889912E-05  1.23983837973743410E-07
  884.000000  4.02305267611308864E+02  3.88730287741193706E+02  7.32482941504510698E+00  6.18319414436793124E+00  4.19909563185119281E-02  2.48252040063950234E-02  9.70983870800460870E-05  4.29312221946664198E-05  1.20768015777823408E-07
  886.000000  3.98308120293369996E+02  3.84925021983891554E+02  7.22357943598889207E+00  6.09378754280321910E+00  4.12389961331476457E-02  2.43553143419997509E-02  9.49734106320666258E-05  4.19291558560020794E-05  1.17644670560658717E-07
  888.000000  3.94367134285416682E+02  3.81172550557327327E+02  7.12406281326213620E+00  6.00598831779633091E+00  4.05028099393017274E-02  2.38958178598883894E-02  9.29011581929296322E-05  4.09534626103523071E-05  1.14610885597565782E-07
  890.000000  3.90481310584166067E+02  3.77471944656387507E+02  7.02624436448646783E+00  5.91976209651329732E+00  3.97820195800921428E-02  2.34464519943935468E-02  9.08801700302427852E-05  4.00033704264646380E-05  1.11663844232341299E-07
  892.000000  3.86649671768744724E+02  3.73822295360252554E+02  6.93008973426132080E+00  5.83507535952446243E+00  3.90762570973412146E-02  2.30069616450582701E-02  8.89090310037714076E-05  3.90781321661093700E-05  1.08800826166886825E-07
  894.000000  3.82871261450542306E+02  3.70222713129135570E+02  6.83556537201194558E+00  5.75189541661586290E+00  3.83851644255640209E-02  2.25770989403366075E-02  8.69863690749724579E-05  3.81770247065860377E-05  1.06019203898598778E-07
  896.000000  3.79145143739177399E+02  3.66672327315680320E+02  6.74263851050082597E+00  5.67019038337213388E+00  3.77083930961313110E-02  2.21566230095468844E-02  8.51108538707671730E-05  3.72993480968410957E-05  1.03316439299376663E-07
  898.000000  3.75470402724177120E+02  3.63170285690658659E+02  6.65127714498892075E+00  5.58992915850554262E+00  3.70456039511470464E-02  2.17452997627679556E-02  8.32811952992927742E-05  3.64444247458079685E-05  1.00690080330455554E-07
  900.000000  3.71846141971720726E+02  3.59715753982376896E+02  6.56145001301787811E+00  5.51108140190216478E+00  3.63964668667545801E-02  2.13429016783691049E-02  8.14961422156173414E-05  3.56115986416362845E-05  9.81377578867208285E-08
