# Wavelength || Total || n=1 | n=2 | ...
  300.000000  2.89262954149233565E+03  2.32521586177989366E+03  6.49600289583171815E+01  4.69101893090715237E+02  1.43900497023018126E+01  1.80999905740699347E+01  5.66654591376692163E-01  2.85938064943445869E-01  9.12473071745945920E-03
  302.000000  3.03024953839591853E+03  2.44055011706745472E+03  6.90223594030659626E+01  4.86279979570999274E+02  1.49891019424660250E+01  1.85281562289482586E+01  5.81579710306556641E-01  2.89008351936709651E-01  9.23612074132422294E-03
  304.000000  3.17320009441619186E+03  2.56034939739758147E+03  7.34263660823839643E+01  5.03926002678938005E+02  1.56351298009243251E+01  1.89638706045981351E+01  5.97831800735017849E-01  2.92131211919956613E-01  9.36483911090802042E-03
  306.000000  3.32175243803960620E+03  2.68481452209057625E+03  7.82085377783231621E+01  5.22067582650498821E+02  1.63333218563292810E+01  1.94080848569090101E+01  6.15553690631496009E-01  2.95322657830427937E-01  9.51245850699477570E-03
  308.000000  3.47620014860032416E+03  2.81415987559415635E+03  8.34106377549797458E+01  5.40734964087974504E+02  1.70896345378851144E+01  1.98618460229277041E+01  6.34909687944874790E-01  2.98600107857523112E-01  9.68080659868231740E-03
  310.000000  3.63686150280979973E+03  2.94861435540405091E+03  8.90806499250902419E+01  5.59961307889161844E+02  1.79109336235353531E+01  2.03263116445713088E+01  6.56089619946339742E-01  3.01982688994984871E-01  9.87201444928535905E-03
  312.000000  3.80408220722703936E+03  3.08842240864327141E+03  9.52739297048879052E+01  5.79783039284620600E+02  1.88051675964050737E+01  2.08027679863178179E+01  6.79313812458270716E-01  3.05491622432970178E-01  1.00885766454588705E-02
  314.000000  3.97823860519489745E+03  3.23384516981281195E+03  1.02054612145525979E+02  6.00240265495519111E+02  1.97815814372266736E+01  2.12926528868903375E+01  7.04839273151902646E-01  3.09150717170637190E-01  1.03334266013530782E-02
  316.000000  4.15974147293915485E+03  3.38516171529562280E+03  1.09497345654508933E+02  6.21377280688984229E+02  2.08509821553371886E+01  2.17975846720417472E+01  7.32967431962848082E-01  3.12987008973814262E-01  1.06100317231105010E-02
  318.000000  4.34904055506817713E+03  3.54267045444221503E+03  1.17689440757408121E+02  6.43243181624292561E+02  2.20260710993985214E+01  2.23193991161772836E+01  7.64053916085690843E-01  3.17031597716871394E-01  1.09225148829536437E-02
  320.000000  4.54663003858016600E+03  3.70669068308083115E+03  1.26733552020440527E+02  6.65892625344650583E+02  2.33218632810375617E+01  2.28601972679813237E+01  7.98521013830620352E-01  3.21320760174301612E-01  1.12758112202723058E-02
  322.000000  4.75305523255558001E+03  3.87756433398813397E+03  1.36751050521481034E+02  6.89386771529787325E+02  2.47562212519677445E+01  2.34224082015654567E+01  8.36873737194825496E-01  3.25897452347974681E-01  1.16758731020720034E-02
  324.000000  4.96892081692249303E+03  4.05565797172160546E+03  1.47886298594984140E+02  7.13794468333493455E+02  2.63505415126697109E+01  2.40088726746771393E+01  8.79720769451615925E-01  3.30813373738077121E-01  1.21299418726175442E-02
  326.000000  5.19490116184690396E+03  4.24136509870508689E+03  1.60312114604804151E+02  7.39193764318582112E+02  2.81306465867665842E+01  2.46229567069159465E+01  9.27802150597600517E-01  3.36131860087468703E-01  1.26469140633909283E-02
  328.000000  5.43175342132294645E+03  4.43510886976417532E+03  1.74236823149906428E+02  7.65673864787475168E+02  3.01279583144754746E+01  2.52687090082533068E+01  9.82026427322451823E-01  3.41932027079125622E-01  1.32378442589371533E-02
  330.000000  5.68033440597867411E+03  4.63734536071833008E+03  1.89913440514782337E+02  7.93337705669063780E+02  3.23810617860697789E+01  2.59510844053203797E+01  1.04352138073677803E+00  3.48314853412741265E-01  1.39166509577000833E-02
  332.000000  5.94162270050065672E+03  4.84856761629215998E+03  2.07651769812557319E+02  8.22305404838158097E+02  3.49378217444895895E+01  2.66762696007406710E+01  1.11370471924462633E+00  3.55412359790530485E-01  1.47011335163245941E-02
  334.000000  6.21674821328545386E+03  5.06931083777879485E+03  2.27834512320325132E+02  8.52718992142816660E+02  3.78582966717042382E+01  2.74521729931124874E+01  1.19438500141907933E+00  3.63401893447271140E-01  1.56144838337851071E-02
  336.000000  6.50703251408788583E+03  5.30015930734231824E+03  2.50939001457784315E+02  8.84749058184748264E+02  4.12188328125866406E+01  2.82891875523561964E+01  1.28790997407130270E+00  3.72529143430598342E-01  1.66876205910548511E-02
  338.000000  6.81404526934676505E+03  5.54175606862172663E+03  2.77566935498062321E+02  9.18604381139193265E+02  4.51179543113668160E+01  2.92014275673241563E+01  1.39739253954145304E+00  3.83146703865919591E-01  1.79629656836265243E-02
  340.000000  7.13968545444203846E+03  5.79481712858208175E+03  3.08485702723480188E+02  9.54546360124783632E+02  4.96850830867407467E+01  3.02088267838762761E+01  1.52707061611964523E+00  3.95781612666581073E-01  1.95009122891857262E-02
  342.000000  7.48630183835707430E+03  6.06015303872917684E+03  3.44686873091461734E+02  9.92911572692991626E+02  5.50939065295384083E+01  3.13408835245626811E+01  1.68291239826862071E+00  4.11259711263037342E-01  2.13916798100798194E-02
  344.000000  7.85687579215761161E+03  6.33870038577836658E+03  3.87470563310379077E+02  1.03414891610633549E+03  6.15837734627713189E+01  3.26437287188954954E+01  1.87369814081192088E+00  4.30947925899520523E-01  2.37787141520274803E-02
  346.000000  8.25529085994343041E+03  6.63155028152104751E+03  4.38567629617463467E+02  1.07888567809591746E+03  6.94958246868432354E+01  3.41942699747789902E+01  2.11300810083009782E+00  4.57260105137820227E-01  2.69078414087375387E-02
  348.000000  8.68667236996299835E+03  6.93988625272825448E+03  5.00309426391246689E+02  1.12806082116134576E+03  7.93384866254487378E+01  3.61294369650112088E+01  2.42180545283176718E+00  4.94953946499125941E-01  3.11866923596941757E-02
  350.000000  9.15773128989955148E+03  7.26461844125314565E+03  5.75854541120640988E+02  1.18324132833663884E+03  9.19134918813480368E+01  3.86882944676739129E+01  2.82439024412737449E+00  5.54137093382411572E-01  3.66655025909957757E-02
  352.000000  9.67717922891323906E+03  7.60545393607078950E+03  6.69596950542453669E+02  1.24749485606501662E+03  1.08499784901379769E+02  4.20966712277151061E+01  3.35687674625249777E+00  6.37073005253664393E-01  4.30803543761377333E-02
  354.000000  1.02574004724253737E+04  7.95958220559032543E+03  7.87846810670961531E+02  1.32761003808234022E+03  1.31134411910923518E+02  4.63440399121371485E+01  4.11890383909483582E+00  7.11416007791603966E-01  5.26464117988286323E-02
  356.000000  1.09284208338899516E+04  8.32983660291172964E+03  9.40182527594688281E+02  1.43531189157755216E+03  1.63717123836113473E+02  5.31759646442522040E+01  5.30102805936894761E+00  8.26918600169396223E-01  6.87766660774197930E-02
  358.000000  1.17147855295321679E+04  8.71161385878398687E+03  1.14271664355484540E+03  1.57784258187530827E+03  2.09697098462375919E+02  6.47413305137809800E+01  7.00920807314660088E+00  1.07234249726019426E+00  9.24657714622506566E-02
  360.000000  1.25644509552161689E+04  9.09135763970918924E+03  1.42369157748665748E+03  1.70949679092121141E+03  2.56321437447374194E+02  7.38563357758308427E+01  8.36088143038154463E+00  1.25826030257042865E+00  1.08032142953669821E-01
  362.000000  1.35130394188070095E+04  9.50902102286575973E+03  1.82336451231145884E+03  1.79986872592190343E+03  2.96387661629192451E+02  7.42606011410130975E+01  8.82112916366646616E+00  1.20948151623835876E+00  1.06284257775432739E-01
  364.000000  1.47600082423191161E+04  9.99164045292083574E+03  2.40321079670473637E+03  1.91703952654197997E+03  3.62168908886767213E+02  7.47436138580142142E+01  9.94942604438573319E+00  1.14363479202011886E+00  1.11882570376452550E-01
  366.000000  1.64927668685294666E+04  1.05362754964271280E+04  3.28191148587786211E+03  2.10297178245281611E+03  4.77820775640764509E+02  7.99462285035440061E+01  1.25354837092069573E+01  1.17076733301542757E+00  1.34848585130237203E-01
  368.000000  1.90033473007840767E+04  1.11642158575271314E+04  4.66706786157945771E+03  2.39113882070982936E+03  6.70945102623347225E+02  9.13352789370835012E+01  1.71559248444408503E+01  1.30876890525586331E+00  1.79685657535829768E-01
  370.000000  2.27528420218593419E+04  1.19313862947892903E+04  6.85733065090081527E+03  2.84182757641550870E+03  9.84197091713709028E+02  1.11484542915424498E+02  2.47722806717277280E+01  1.58864387340071511E+00  2.54940579467447859E-01
  372.000000  2.79536380082933392E+04  1.29154513254170379E+04  9.89843530768124765E+03  3.53037675286130434E+03  1.42777913900852218E+03  1.43632318359273398E+02  3.55501640834605652E+01  2.05185641373576777E+00  3.61144468762759130E-01
  374.000000  3.24995998023423672E+04  1.40131736623895958E+04  1.21754050065191623E+04  4.31070302198295030E+03  1.77401177318347482E+03  1.79489142483430157E+02  4.38135364381669774E+01  2.56324645970737564E+00  4.40412885877975169E-01
  376.000000  3.16584534851924618E+04  1.46714410715185059E+04  1.08391560577880518E+04  4.32630130793065837E+03  1.60274316494548862E+03  1.76606036144969295E+02  3.93296343400909620E+01  2.48449025309550864E+00  3.91722271597014005E-01
  378.000000  2.69466731804106566E+04  1.48889735463992274E+04  7.36907633779629941E+03  3.41935792512437183E+03  1.11117973865974000E+03  1.28946943837187490E+02  2.71254978649307645E+01  1.74526268256665862E+00  2.67928046334530934E-01
  380.000000  2.32289369438667854E+04  1.51944466971787060E+04  4.57648125606492249E+03  2.64355999689071086E+03  7.07685610752914499E+02  8.82687957365745604E+01  1.72039006216217558E+01  1.12206229462097729E+00  1.68624326716209499E-01
  382.000000  2.13292689680172189E+04  1.56866563510402666E+04  2.86231293548702570E+03  2.24512755181705234E+03  4.56991344149590816E+02  6.62173694696889754E+01  1.10745751479195551E+01  7.81071318803422399E-01  1.07769586868552217E-01
  384.000000  2.06024199408970162E+04  1.63105852768155255E+04  1.84785166751440602E+03  2.07339265514697763E+03  3.07195243766903900E+02  5.52874725626878742E+01  7.42891214204454187E+00  6.06904390573310026E-01  7.18085578987514850E-02
  386.000000  2.05421150164978608E+04  1.70262807766830883E+04  1.22882784545866593E+03  2.01626653811769393E+03  2.15038816994051473E+02  4.99397079842746479E+01  5.19546032537505731E+00  5.15963623902618296E-01  4.99073108042394076E-02
  388.000000  2.08737448196801961E+04  1.78138645342172786E+04  8.33743665466278571E+02  2.01861236419692523E+03  1.55812822490520233E+02  4.74422400114096305E+01  3.76599750288269197E+00  4.67226641213970062E-01  3.59691536890141619E-02
  390.000000  2.14542551308587645E+04  1.86639854717358830E+04  5.70220192253168875E+02  2.05419029245548427E+03  1.16091809435092628E+02  4.64882014546275286E+01  2.81133919048042236E+00  4.41111649854496746E-01  2.67126841707878218E-02
  392.000000  2.22072110743120247E+04  1.95724141146693255E+04  3.87343182583030568E+02  2.11000493823527995E+03  8.84255757440783583E+01  4.64257137925317025E+01  2.14935918624299127E+00  4.27859826858333292E-01  2.03302746810123114E-02
  394.000000  2.30901729443960903E+04  2.05374467053202534E+04  2.55915692371010550E+02  2.17926954861348577E+03  6.85164304781890650E+01  4.69111869338250642E+01  1.67526671221498336E+00  4.22328225634478360E-01  1.57857414720938491E-02
  396.000000  2.40786489496612849E+04  2.15586198649182988E+04  1.58484740607190957E+02  2.25824889250177603E+03  5.37816456463059396E+01  4.77534570907254761E+01  1.32623375328236448E+00  4.21655199643309053E-01  1.24599440658589543E-02
  398.000000  2.51579477204433133E+04  2.26360185203166766E+04  8.42045646121233773E+01  2.34477837040121403E+03  4.26084024952707097E+01  4.88406147455560884E+01  1.06311274540748757E+00  4.24166790123443604E-01  9.96833693945617036E-03
  400.000000  2.63188390326184162E+04  2.37698574572156977E+04  2.60959443114229579E+01  2.43753011579793065E+03  3.39541629148866022E+01  5.01037996958406850E+01  8.60652126851879862E-01  4.28836915953906161E-01  8.06363983090815049E-03
  402.000000  2.75551112739041164E+04  2.49601901657120216E+04 -2.04728810852846763E+01  2.53562794138268328E+03  2.71240738865254762E+01  5.14983286693273001E+01  7.02056505368750194E-01  4.35006957494260604E-01  6.58187598123047626E-03
  404.000000  2.88621076543355884E+04  2.62066746908085661E+04 -5.86593693340091562E+01  2.63843311460069162E+03  2.16423673911083831E+01  5.29933576824728192E+01  5.75848838051782552E-01  4.42233026011093155E-01  5.41132269364528757E-03
  406.000000  3.02357836304740122E+04  2.75083611784024724E+04 -9.06651771451390829E+01  2.74541749248719361E+03  1.71755214286027247E+01  5.45659443441276579E+01  4.73997847406377626E-01  4.50199086791658931E-01  4.47402255630088234E-03
  408.000000  3.16720491559876100E+04  2.88634830583193980E+04 -1.18052558626005265E+02  2.85608309020280467E+03  1.34849445597861806E+01  5.61974759291755177E+01  3.90765645088783808E-01  4.58665530292799495E-01  3.71442706940675093E-03
  410.000000  3.31662703004676150E+04  3.02692432306455921E+04 -1.41941195272870431E+02  2.96990726502510461E+03  1.03970702452587673E+01  5.78714210271650984E+01  3.21978974618664870E-01  4.67437597833994689E-01  3.09222490931808543E-03
  412.000000  3.47128633401696716E+04  3.17215926025512126E+04 -1.63131338543805015E+02  3.08630269140639803E+03  7.78405131232687975E+00  5.95718530000011555E+01  2.64557373138132046E-01  4.76345369727743717E-01  2.57770066994395365E-03
  414.000000  3.63049473653065143E+04  3.32150028885964857E+04 -1.82179216612279845E+02  3.20458654584112719E+03  5.55111926503278053E+00  6.12824470048359800E+01  2.16201766135471429E-01  4.85230777686364023E-01  2.14866749725682506E-03
  416.000000  3.79340415399832709E+04  3.47422397037751216E+04 -1.99439394472710234E+02  3.32395624563132696E+03  3.62828203372753944E+00  6.29857893183369484E+01  1.75186181009790026E-01  4.93939111241603723E-01  1.78840521097433031E-03
  418.000000  3.95898066219673346E+04  3.62941461014135930E+04 -2.15082206184865811E+02  3.44347083573941791E+03  1.96496037299255266E+00  6.46629150184804331E+01  1.40217748175890305E-01  5.02313601775530305E-01  1.48425776897959734E-03
  420.000000  4.12598401933885107E+04  3.78594510587613768E+04 -2.29090606606262156E+02  3.56203823910136134E+03  5.26704381001343203E-01  6.62930354468722953E+01  1.10343325332517589E-01  5.10192304701793886E-01  1.22667412852462136E-03
  422.000000  4.29295425363511968E+04  3.94246221829256829E+04 -2.41239163880446057E+02  3.67840933497029573E+03 -7.06565825705826267E-01  6.78534440014610425E+01  8.48887364906861092E-02  5.17406870056219437E-01  1.00855335679162763E-03
  424.000000  4.45820754609900687E+04  4.09737874954698564E+04 -2.51058755779635590E+02  3.79118031774111159E+03 -1.74122928431817181E+00  6.93196044306166215E+01  6.34206128587204154E-02  5.23783001371733392E-01  8.24798205900891565E-04
  426.000000  4.61984392641292798E+04  4.24887584106897120E+04 -2.57795129601267547E+02  3.89880505204882456E+03 -2.57003844097104750E+00  7.06654330877092605E+01  4.57218372678672436E-02  5.29142507288522856E-01  6.72000719673467050E-04
  428.000000  4.77576925689168784E+04  4.39491962358958262E+04 -2.60379879469749596E+02  3.99961917951019768E+03 -3.17237867224607051E+00  7.18637869445231274E+01  3.17696472450715792E-02  5.33306878559873576E-01  5.48182512535710302E-04
  430.000000  4.92373350996486697E+04  4.53329781620083741E+04 -2.57449978856862629E+02  4.09187752083645591E+03 -3.51602287086260201E+00  7.28871630644078010E+01  2.17006818169438835E-02  5.36102290847831453E-01  4.52494496636649565E-04
  432.000000  5.06138636148126025E+04  4.66168312122062343E+04 -2.47473136268783037E+02  4.17380575885311373E+03 -3.56231484233772644E+00  7.37086026290082259E+01  1.57416259353052868E-02  5.37365850934544143E-01  3.84758503013626809E-04
  434.000000  5.18634958902357612E+04  4.77772962546926501E+04 -2.29043902674073422E+02  4.24366622590549468E+03 -3.27684203244500738E+00  7.43027726087109954E+01  1.40842156165168816E-02  5.36952777394507197E-01  3.44742408373820207E-04
  436.000000  5.29630375774071290E+04  4.87920227754023726E+04 -2.01373440381198009E+02  4.29983539439675951E+03 -2.64609815321271302E+00  7.46471691782743676E+01  1.67017563343330802E-02  5.34744042462302338E-01  3.31165340237489405E-04
  438.000000  5.38908446856002556E+04  4.96412451239840084E+04 -1.64868697165770897E+02  4.34088709020758415E+03 -1.69632664895382290E+00  7.47233496250751443E+01  2.31511041970375898E-02  5.30653817597336319E-01  3.40676513683725699E-04
  440.000000  5.46278153284360233E+04  5.03090925436096950E+04 -1.21519167574073521E+02  4.36567146732667788E+03 -5.05044709591422558E-01  7.45180640211137586E+01  3.24625020702425243E-02  5.24635917850596378E-01  3.67342281395247050E-04
  442.000000  5.51583335573392833E+04  5.07843142796190368E+04 -7.47492394921971197E+01  4.37337837858072089E+03  8.05669885232755845E-01  7.40241483814280343E+01  4.32287381096719200E-02  5.16688435204100793E-01  4.03191733842135885E-04
  444.000000  5.54710871702463410E+04  5.10602456183753166E+04 -2.86350324831558893E+01  4.36357782224609491E+03  2.09648012072794332E+00  7.32410780522972829E+01  5.39081268791264251E-02  5.06855967780212469E-01  4.39840397046874644E-04
  446.000000  5.55596871683298741E+04  5.11342930890709977E+04  1.31757485452784433E+01  4.33623771666649282E+03  3.24656334045971828E+00  7.21751477247199347E+01  6.32033351620479994E-02  4.95229214688623465E-01  4.70432069586874523E-04
  448.000000  5.54230271391148490E+04  5.10074512462149796E+04  4.82807934721168621E+01  4.29172376115181487E+03  4.17929217425721689E+00  7.08392942535046757E+01  7.03189511479115903E-02  4.81942013811020531E-01  4.90883210531405795E-04
  450.000000  5.50653400944343884E+04  5.06841453271899227E+04  7.57474592035343335E+01  4.23078429644503376E+03  4.86775835622354869E+00  6.92525873603851778E+01  7.49998513529183675E-02  4.67166056227689641E-01  4.99971695223635376E-04
  452.000000  5.44959412037637085E+04  5.01722988662322168E+04  9.58307952960687572E+01  4.15451920379812600E+03  5.32392538867311682E+00  6.74394107524023241E+01  7.74001015818711335E-02  4.51103618768814996E-01  4.98575869439762173E-04
  454.000000  5.37286820030046292E+04  4.94833395193860488E+04  1.09488507948045779E+02  4.06433140085462082E+03  5.58183484580499556E+00  6.54283755273677770E+01  7.78969480519533380E-02  4.33978820526069786E-01  4.88674165853037498E-04
  456.000000  5.27811745297332964E+04  4.86319393807447050E+04  1.17944977150844920E+02  3.96186260527443028E+03  5.68308577849205498E+00  6.32510444375378285E+01  7.69357179552370984E-02  4.16028089615575358E-01  4.72539715339850841E-04
  458.000000  5.16738648425779102E+04  4.76354587724663652E+04  1.22406360633773900E+02  3.84891860220546187E+03  5.66765494765461586E+00  6.09405745228815334E+01  7.49349191833694334E-02  3.97490618974132903E-01  4.52263617208451506E-04
  460.000000  5.04290424649286942E+04  4.65131804030580388E+04  1.23919775472385140E+02  3.72739104738960168E+03  5.56957430028289924E+00  5.85303918232467666E+01  7.22437855522879285E-02  3.78599546415953281E-01  4.29553178890624643E-04
  462.000000  4.90698670786622097E+04  4.52854569304849865E+04  1.23329610661636082E+02  3.59918264630157955E+03  5.41578140427308519E+00  5.60529966239599347E+01  6.91330484088372305E-02  3.59574438274183339E-01  4.05699087995826425E-04
  464.000000  4.76194795572247313E+04  4.39728803966258929E+04  1.21285679834992465E+02  3.46614110813735806E+03  5.22660366531564780E+00  5.35389697011457457E+01  6.58021951768052449E-02  3.40615441683774112E-01  3.81623171161370384E-04
  466.000000  4.61002450239808459E+04  4.25955492416592751E+04  1.18272696473755815E+02  3.33000534705847349E+03  5.01687091139851127E+00  5.10162180752168553E+01  6.23926011684223583E-02  3.21899249196755999E-01  3.57952355501498388E-04
  468.000000  4.45331548109220603E+04  4.11724754430556932E+04  1.14644361671354233E+02  3.19236550167153246E+03  4.79712240275654267E+00  4.85094691313388680E+01  5.90010703745543971E-02  3.03576827273197847E-01  3.35091731750700324E-04
  470.000000  4.29373950687668257E+04  3.97211473799028608E+04  1.10654489852869204E+02  3.05463674626633383E+03  4.57467691981410507E+00  4.60399982897644620E+01  5.56915317572202195E-02  2.85772717273320043E-01  3.13286152896917101E-04
  472.000000  4.13300743953635974E+04  3.82572446388772878E+04  1.06482622755822504E+02  2.91804569539258591E+03  4.35449650550774692E+00  4.36255592254094253E+01  5.25043088712428621E-02  2.68585629957797001E-01  2.92668164882550535E-04
  474.000000  3.97260921333691513E+04  3.67944885457950877E+04  1.02253961311231222E+02  2.78362747453631391E+03  4.13984843461114682E+00  4.12804768643830968E+01  4.94631159438390436E-02  2.52090017988933934E-01  2.73293593414745321E-04
  476.000000  3.81381229140924333E+04  3.53446055104841289E+04  9.80543767642882784E+01  2.65223119520146975E+03  3.93279707102888665E+00  3.90158609072093228E+01  4.65801819722950275E-02  2.36338315148757389E-01  2.55167188095653573E-04
  478.000000  3.65766909187750643E+04  3.39173779532973058E+04  9.39414938201664711E+01  2.52453154774225413E+03  3.73456234443585711E+00  3.68398998155767359E+01  4.38599314295415807E-02  2.21363563172315647E-01  2.38260725929589971E-04
  480.000000  3.50503081988175109E+04  3.25207583259372259E+04  8.99527748131972942E+01  2.40104441360807004E+03  3.54577780382028296E+00  3.47582003416482479E+01  4.13015930480091220E-02  2.07182194908735268E-01  2.22525594250196361E-04
  482.000000  3.35656541981154369E+04  3.11610243899025700E+04  8.61113728728843455E+01  2.28214471048193764E+03  3.36667485856866389E+00  3.27741442717980789E+01  3.89010304365769444E-02  1.93796795824215107E-01  2.07901419889534926E-04
  484.000000  3.21277774325570681E+04  2.98429575360763774E+04  8.24303508570214944E+01  2.16808504607168015E+03  3.19721355152782305E+00  3.08892409454260637E+01  3.66520157438661939E-02  1.81198717383638436E-01  1.94321907177346954E-04
  486.000000  3.07403043917597861E+04  2.85700298264925696E+04  7.89157140140694224E+01  2.05901411650307773E+03  3.03717494169478863E+00  2.91034605202013488E+01  3.45471082974689661E-02  1.69370461148952128E-01  1.81718725110785337E-04
  488.000000  2.94056446498502955E+04  2.73445891529905057E+04  7.55685858959507613E+01  1.95499411037657478E+03  2.88622606727251352E+00  2.74155384517876755E+01  3.25782547544599399E-02  1.58287789406557383E-01  1.70024041416195272E-04
  490.000000  2.81251846203673267E+04  2.61680351712082411E+04  7.23867670579547138E+01  1.85601665273854906E+03  2.74396538519747502E+00  2.58232460651226319E+01  3.07371937717447509E-02  1.47921546370986395E-01  1.59172124394401829E-04
  492.000000  2.68994652365017610E+04  2.50409813638176129E+04  6.93658495129726020E+01  1.76201703939683489E+03  2.60995433503643648E+00  2.43236254208728759E+01  2.90157239641549436E-02  1.38239194163807977E-01  1.49100307015590839E-04
  494.000000  2.57283410623583113E+04  2.39634006974140539E+04  6.65000114206160902E+01  1.67288667372616942E+03  2.48373905397810768E+00  2.29131890363150781E+01  2.74058766087108725E-02  1.29206081050767307E-01  1.39749518393242551E-04
  496.000000  2.46111199910167052E+04  2.29347539081608084E+04  6.37825814930657486E+01  1.58848373213268474E+03  2.36486510984538745E+00  2.15880865662462078E+01  2.59000222853606361E-02  1.20786467243775786E-01  1.31064525068493829E-04
  498.000000  2.35466838426462891E+04  2.19541005589645429E+04  6.12064374560386639E+01  1.50864215920926836E+03  2.25288729292558410E+00  2.03442414602470443E+01  2.44909319824265920E-02  1.12944337304234754E-01  1.22993980716080644E-04
  500.000000  2.25335909341800725E+04  2.10201937430216203E+04  5.87642848767867463E+01  1.43317913798514428E+03  2.14737591995055999E+00  1.91774610501081426E+01  2.31718070908387107E-02  1.05644029019064306E-01  1.15490352316611263E-04
  502.000000  2.15701621419577677E+04  2.01315597499579890E+04  5.64488497491533892E+01  1.36190120243407978E+03  2.04792068588535292E+00  1.80835236249358573E+01  2.19362884114699362E-02  9.88507075400447827E-02  1.08509769550079233E-04
  504.000000  2.06545522009845154E+04  1.92865642369016532E+04  5.42530089548684131E+01  1.29460916521752847E+03  1.95413280206977436E+00  1.70582459339615937E+01  2.07784512702397887E-02  9.25307113368706163E-02  1.02011829342886341E-04
  506.000000  1.97848080461442914E+04  1.84834665204687990E+04  5.21698760551441225E+01  1.23110202882351336E+03  1.86564594746010215E+00  1.60975343046290860E+01  1.96927916994390564E-02  8.66517936689551321E-02  9.59593771904019801E-05
  508.000000  1.89589159551538105E+04  1.77204635767468244E+04  5.01928550656368557E+01  1.17118003688776048E+03  1.78211640863256982E+00  1.51974222393268068E+01  1.86742071363796280E-02  8.11832802173282214E-02  9.03182797097418574E-05
  510.000000  1.81748391407861563E+04  1.69957252429874352E+04  4.83156713996087461E+01  1.11464700752899807E+03  1.70322267608962430E+00  1.43540970023057284E+01  1.77179740262306505E-02  7.60961604904731304E-02  8.50571979091969743E-05
  512.000000  1.74305472905419847E+04  1.63074219847632812E+04  4.65323866526621046E+01  1.06131207408182559E+03  1.62866468701933020E+00  1.35639173580814933E+01  1.68197239643666438E-02  7.13631277818689708E-02  8.01473672209055565E-05
  514.000000  1.67240393864786165E+04  1.56537464456251782E+04  4.48374020792966093E+01  1.01099094207114081E+03  1.55816284909793512E+00  1.28234242921368597E+01  1.59754194834775438E-02  6.69585798969692808E-02  7.55623879781676654E-05
  516.000000  1.60533609703073325E+04  1.50329298461239341E+04  4.32254542839385252E+01  9.63506755516504768E+02  1.49145694006044383E+00  1.21293462440322646E+01  1.51813302169172583E-02  6.28585906184644522E-02  7.12780284000959457E-05
  518.000000  1.54166168581387337E+04  1.44432541540594375E+04  4.16916056814946216E+01  9.18690651190142830E+02  1.42830494909017136E+00  1.14786001166731673E+01  1.44340099074240988E-02  5.90408599446550983E-02  6.72720410527977467E-05
  520.000000  1.48119801606606561E+04  1.38830608131147401E+04  4.02312315749997254E+01  8.76382066523001072E+02  1.36848190551998039E+00  1.08682890943549069E+01  1.37302745469258577E-02  5.54846495006884460E-02  6.35239930264024891E-05
  522.000000  1.42376983306694929E+04  1.33507566952286270E+04  3.88400051803838195E+01  8.36428855524981259E+02  1.31177872555697395E+00  1.02956981048693574E+01  1.30671818055780268E-02  5.21707081593468444E-02  6.00151095934090215E-05
  524.000000  1.36920968417385084E+04  1.28448178342440206E+04  3.75138815489635604E+01  7.98687257321829748E+02  1.25800109718103004E+00  9.75828759477619556E+00  1.24420118208087554E-02  4.90811917858030647E-02  5.67281308152655105E-05
  526.000000  1.31735809990740818E+04  1.23637914043720921E+04  3.62490810613316725E+01  7.63021753599642125E+02  1.20696841585289794E+00  9.25368614852115989E+00  1.18522493579089529E-02  4.61995801063528264E-02  5.36471803882934172E-05
  528.000000  1.26806362954375400E+04  1.19062963261597233E+04  3.50420729620912113E+01  7.29304844251528721E+02  1.15851277832146415E+00  8.77968236795235590E+00  1.12955673144848143E-02  4.35105929635620156E-02  5.07576459268232880E-05
  530.000000  1.22118276500967022E+04  1.14710228138161747E+04  3.38895592570664093E+01  6.97416764684674718E+02  1.11247803807793444E+00  8.33421633549419916E+00  1.07698115161393576E-02  4.10001076307954584E-02  4.80460698448487093E-05
  532.000000  1.17657978056331340E+04  1.10567311196360497E+04  3.27884591857354195E+01  6.67245163414181889E+02  1.06871892342161479E+00  7.91537090856861170E+00  1.02729867356720402E-02  3.86550783921207827E-02  4.55000499978909471E-05
  534.000000  1.13412651046724968E+04  1.06622496826070637E+04  3.17358944031998433E+01  6.38684754601691679E+02  1.02710021732045709E+00  7.52136303198070788E+00  9.80324385989119959E-03  3.64634592272590000E-02  4.31081492712646956E-05
  536.000000  1.09370208247480259E+04  1.02864728477812769E+04  3.07291749494829354E+01  6.11636956955723349E+02  9.87495997105272694E-01  7.15053520634377637E+00  9.35886812487402714E-03  3.44141301565099658E-02  4.08598133399523910E-05
  538.000000  1.05519262132836484E+04  9.92835828947530172E+03  2.97657860427534438E+01  5.86009527781046245E+02  9.49788931273031323E-01  6.80134721205387649E+00  8.93826834015689665E-03  3.24968275816892513E-02  3.87452958730404666E-05
  540.000000  1.01849093349353989E+04  9.58692424379620206E+03  2.88433757050303150E+01  5.61716198844494784E+02  9.13869630262742705E-01  6.47236815800060317E+00  8.53996702450977342E-03  3.07020787929720915E-02  3.67555905069571711E-05
  542.000000  9.83496181918795992E+03  9.26124663339249491E+03  2.79597432089189297E+01  5.38676319023733754E+02  8.79636047841845792E-01  6.16226890053416376E+00  8.16259137911979835E-03  2.90211406871699155E-02  3.48823689646188021E-05
  544.000000  9.50113557631233198E+03  8.95045614892589583E+03  2.71128283199360851E+01  5.16814507351284192E+02  8.46992929667438443E-01  5.86981485994244689E+00  7.80486502818200471E-03  2.74459426517007603E-02  3.31179247490473111E-05
  546.000000  9.18253953375688434E+03  8.65373533681961089E+03  2.63007013011517650E+01  4.96060318993667806E+02  8.15851305635196367E-01  5.59385924773262566E+00  7.46560046147036385E-03  2.59690335030717673E-02  3.14551218901386578E-05
  548.000000  8.87833643212610332E+03  8.37031573078020665E+03  2.55215536407355259E+01  4.76347925863147225E+02  7.86128022724107089E-01  5.33333670750013500E+00  7.14369211810825504E-03  2.45835323233797240E-02  2.98873482699694027E-05
  550.000000  8.58773970954554352E+03  8.09947505490063941E+03  2.47736894606867040E+01  4.57615812903106587E+02  7.57745315192102309E-01  5.08725736438287957E+00  6.83811005541870749E-03  2.32830830085072674E-02  2.84084730958344531E-05
  552.000000  8.31001049495205370E+03  7.84053451840593334E+03  2.40555175638021943E+01  4.39806490581416085E+02  7.30630409157923766E-01  4.85470127246236061E+00  6.54789415140737303E-03  2.20618123236809988E-02  2.70128081309490322E-05
  554.000000  8.04445472430861082E+03  7.59285621595322209E+03  2.33655440759452020E+01  4.22866223740017972E+02  7.04715158784713802E-01  4.63481324552224194E+00  6.27214879357048272E-03  2.09142912529729115E-02  2.56950723295605712E-05
  556.000000  7.79042038859767581E+03  7.35584064254366876E+03  2.27023656420367850E+01  4.06744776658764863E+02  6.79935711477590576E-01  4.42679805392975645E+00  6.01003801097170064E-03  1.98354994268620903E-02  2.44503595574572312E-05
  558.000000  7.54729491842885091E+03  7.12892432829983227E+03  2.20646631354901572E+01  3.91395173977534739E+02  6.56232199693116414E-01  4.22991596876560028E+00  5.76078101020824872E-03  1.88207924143453768E-02  2.32741091095344308E-05
  560.000000  7.31450270700341389E+03  6.91157759542069653E+03  2.14511958428285325E+01  3.76773476967450563E+02  6.33548457146521193E-01  4.04347863346132286E+00  5.52364807950348358E-03  1.78658716719225265E-02  2.21620787642201104E-05
  562.000000  7.09150277081053446E+03  6.70330243736291413E+03  2.08607960875233545E+01  3.62838574535713065E+02  6.11831757377403140E-01  3.86684524290902631E+00  5.29795682831756768E-03  1.69667569499691064E-02  2.11103201397248557E-05
  564.000000  6.87778654565671877E+03  6.50363051859037841E+03  2.02923642591070639E+01  3.49551988279430816E+02  5.91032572800724298E-01  3.69941901014575159E+00  5.08306873288874583E-03  1.61197609667585139E-02  2.01151561401174469E-05
  566.000000  6.67287581433242394E+03  6.31212129197378181E+03  1.97448642161269383E+01  3.36877690863528471E+02  5.71104352527530112E-01  3.54064390116569294E+00  4.87838596083602864E-03  1.53214661710764696E-02  1.91731602997035995E-05
  568.000000  6.47632076128734025E+03  6.12836023000541536E+03  1.92173190334647828E+01  3.24781936978982742E+02  5.52003317383227388E-01  3.39000161907938757E+00  4.68334845037746313E-03  1.45687034254900726E-02  1.82811378528442689E-05
  570.000000  6.28769814905767726E+03  5.95195716536476175E+03  1.87088070669896851E+01  3.13233106135794856E+02  5.33688270687675548E-01  3.24700881965862775E+00  4.49743122200683184E-03  1.38585324535828482E-02  1.74361083730800755E-05
  572.000000  6.10660961078304535E+03  5.78254473595177296E+03  1.82184583103236584E+01  3.02201556555154184E+02  5.16120423482097301E-01  3.11121454121426266E+00  4.32014190250955971E-03  1.31882239055509075E-02  1.66352898404167014E-05
  574.000000  5.93268005293849274E+03  5.61977692926973486E+03  1.77454510206599743E+01  2.91659489444936469E+02  4.99263233005382390E-01  2.98219783272231664E+00  4.15101844301482038E-03  1.25552429073528364E-02  1.58760840092928306E-05
  576.000000  5.76555616231645035E+03  5.46332772092097275E+03  1.72890085921817942E+01  2.81580822967833001E+02  4.83082253323028399E-01  2.85956556509359316E+00  3.98962701450181201E-03  1.19572339689172774E-02  1.51560629617857402E-05
  578.000000  5.60490501132508143E+03  5.31288980197706678E+03  1.68483966575655124E+01  2.71941075241711133E+02  4.67544997110484806E-01  2.74295041146865071E+00  3.83556006566678756E-03  1.13920071367447050E-02  1.44729567417280916E-05
  580.000000  5.45041275577062333E+03  5.16817339005123176E+03  1.64229203995745365E+01  2.62717255744301212E+02  4.52620807678151049E-01  2.63200898338205658E+00  3.68843452944160903E-03  1.08575252854801584E-02  1.38246419751699674E-05
  582.000000  5.30178341945019474E+03  5.02890511902322032E+03  1.60119220559437174E+01  2.53887764528309560E+02  4.38280740402148705E-01  2.52642011057112414E+00  3.54789016568958764E-03  1.03518924516892499E-02  1.32091313915837992E-05
  584.000000  5.15873776008912409E+03  4.89482700253696567E+03  1.56147786026365658E+01  2.45432298687904392E+02  4.24497452803637321E-01  2.42588325309937414E+00  3.41358802874446683E-03  9.87334312114379088E-03  1.26245641681164152E-05
  586.000000  5.02101221138372784E+03  4.76569546658192030E+03  1.52308996014338369E+01  2.37331765551845422E+02  4.11245102581831612E-01  2.33011703531160874E+00  3.28520904948252125E-03  9.42023238840085722E-03  1.20691970265662343E-05
  588.000000  4.88835789615892099E+03  4.64128044668175608E+03  1.48597251988919936E+01  2.29568202112341481E+02  3.98499252960588080E-01  2.23885789193789719E+00  3.16245272248807073E-03  8.99102691437556924E-03  1.15413960190039770E-05
  590.000000  4.76053970591141024E+03  4.52136454544024127E+03  1.45007242652124511E+01  2.22124700231631095E+02  3.86236784776405773E-01  2.15185881741706808E+00  3.04503588979317032E-03  8.58429661399222506E-03  1.10396289441472246E-05
  592.000000  4.63733544226578670E+03  4.40574224641824912E+03  1.41533926619420196E+01  2.14985337199531500E+02  3.74435814769592701E-01  2.06888821021023706E+00  2.93269161335133139E-03  8.19870701185263819E-03  1.05624583415084083E-05
  594.000000  4.51853501613517165E+03  4.29421918054784692E+03  1.38172516289589531E+01  2.08135111245360036E+02  3.63075619600479682E-01  1.98972880453099399E+00  2.82516812913461953E-03  7.83301220925032224E-03  1.01085350155041340E-05
  596.000000  4.40393970063118832E+03  4.18661144151339158E+03  1.34918462812854720E+01  2.01559881635967685E+02  3.52136565139511137E-01  1.91417668252519646E+00  2.72222787633391236E-03  7.48604841078678081E-03  9.67659204565353893E-06
  598.000000  4.29336143401609661E+03  4.08274494674883772E+03  1.31767442077530159E+01  1.95246313018380761E+02  3.41600040631131419E-01  1.84204036049538922E+00  2.62364659575246850E-03  7.15672796335677531E-03  9.26543924319468501E-06
  600.000000  4.18662216923172218E+03  3.98245484091629805E+03  1.28715341636094251E+01  1.89181823690861080E+02  3.31448397353460822E-01  1.77313994328612279E+00  2.52921249192683203E-03  6.84403386439938477E-03  8.87395801773768495E-06
  602.000000  4.08355326676405957E+03  3.88558493893019750E+03  1.25758248502275798E+01  1.83354537509523624E+02  3.21664891436901357E-01  1.70730634142371174E+00  2.43872545403965926E-03  6.54701470006844189E-03  8.50109662097392593E-06
  604.000000  3.98399492782553261E+03  3.79198720579159726E+03  1.22892437753034471E+01  1.77753239159884913E+02  3.12233630525150796E-01  1.64438054604804873E+00  2.35199633106150489E-03  6.26477997742150641E-03  8.14586573714194909E-06
  606.000000  3.88779566503673232E+03  3.70152127067562378E+03  1.20114361877323343E+01  1.72367332542896662E+02  3.03139523992595028E-01  1.58421295707777676E+00  2.26884625696751208E-03  5.99649581784911234E-03  7.80733439275113104E-06
  608.000000  3.79481180799162939E+03  3.61405397289712255E+03  1.17420640816188691E+01  1.67186802044376634E+02  2.94368236454460586E-01  1.52666276042663251E+00  2.18910602221681619E-03  5.74138098183351979E-03  7.48462616031149670E-06
  610.000000  3.70490704126532364E+03  3.52945893753646442E+03  1.14808052644562295E+01  1.62202176474046496E+02  2.85906144326651124E-01  1.47159735042859485E+00  2.11261548798891965E-03  5.49870319771664142E-03  7.17691563305319125E-06
  612.000000  3.61795197260173518E+03  3.44761617866850338E+03  1.12273524848147943E+01  1.57404495477022692E+02  2.77740295212846100E-01  1.41889179394677312E+00  2.03922303998382024E-03  5.26777576953609689E-03  6.88342514953153063E-06
  614.000000  3.53382372917409748E+03  3.36841172827754008E+03  1.09814126152671339E+01  1.52785278235507008E+02  2.69858369913379692E-01  1.36842833292766319E+00  1.96878507882603361E-03  5.04795444114036328E-03  6.60342174878158342E-06
  616.000000  3.45240557996555663E+03  3.29173728908071871E+03  1.07427058866940790E+01  1.48336494292592675E+02  2.62248646867810353E-01  1.32009592242859664E+00  1.90116554437422518E-03  4.83863449576551509E-03  6.33621433839299589E-06
  618.000000  3.37358658245407196E+03  3.21748990960601441E+03  1.05109651702317795E+01  1.44050536342886488E+02  2.54899968856512726E-01  1.27378980138771714E+00  1.83623547144645596E-03  4.63924807204239408E-03  6.08115105920373507E-06
  620.000000  3.29726125191704705E+03  3.14557167998947170E+03  1.02859353036743215E+01  1.39920194846600026E+02  2.47801711802482866E-01  1.22941109362822210E+00  1.77387257467356385E-03  4.44926167903450086E-03  5.83761683176985256E-06
  622.000000  3.22332925179340918E+03  3.07588944706740767E+03  1.00673724590900555E+01  1.35938634334808455E+02  2.40943755524252290E-01  1.18686643679271842E+00  1.71396086037643876E-03  4.26817389439376142E-03  5.60503107096528379E-06
  624.000000  3.15169510365154429E+03  3.00835454743923674E+03  9.85504354895054746E+00  1.32099371283621906E+02  2.34316456304747039E-01  1.14606763708914583E+00  1.65639026352237340E-03  4.09551323107079732E-03  5.38284555610719205E-06
  626.000000  3.08226791541832654E+03  2.94288255727377464E+03  9.64872566802527132E+00  1.28396253444465941E+02  2.27910621149581050E-01  1.10693134790155567E+00  1.60105630797723292E-03  3.93083615925269355E-03  5.17054244511742037E-06
  628.000000  3.01496112661981488E+03  2.87939305771815634E+03  9.44820556868087991E+00  1.24823440526191703E+02  2.21717483619272182E-01  1.06937877047470375E+00  1.54785978840691241E-03  3.77372527132134464E-03  4.96763242209717815E-06
  630.000000  2.94969226947503148E+03  2.81780941485115591E+03  9.25327916730657662E+00  1.21375386132712507E+02  2.15728681127098365E-01  1.03333537502515038E+00  1.49670647229889898E-03  3.62378757865072830E-03  4.77365296854165067E-06
  632.000000  2.88638274476794959E+03  2.75805857319867346E+03  9.06375107979929595E+00  1.18046820867191698E+02  2.09936233604718442E-01  9.98730640763094146E-01  1.44750682071259455E-03  3.48065292999559994E-03  4.58816674922349721E-06
  634.000000  2.82495761149901637E+03  2.70007086189847359E+03  8.87943418416953278E+00  1.14832736520474128E+02  2.04332523441938613E-01  9.65497813428944807E-01  1.40017572645064771E-03  3.34397254207352036E-03  4.41076010446111912E-06
  636.000000  2.76534538939061440E+03  2.64377981266778306E+03  8.70014920847031448E+00  1.11728371267740698E+02  1.98910276616721421E-01  9.33573679059692130E-01  1.35463226845557280E-03  3.21341763372143220E-03  4.24104164111366536E-06
  638.000000  2.70747787338614853E+03  2.58912198878666641E+03  8.52572434245138666E+00  1.08729195803015784E+02  1.93662544936687553E-01  9.02898352800741266E-01  1.31079948132945988E-03  3.08867815571529144E-03  4.07864091532150711E-06
  640.000000  2.65128995934435079E+03  2.53603682436666486E+03  8.35599487128293994E+00  1.05830900346458236E+02  1.88582689317805946E-01  8.73415081671926607E-01  1.26860413894121053E-03  2.96946160898950299E-03  3.92320720041885424E-06
  642.000000  2.59671948018711873E+03  2.48446647322559647E+03  8.19080283010340970E+00  1.03029382464198946E+02  1.83664364034484245E-01  8.45070060281331026E-01  1.22797655118175126E-03  2.85549194458373711E-03  3.77440833409713453E-06
  644.000000  2.54370705181204994E+03  2.43435566673796575E+03  8.02999667783207904E+00  1.00320735644976367E+02  1.78901501875486563E-01  8.17812258558753613E-01  1.18885037297546928E-03  2.74650853918555161E-03  3.63192963920992182E-06
  646.000000  2.49219592812918381E+03  2.38565158007405353E+03  7.87343098927345153E+00  9.77012385819168259E+01  1.74288300150436143E-01  7.91593260652092234E-01  1.15116242474641605E-03  2.64226524063024010E-03  3.49547291315625823E-06
  648.000000  2.44213186462695649E+03  2.33830370628271930E+03  7.72096616416279335E+00  9.51673451116309224E+01  1.69819207490383511E-01  7.66367114195932730E-01  1.11485252357433119E-03  2.54252947817195556E-03  3.36475548106922264E-06
  650.000000  2.39346298991481399E+03  2.29226373771142107E+03  7.57246815220172209E+00  9.27156747663107978E+01  1.65488911392602273E-01  7.42090189222044394E-01  1.07986332434238490E-03  2.44708143275333082E-03  3.23950930844089204E-06
  652.000000  2.34613968472629676E+03  2.24748545429016713E+03  7.42780819304975459E+00  9.03430038976677139E+01  1.61292326462972313E-01  7.18721046036466915E-01  1.04614017022099863E-03  2.35571326287715424E-03  3.11948016912286373E-06
  654.000000  2.30011446790581476E+03  2.20392461824227348E+03  7.28686257036796015E+00  8.80462573346594155E+01  1.57224583312465999E-01  6.96220311439860629E-01  1.01363095189165356E-03  2.26822838203342807E-03  3.00442686496211044E-06
  656.000000  2.25534188893222017E+03  2.16153887481190941E+03  7.14951237907020243E+00  8.58225005395806022E+01  1.53281018066941915E-01  6.74550562713698842E-01  9.82285974943488413E-04  2.18444078394882009E-03  2.89412049356519551E-06
  658.000000  2.21177842656524808E+03  2.12028765862874070E+03  7.01564330490828247E+00  8.36689322297175266E+01  1.49457162451590214E-01  6.53676218838715850E-01  9.52057834915869157E-04  2.10417441221881019E-03  2.78834376098137743E-06
  660.000000  2.16938239322804156E+03  2.08013210535458211E+03  6.88514541577266215E+00  8.15828774340584886E+01  1.45748734416537573E-01  6.33563438451287819E-01  9.22901299512001415E-04  2.02726257114780890E-03  2.68689033630942002E-06
  662.000000  2.12811384476666217E+03  2.04103496828255152E+03  6.75791296385809837E+00  7.95617809567659577E+01  1.42151629269166524E-01  6.14180024080372089E-01  8.94773197522007722E-04  1.95354737486849684E-03  2.58956424544994258E-06
  664.000000  2.08793449525082542E+03  2.00296053958028460E+03  6.63384419821836158E+00  7.76032012210724531E+01  1.38661911283490452E-01  5.95495332240877029E-01  8.67632314039510125E-04  1.88287923203475302E-03  2.49617930141988239E-06
  666.000000  2.04880763650355902E+03  1.96587457589052110E+03  6.51284118692937053E+00  7.57048044691470920E+01  1.35275805757305467E-01  5.77480188990640686E-01  8.41439291577402446E-04  1.81511636358952120E-03  2.40655856883912464E-06
  668.000000  2.01069806206837916E+03  1.92974422802130152E+03  6.39480964840412724E+00  7.38643592951743102E+01  1.31989691490720151E-01  5.60106810586637693E-01  8.16156536717598273E-04  1.75012435129797274E-03  2.32053386036954402E-06
  670.000000  1.97357199534178812E+03  1.89453797447564648E+03  6.27965879132118321E+00  7.20797314904647948E+01  1.28800093661324278E-01  5.43348728902353084E-01  7.91748131955534603E-04  1.68777571490999478E-03  2.23794526302341937E-06
  672.000000  1.93739702161795026E+03  1.86022555858814667E+03  6.16730116261880834E+00  7.03488791809105720E+01  1.25703677072254771E-01  5.27180721292765608E-01  7.68179752421792425E-04  1.62794951597676377E-03  2.15864069242965808E-06
  674.000000  1.90214202380837969E+03  1.82677792905039223E+03  6.05765250314656445E+00  6.86698482384242794E+01  1.22697239751690848E-01  5.11578744615597270E-01  7.45418587180077643E-04  1.57053098649266522E-03  2.08247547326846014E-06
  676.000000  1.86777712161515092E+03  1.79416718362163829E+03  5.95063161047832079E+00  6.70407679492563204E+01  1.19777706882672835E-01  4.96519873138208556E-01  7.23433264830021950E-04  1.51541118066903825E-03  2.00931194419212454E-06
  678.000000  1.83427361395148546E+03  1.76236651583505659E+03  5.84616020857603136E+00  6.54598469232776949E+01  1.16942125045868719E-01  4.81982240078837165E-01  7.02193783155117732E-04  1.46248664827180325E-03  1.93901908570856474E-06
  680.000000  1.80160392441651220E+03  1.73135016452199284E+03  5.74416282380140419E+00  6.39253692293717393E+01  1.14187656754975692E-01  4.67944982548427590E-01  6.81671442570853784E-04  1.41165912806917202E-03  1.87147216955114289E-06
  682.000000  1.76974154964310583E+03  1.70109336598746131E+03  5.64456666703782250E+00  6.24356907430648249E+01  1.11511575270535290E-01  4.54388189675485943E-01  6.61838783151444615E-04  1.36283526004132328E-03  1.80655242821175083E-06
  684.000000  1.73866101035077236E+03  1.67157230868242641E+03  5.54730152147664679E+00  6.09892356934970721E+01  1.08911259673778280E-01  4.41292853711903466E-01  6.42669525020676249E-04  1.31592631510242379E-03  1.74414674336777451E-06
  686.000000  1.70833780494483130E+03  1.64276409022660005E+03  5.45229963586597943E+00  5.95844933976446711E+01  1.06384190189138708E-01  4.28640823931226544E-01  6.24138511913173845E-04  1.27084794117424908E-03  1.68414735204146113E-06
  688.000000  1.67874836551438693E+03  1.61464667664611989E+03  5.35949562281507230E+00  5.82200151705359374E+01  1.03927943738063952E-01  4.16414763144095201E-01  6.06221657715653203E-04  1.22751992453449003E-03  1.62645156938342406E-06
  690.000000  1.64987001609061554E+03  1.58719886369851292E+03  5.26882636195908383E+00  5.68944114009396955E+01  1.01540189713768228E-01  4.04598106667468038E-01  5.88895895820678900E-04  1.18586596543934840E-03  1.57096152707834013E-06
  692.000000  1.62168093303538581E+03  1.56040024016526831E+03  5.18023090770173145E+00  5.56063487826743099E+01  9.92186859638451574E-02  3.93175023595255690E-01  5.72139131126823638E-04  1.14581346709049592E-03  1.51758392640731063E-06
  694.000000  1.59416010743915831E+03  1.53423115300056406E+03  5.09365040127272817E+00  5.43545476923622246E+01  9.69612749692926601E-02  3.82130380228500710E-01  5.55930194536683581E-04  1.10729333708259868E-03  1.46622980508522364E-06
  696.000000  1.56728730941366530E+03  1.50867267423063254E+03  5.00902798687249184E+00  5.31377797050037302E+01  9.47658802091467245E-02  3.71449705532471086E-01  5.40248799804922170E-04  1.07023980052723842E-03  1.41681431702933686E-06
  698.000000  1.54104305417320666E+03  1.48370656950595753E+03  4.92630873172031869E+00  5.19548652393472068E+01  9.26305027010754373E-02  3.61119158497230031E-01  5.25075502609303091E-04  1.03459022410598567E-03  1.36925652429550503E-06
  700.000000  1.51540856980374224E+03  1.45931526821336661E+03  4.84543954979015723E+00  5.08046713254992781E+01  9.05532177086466050E-02  3.51125497286132016E-01  5.10391661716926384E-04  1.00028495035623765E-03  1.32347920045148915E-06
  702.000000  1.49036576662608695E+03  1.43548183506177020E+03  4.76636912896135989E+00  4.96861094877339937E+01  8.85321716046306439E-02  3.41456050064517957E-01  4.96179402122347594E-04  9.67267141541950856E-04  1.27940864469265823E-06
  704.000000  1.46589720806498349E+03  1.41218994306003879E+03  4.68904786157287212E+00  4.85981337358921479E+01  8.65655788848051638E-02  3.32098687407949622E-01  4.82421580058415710E-04  9.35482632505670736E-04  1.23697450608897491E-06
  706.000000  1.44198608294099859E+03  1.38942384781059877E+03  4.61342777805549797E+00  4.75397386591748656E+01  8.46517193221597436E-02  3.23041796195786046E-01  4.69101749767662324E-04  9.04879791939181910E-04  1.19610961734429890E-06
  708.000000  1.41861617910757172E+03  1.36716836304707749E+03  4.53946248353219683E+00  4.65099576165320769E+01  8.27889352545437135E-02  3.14274254902158490E-01  4.56204131937660001E-04  8.75409391548472309E-04  1.15674983752347009E-06
  710.000000  1.39577185835957107E+03  1.34540883734802924E+03  4.46710709725334709E+00  4.55078610181867020E+01  8.09756289992470818E-02  3.05785410201895480E-01  4.43713583712291378E-04  8.47024482623572007E-04  1.11883390321513752E-06
  712.000000  1.37343803254552336E+03  1.32413113196417089E+03  4.39631819478010755E+00  4.45325546932163689E+01  7.92102603882838957E-02  2.97565054814562580E-01  4.31615570192627916E-04  8.19680279557555096E-04  1.08230328765524241E-06
  714.000000  1.35160014081771442E+03  1.30332159969857048E+03  4.32705375255545821E+00  4.35831783383687466E+01  7.74913444160512249E-02  2.89603406514276684E-01  4.19896137339842033E-04  7.93334049888094772E-04  1.04710206732657173E-06
  716.000000  1.33024412796022693E+03  1.28296706478422311E+03  4.25927309506282814E+00  4.26589040436330365E+01  7.58174489965283971E-02  2.81891088237927023E-01  4.08541886214237198E-04  7.67945010464431534E-04  1.01317679563192966E-06
  718.000000  1.30935642373695759E+03  1.26305480370572104E+03  4.19293684420723523E+00  4.17589348903243760E+01  7.41871928223115512E-02  2.74419109228397129E-01  3.97539948471728433E-04  7.43474229367912512E-04  9.80476383218450602E-07
  720.000000  1.28892392320624549E+03  1.24357252691574513E+03  4.12800687085015028E+00  4.08825036177271812E+01  7.25992433207845317E-02  2.67178847153611121E-01  3.86877963050902252E-04  7.19884533239314311E-04  9.48951984576831483E-07
  722.000000  1.26893396795127774E+03  1.22450836139932494E+03  4.06444624851360281E+00  4.00288713545597261E+01  7.10523147030293900E-02  2.60162031145778960E-01  3.76544053991418790E-04  6.97140419688457879E-04  9.18556890566737869E-07
  724.000000  1.24937432817784384E+03  1.20585083404129909E+03  4.00221920896797112E+00  3.91973264117381035E+01  6.95451661001931926E-02  2.53360725708597856E-01  3.66526809317274107E-04  6.75207974482419171E-04  8.89246426524733368E-07
  726.000000  1.23023318563538487E+03  1.18758885575618069E+03  3.94129109977982628E+00  3.83871831331654221E+01  6.80765997833870234E-02  2.46767315443690544E-01  3.56815260936561710E-04  6.54054793229084139E-04  8.60977855648899472E-07
  728.000000  1.21149911731790189E+03  1.16971170634040254E+03  3.88162834358650510E+00  3.75977808014169810E+01  6.66454594624328045E-02  2.40374490550187753E-01  3.47398865495930414E-04  6.33649907289976890E-04  8.33710287358469956E-07
  730.000000  1.19316107990549244E+03  1.15220902001060585E+03  3.82319839914564996E+00  3.68284825954214199E+01  6.52506286605383512E-02  2.34175233054516319E-01  3.38267486149107467E-04  6.13963713674214699E-04  8.07404590359169727E-07
  732.000000  1.17520839490798585E+03  1.13507077159248115E+03  3.76596972394248075E+00  3.60786745973656409E+01  6.38910291597701435E-02  2.28162803729758668E-01  3.29411375181070071E-04  5.94967908680378186E-04  7.82023310143368321E-07
  734.000000  1.15763073447568900E+03  1.11828726332774932E+03  3.70991173839200750E+00  3.53477648462529217E+01  6.25656195150765121E-02  2.22330729666713273E-01  3.20821157455937391E-04  5.76635425068662924E-04  7.57530590691758524E-07
  736.000000  1.14041810784315771E+03  1.10184911226783015E+03  3.65499479149515327E+00  3.46351824356593738E+01  6.12733936328740403E-02  2.16672792460786495E-01  3.12487814634332991E-04  5.58940372558625184E-04  7.33892100134850091E-07
  738.000000  1.12356084837432854E+03  1.08574723822490523E+03  3.60119012791095638E+00  3.39403766533929669E+01  6.00133794113974009E-02  2.11183016981183719E-01  3.04402670130453628E-04  5.41857981461175541E-04  7.11074960167404594E-07
  740.000000  1.10704960117913242E+03  1.06997285225276323E+03  3.54846985637838008E+00  3.32628161608887112E+01  5.87846374396419555E-02  2.05855660690782871E-01  2.96557374764673369E-04  5.25364549265153061E-04  6.89047679004913046E-07
  742.000000  1.09087531127320585E+03  1.05451744563122770E+03  3.49680691938015409E+00  3.26019882102959073E+01  5.75862597518045707E-02  2.00685203486984487E-01  2.88943893078858968E-04  5.09437390010049600E-04  6.67780087690493066E-07
  744.000000  1.07502921225366777E+03  1.03937277932907455E+03  3.44617506408283480E+00  3.19573978973194102E+01  5.64173686355385687E-02  1.95666338035505566E-01  2.81554490282438503E-04  4.94054786286690010E-04  6.47243279578359285E-07
  746.000000  1.05950281546602696E+03  1.02453087392248449E+03  3.39654881440148637E+00  3.13285674480071279E+01  5.52771154903532944E-02  1.90793960570846161E-01  2.74381719793898992E-04  4.79195943717597797E-04  6.27409552811721355E-07
  748.000000  1.04428789963792769E+03  1.00998399994648798E+03  3.34790344420023001E+00  3.07150355377549005E+01  5.41646797344269154E-02  1.86063162138583066E-01  2.67418411351163262E-04  4.64840947777653128E-04  6.08252355645977425E-07
  750.000000  1.02937650095723848E+03  9.95724668658666701E+02  3.30021495151754385E+00  3.01163566409122119E+01  5.30792677573720673E-02  1.81469220256155361E-01  2.60657659660479474E-04  4.50970722824223789E-04  5.89746234457397839E-07
  752.000000  1.01476090357318560E+03  9.81745623195292978E+02  3.25346003387458049E+00  2.95321004094572217E+01  5.20201119171470674E-02  1.77007590970130468E-01  2.54092813558986813E-04  4.37566993213846418E-04  5.71866784301134697E-07
  754.000000  1.00043363049967991E+03  9.68039830100760923E+02  3.20761606446857384E+00  2.89618510792804003E+01  5.09864695780962440E-02  1.72673901289144394E-01  2.47717465663025555E-04  4.24612246389742640E-04  5.54590601877191821E-07
  756.000000  9.86387434902448604E+02  9.54600471213146648E+02  3.16266106937438529E+00  2.84052069027291907E+01  4.99776221896591488E-02  1.68463941973054393E-01  2.41525442480900257E-04  4.12089697831837160E-04  5.37895240784876039E-07
  758.000000  9.72615291751063523E+02  9.41420935888522536E+02  3.11857370556509705E+00  2.78617796061018232E+01  4.89928744025532464E-02  1.64373660659769216E-01  2.35510794966551463E-04  3.99983257766863432E-04  5.21759168940257216E-07
  760.000000  9.59110389818962290E+02  9.28494813548278444E+02  3.07533323982576867E+00  2.73311938708734345E+01  4.80315532214925581E-02  1.60399155312367703E-01  2.29667789490950014E-04  3.88277499542559739E-04  5.06161728045692765E-07
  762.000000  9.45866124015140485E+02  9.15815886534425772E+02  3.03291952843945856E+00  2.68130868375006379E+01  4.70930071923926150E-02  1.56536667970120613E-01  2.23990899214211476E-04  3.76957629575603323E-04  4.91083095006002424E-07
  764.000000  9.32876088031868107E+02  9.03378123258309188E+02  2.99131299768769132E+00  2.63071076307015197E+01  4.61766056229462804E-02  1.52782578787843515E-01  2.18474795836233010E-04  3.66009458788024049E-04  4.76504245188655630E-07
  766.000000  9.20134067293771864E+02  8.91175671629236376E+02  2.95049462505080262E+00  2.58129169051773104E+01  4.52817378342864688E-02  1.49133400348967021E-01  2.13114341708730952E-04  3.55419375452047429E-04  4.62406917432802982E-07
  768.000000  9.07634032194557790E+02  8.79202852750242755E+02  2.91044592115894440E+00  2.53301864107989374E+01  4.44078124433620047E-02  1.45585772238515626E-01  2.07904582292580954E-04  3.45174319367940255E-04  4.48773580721118936E-07
  770.000000  8.95370131607943676E+02  8.67454154868620208E+02  2.87114891238041370E+00  2.48585985763229722E+01  4.35542566737310635E-02  1.42136455862889838E-01  2.02840738941150052E-04  3.35261757303675825E-04  4.35587402422470279E-07
  772.000000  8.83336686660258579E+02  8.55924227569514301E+02  2.83258612409707355E+00  2.43978461107551503E+01  4.27205156939366656E-02  1.38782329504099800E-01  1.97918201997085072E-04  3.25669659629416791E-04  4.22832218032285489E-07
  774.000000  8.71528184752968855E+02  8.44607876201790987E+02  2.79474056457048592E+00  2.39476316215335103E+01  4.19060519823142366E-02  1.35520383596807847E-01  1.93132524186478478E-04  3.16386478083757739E-04  4.10492502331849551E-07
  776.000000  8.59939273823738745E+02  8.33500056525550576E+02  2.75759570942655197E+00  2.35076672487355509E+01  4.11103447168212344E-02  1.32347716217111527E-01  1.88479414295375725E-04  3.07401124612083462E-04  3.98553341892912885E-07
  778.000000  8.48564756835265484E+02  8.22595869571335356E+02  2.72113548672610683E+00  2.30776743145593635E+01  4.03328891892136068E-02  1.29261528772623147E-01  1.83954731118345398E-04  2.98702951220917545E-04  3.87000408863712411E-07
  780.000000  8.37399586481630422E+02  8.11890556701589162E+02  2.68534426252055791E+00  2.26573829873667520E+01  3.95731962415712055E-02  1.26259121883967512E-01  1.79554477662885410E-04  2.90281730795269115E-04  3.75819935968670229E-07
  782.000000  8.26438860102713988E+02  8.01379494865481774E+02  2.65020682700690013E+00  2.22465319596182951E+01  3.88307917255809876E-02  1.23337891448359091E-01  1.75274795600649519E-04  2.82127638829022143E-04  3.64998692664888854E-07
  784.000000  8.15677814797196902E+02  7.91058192038424181E+02  2.61570838114031190E+00  2.18448681390538262E+01  3.81052159822102068E-02  1.20495324876380025E-01  1.71111959951871840E-04  2.74231236021106140E-04  3.54523962392839693E-07
  786.000000  8.05111822725518437E+02  7.80922282838209981E+02  2.58183452374953948E+00  2.14521463525141876E+01  3.73960233420393140E-02  1.17728997493594029E-01  1.67062373994537048E-04  2.66583451692946479E-04  3.44383520872022723E-07
  788.000000  7.94736386594452938E+02  7.70967524310087583E+02  2.54857123909710959E+00  2.10681290618267738E+01  3.67027816444674207E-02  1.15036569099052952E-01  1.63122564385893490E-04  2.59175567985110277E-04  3.34565615387847373E-07
  790.000000  7.84547135315390051E+02  7.61189791873389140E+02  2.51590488490574193E+00  2.06925860912061381E+01  3.60250717755719388E-02  1.12415780673165211E-01  1.59289176487615198E-04  2.51999204793368012E-04  3.25058945019813647E-07
  792.000000  7.74539819828710733E+02  7.51585075422685463E+02  2.48382218079659634E+00  2.03252943656493805E+01  3.53624872235998797E-02  1.09864451227804014E-01  1.55558969885587510E-04  2.45046305406640093E-04  3.15852641766968386E-07
  794.000000  7.64710309087168639E+02  7.42149475576878558E+02  2.45231019714182219E+00  1.99660376598318052E+01  3.47146336513686621E-02  1.07380474791894373E-01  1.51928814094820649E-04  2.38309122811320112E-04  3.06936252526307605E-07
  796.000000  7.55054586191380622E+02  7.32879200069838589E+02  2.42135634430758628E+00  1.96146063570328124E+01  3.40811284848476434E-02  1.04961817526069603E-01  1.48395684441160437E-04  2.31780206628408482E-04  2.98299721880750164E-07
  798.000000  7.45568744670984074E+02  7.23770560276602737E+02  2.39094836227609830E+00  1.92707972176455336E+01  3.34616005172429440E-02  1.02606514960332115E-01  1.44956658113153640E-04  2.25452390651749782E-04  2.89933375661268315E-07
  800.000000  7.36248984905154202E+02  7.14819967869297784E+02  2.36107431061677397E+00  1.89344131568435401E+01  3.28556895279780437E-02  1.00312669348929198E-01  1.41608910373821999E-04  2.19318780957303115E-04  2.81827905240910570E-07
  802.000000  7.27091610676778032E+02  7.06023931597433375E+02  2.33172255885731161E+00  1.86052630310042666E+01  3.22630459161114200E-02  9.80784471370098054E-02  1.38349710928924305E-04  2.13372744555132666E-04  2.73974352531296250E-07
  804.000000  7.18093025854404800E+02  6.97379054187248357E+02  2.30288177709195718E+00  1.82831614325004921E+01  3.16833303469580274E-02  9.59020765338373382E-02  1.35176420440321997E-04  2.07607898557158428E-04  2.66364095641338767E-07
  806.000000  7.09249731196816128E+02  6.88882029355131635E+02  2.27454092701220967E+00  1.79679284924964513E+01  3.11162134123773269E-02  9.37818451876499676E-02  1.32086487182490973E-04  2.02018099835291228E-04  2.58988835172785272E-07
  808.000000  7.00558321275015032E+02  6.80529638930446481E+02  2.24668925318876322E+00  1.76593896913997739E+01  3.05613753031502913E-02  9.17160979574817431E-02  1.29077443832075026E-04  1.96597435145840464E-04  2.51840581117697770E-07
  810.000000  6.92015481506782635E+02  6.72318750083179566E+02  2.21931627466496195E+00  1.73573756766390623E+01  3.00185054938421521E-02  8.97032347775122280E-02  1.26146904387866782E-04  1.91340211697429193E-04  2.44911640332967547E-07
  812.000000  6.83617985299117436E+02  6.64246312652080292E+02  2.19241177683680988E+00  1.70617220874480893E+01  2.94873024387557574E-02  8.77417086096966420E-02  1.23292561212339863E-04  1.86240948140743658E-04  2.38194604560522110E-07
  814.000000  6.75362691294152683E+02  6.56309356569212014E+02  2.16596580359057445E+00  1.67722693863597598E+01  2.89674732792420293E-02  8.58300234806948781E-02  1.20512182192185018E-04  1.81294365959736720E-04  2.31682338971462145E-07
  816.000000  6.67246540714360890E+02  6.48504989376969434E+02  2.13996864975152823E+00  1.64888626971217320E+01  2.84587335618430026E-02  8.39667325992689284E-02  1.17803608011527380E-04  1.76495381244833673E-04  2.25367971207716127E-07
  818.000000  6.59266554802901510E+02  6.40830393833815833E+02  2.11441085371734916E+00  1.62113516487604308E+01  2.79608069660953057E-02  8.21504365505270479E-02  1.15164749532053716E-04  1.71839096829784119E-04  2.19244880897157171E-07
  820.000000  6.51419832355374524E+02  6.33282825605136736E+02  2.08928319041015076E+00  1.59395902255346531E+01  2.74734250428246667E-02  8.03797815635755170E-02  1.12593585278047501E-04  1.67320794774732237E-04  2.13306689622906629E-07
  822.000000  6.43703547339147121E+02  6.25859611035780631E+02  2.06457666439196252E+00  1.56734366225284294E+01  2.69963269612278102E-02  7.86534578492811415E-02  1.10088159017965279E-04  1.62935929178948855E-04  2.07547251321713049E-07
  824.000000  6.36114946596916297E+02  6.18558145001073513E+02  2.04028250326534666E+00  1.54127531066495944E+01  2.65292592653928183E-02  7.69701980050523649E-02  1.07646577442585480E-04  1.58680119307601605E-04  2.01960643095815460E-07
  826.000000  6.28651347630990699E+02  6.11375888833106274E+02  2.01639215126304450E+00  1.51574058828062714E+01  2.60719756393638716E-02  7.53287754836519940E-02  1.05267007932842893E-04  1.54549143017653412E-04  1.96541156416202976E-07
  828.000000  6.21310136465163282E+02  6.04310368319379791E+02  1.99289726304162840E+00  1.49072649650477125E+01  2.56242366805908457E-02  7.37280031232254579E-02  1.02947676414070997E-04  1.50538930468786195E-04  1.91283288700429800E-07
  830.000000  6.14088765581108987E+02  5.97359171770920057E+02  1.96978969770382495E+00  1.46622040524629664E+01  2.51858096813019870E-02  7.21667317358590105E-02  1.00686865293868544E-04  1.46645558105971339E-04  1.86181735248161553E-07
  832.000000  6.06984751926342710E+02  5.90519948157155341E+02  1.94706151298903363E+00  1.44221004096429137E+01  2.47564684176840716E-02  7.06438487521057340E-02  9.84829114791963152E-05  1.42865242900961032E-04  1.81231381516941106E-07
  834.000000  5.99995674990845032E+02  5.83790405304824048E+02  1.92470495967183464E+00  1.41868347515150415E+01  2.43359929464821816E-02  6.91582769190313834E-02  9.63342044697873231E-05  1.39194336840607933E-04  1.76427295724840802E-07
  836.000000  5.93119174949929175E+02  5.77168308158701734E+02  1.90271247611995120E+00  1.39562911323787677E+01  2.39241694084904796E-02  6.77089730494875308E-02  9.42391845244471579E-05  1.35629321650603002E-04  1.71764721762104471E-07
  838.000000  5.86352950870546579E+02  5.70651477101495630E+02  1.88107668304185105E+00  1.37303568389659176E+01  2.35207898391628749E-02  6.62949268203745501E-02  9.21963408970502221E-05  1.32166803743694749E-04  1.67239072400599285E-07
  840.000000  5.79694758978544201E+02  5.64237786330601693E+02  1.85979037841208283E+00  1.35089222873614112E+01  2.31256519857196731E-02  6.49151596177840184E-02  9.02042101406678526E-05  1.28803509382030974E-04  1.62845922787097991E-07
  842.000000  5.73142410984846720E+02  5.57925162289895638E+02  1.83884653252029318E+00  1.32918809236379545E+01  2.27385591304047029E-02  6.35687234270469748E-02  8.82613744746222104E-05  1.25536280043864412E-04  1.58581004206067469E-07
  844.000000  5.66693772467888266E+02  5.51711582153963946E+02  1.81823828322664971E+00  1.30791291280436504E+01  2.23593199200270432E-02  6.22546997657234813E-02  8.63664602139196594E-05  1.22362067985167915E-04  1.54440198101346541E-07
  846.000000  5.60346761310488432E+02  5.45595072363212807E+02  1.79795893131704432E+00  1.28705661226117236E+01  2.19877482013207982E-02  6.09721986577554317E-02  8.45181362578149332E-05  1.19277931987383620E-04  1.50419530345691624E-07
  848.000000  5.54099346188931690E+02  5.39573707207664256E+02  1.77800193604915346E+00  1.26660938820484468E+01  2.16236628617882364E-02  5.97203576470068526E-02  8.27151126348575600E-05  1.16281033282775455E-04  1.46515165745536564E-07
  850.000000  5.47949545112259557E+02  5.33645607457661754E+02  1.75836091080568746E+00  1.24656170477732271E+01  2.12668876762246509E-02  5.84983408485463818E-02  8.09561391023768089E-05  1.13368631649382243E-04  1.42723402771327474E-07
  852.000000  5.41895424010033594E+02  5.27808939039828147E+02  1.73902961889911678E+00  1.22690428449859432E+01  2.09172511581294310E-02  5.73053380360870543E-02  7.92400037981208689E-05  1.10538081667937378E-04  1.39040668504391994E-07
  854.000000  5.35935095366625205E+02  5.22061911756474046E+02  1.72000196950258943E+00  1.20762810026433716E+01  2.05745864164750270E-02  5.61405637640709637E-02  7.75655319421247278E-05  1.07786829133468088E-04  1.35463513789132854E-07
  856.000000  5.30066716900308734E+02  5.16402778046853086E+02  1.70127201370653913E+00  1.18872436762283922E+01  2.02387310170166479E-02  5.50032565229479839E-02  7.59315845862495136E-05  1.05112407614649410E-04  1.31988608582961041E-07
  858.000000  5.24288490285567036E+02  5.10829831788797208E+02  1.68283394068308234E+00  1.17018453732067496E+01  1.99095268483149290E-02  5.38926779262821898E-02  7.43370574099043891E-05  1.02512435154340442E-04  1.28612737493705899E-07
  860.000000  5.18598659916905262E+02  5.05341407139085959E+02  1.66468207401074753E+00  1.15200028810641300E+01  1.95868199925570523E-02  5.28081119283619199E-02  7.27808795606959825E-05  9.99846111050250330E-05  1.25332795499528680E-07
  862.000000  5.12995511712819848E+02  4.99935877411401293E+02  1.64681086804805510E+00  1.13416351978277135E+01  1.92704606001320930E-02  5.17488640710701345E-02  7.12620125364523955E-05  9.75267130931992094E-05  1.22145783838616425E-07
  864.000000  5.07477371958217645E+02  4.94611653990148795E+02  1.62921490447749084E+00  1.11666634649716823E+01  1.89603027688389943E-02  5.07142607587946007E-02  6.97794491089227640E-05  9.51365941069928550E-05  1.19048806066262984E-07
  866.000000  5.02042606184030888E+02  4.89367185279079706E+02  1.61188888891413584E+00  1.09950109026189313E+01  1.86562044268515498E-02  4.97036485602484618E-02  6.83322122861636461E-05  9.28121797016270378E-05  1.16039064267978558E-07
  868.000000  4.96689618082737923E+02  4.84200955683457437E+02  1.59482764763873086E+00  1.08266027469525046E+01  1.83580272196661384E-02  4.87163935361095007E-02  6.69193543130557566E-05  9.05514653175742203E-05  1.13113855425595827E-07
  870.000000  4.91416848458277400E+02  4.79111484624388311E+02  1.57802612440902434E+00  1.06613661897480956E+01  1.80656364005759920E-02  4.77518805914091196E-02  6.55399557069658337E-05  8.83525137064407860E-05  1.10270567925920421E-07
  872.000000  4.86222774209375530E+02  4.74097325584365706E+02  1.56147937739630271E+00  1.04992303199533108E+01  1.77789007250159017E-02  4.68095128517036566E-02  6.41931243297285737E-05  8.62134524599673160E-05  1.07506678210095863E-07
  874.000000  4.81105907344797060E+02  4.69157065182697011E+02  1.54518257617384536E+00  1.03401260672302673E+01  1.74976923480528908E-02  4.58887110620320657E-02  6.28779944911284327E-05  8.41324716375962332E-05  1.04819747553419885E-07
  876.000000  4.76064794029688869E+02  4.64289322279971600E+02  1.52913099883477632E+00  1.01839861473943110E+01  1.72218867254561002E-02  4.49889130077867558E-02  6.15937260861020822E-05  8.21078214884296000E-05  1.02207418973532888E-07
  878.000000  4.71098013661694893E+02  4.59492747110398966E+02  1.51332002916651787E+00  1.00307450096735540E+01  1.69513625178255578E-02  4.41095729565944422E-02  6.03395037616647473E-05  8.01378102634677392E-05  9.96674142598309115E-08
  880.000000  4.66204177975859693E+02  4.54766020441055730E+02  1.49774515392694108E+00  9.88033878572301916E+00  1.66860014978538716E-02  4.32501611203806660E-02  5.91145361139142861E-05  7.82208021142715484E-05  9.71975311189601797E-08
  882.000000  4.61381930177268316E+02  4.50107852757100488E+02  1.48240196017698689E+00  9.73270524032781381E+00  1.64256884605808694E-02  4.24101631368166351E-02  5.79180549133965331E-05  7.63552150743542510E-05  9.47956404320621642E-08
  884.000000  4.56629944100610487E+02  4.45516983472140112E+02  1.46728613273588016E+00  9.58778372373534538E+00  1.61703111366054142E-02  4.15890795693912574E-02  5.67493143581632270E-05  7.45395191197988500E-05  9.24596836192407972E-08
  886.000000  4.51946923395412057E+02  4.40992180162666784E+02  1.45239345164805078E+00  9.44551512555173467E+00  1.59197601077789436E-02  4.07864254253535660E-02  5.56075903522974271E-05  7.27722343056977692E-05  9.01876701054031329E-08
  888.000000  4.47331600736371058E+02  4.36532237825940626E+02  1.43771978977607007E+00  9.30584183015098532E+00  1.56739287260649410E-02  4.00017296908530690E-02  5.44921798109307249E-05  7.10519289752587326E-05  8.79776748855665182E-08
  890.000000  4.42782737057750921E+02  4.32135978160402829E+02  1.42326111044793469E+00  9.16870767353726457E+00  1.54327130344686630E-02  3.92345348825840004E-02  5.34023999887510320E-05  6.93772180384769592E-05  8.58278361831969542E-08
  892.000000  4.38299120810987461E+02  4.27802248867837307E+02  1.40901346514886416E+00  9.03405790160971556E+00  1.51960116907879396E-02  3.84843966153007033E-02  5.23375878319937650E-05  6.77467613174650144E-05  8.37363531988092996E-08
  894.000000  4.33879567244840302E+02  4.23529922976595174E+02  1.39497299132501906E+00  8.90183912977896696E+00  1.49637258937927817E-02  3.77508831845911608E-02  5.12970993537342516E-05  6.61592619556574573E-05  8.17014839455889794E-08
  896.000000  4.29522917707156864E+02  4.19317898185097761E+02  1.38113591020311821E+00  8.77199930388488092E+00  1.47357593113948103E-02  3.70335751643094124E-02  5.02803090299056891E-05  6.46134648882110293E-05  7.97215431672665614E-08
  898.000000  4.25228038967660666E+02  4.15165096224995466E+02  1.36749852470444777E+00  8.64448766237170751E+00  1.45120180114888028E-02  3.63320650181130980E-02  4.92866092167413601E-05  6.31081553710631488E-05  7.77949003355142609E-08
  900.000000  4.20993822560909564E+02  4.11070462243218117E+02  1.35405721741300522E+00  8.51925469967207860E+00  1.42924103946586636E-02  3.56459567245539996E-02  4.83154095881971338E-05  6.16421575662148266E-05  7.59199777239263998E-08
