# Wavelength | Total | n= 1 | ...
  300.000000  2.48657646601580745E+03  1.87794873591575060E+03  5.18025403618809833E+02  8.47031598509610575E+01  5.62702874919703344E+00  2.62622715844052612E-01  9.27735289363059920E-03  2.32969406026326139E-04  4.84294577586433483E-06
  302.000000  2.61156908331164277E+03  1.98145624248180229E+03  5.36828615843716079E+02  8.72824341987341938E+01  5.72659724438532525E+00  2.65655537129981967E-01  9.30145653608838337E-03  2.31777442592669613E-04  4.77189568678583547E-06
  304.000000  2.74263866406642046E+03  2.09021098127674304E+03  5.56349724969978524E+02  8.99649757577636962E+01  5.83425741831762590E+00  2.69142590095765522E-01  9.34612535508133613E-03  2.31211889178927258E-04  4.71627723183426916E-06
  306.000000  2.88018177055473416E+03  2.20453533275736754E+03  5.76651341379430733E+02  9.27612237388261178E+01  5.95108578106488828E+00  2.73137641222779615E-01  9.41326765273164945E-03  2.31312598890577196E-04  4.67656990390098304E-06
  308.000000  3.02462898145793542E+03  2.32477706460178024E+03  5.97803184525423831E+02  9.56829714412341445E+01  6.07831512336720703E+00  2.77703800113952015E-01  9.50518179948238104E-03  2.32130713317210924E-04  4.65350292400373416E-06
  310.000000  3.17644858275283559E+03  2.45131169738640619E+03  6.19883128942527378E+02  9.87436097809769109E+01  6.21736795109900786E+00  2.82915664022288238E-01  9.62464848215762413E-03  2.33731215679141365E-04  4.64810573274870815E-06
  312.000000  3.33615081058422993E+03  2.58454514408775458E+03  6.42978461358060599E+02  1.01958428585433253E+02  6.36989857607916310E+00  2.88862068445858988E-01  9.77505037839062479E-03  2.36196301652714865E-04  4.66177612159979428E-06
  314.000000  3.50429275787818779E+03  2.72491666373792714E+03  6.67187400697700355E+02  1.05344992328769052E+02  6.53784660558219866E+00  2.95649652747565328E-01  9.96052921175686126E-03  2.39629876074205496E-04  4.69637278669797527E-06
  316.000000  3.68148408750002591E+03  2.87290217820187809E+03  6.92620948248601735E+02  1.08923612781519410E+02  6.72350561960642690E+00  3.03407535988156674E-01  1.01861944654497820E-02  2.44163623828333595E-04  4.75434229311276841E-06
  318.000000  3.86839373686194949E+03  3.02901801242365900E+03  7.19405156135727111E+02  1.12717949223070903E+02  6.92961234426597894E+00  3.12293526435455826E-01  1.04584045769472896E-02  2.49965318579019877E-04  4.83889542530369962E-06
  320.000000  4.06575785686349082E+03  3.19382513381402850E+03  7.47683930781814979E+02  1.16755778556612825E+02  7.15946387231329684E+00  3.22502482553739145E-01  1.07851515402374049E-02  2.57250371015917416E-04  4.95425583602288898E-06
  322.000000  4.27438930918408096E+03  3.36793398756281840E+03  7.77622527376635617E+02  1.21069994647689626E+02  7.41707385330484037E+00  3.34277743671163141E-01  1.11765957832377152E-02  2.66298161222547293E-04  5.10601684538141123E-06
  324.000000  4.49518916151872600E+03  3.55201005448329897E+03  8.09411946360463844E+02  1.25699921303050445E+02  7.70738374749733790E+00  3.47927023210511555E-01  1.16458239470850610E-02  2.77475594386684520E-04  5.30166391492610153E-06
  326.000000  4.72916078813521108E+03  3.74678030125226996E+03  8.43274520735059241E+02  1.30693061105729129E+02  8.03655334799301002E+00  3.63844926028380811E-01  1.22099449372877963E-02  2.91271835567650183E-04  5.55135772763241299E-06
  328.000000  4.97742743192020134E+03  3.95304075747073421E+03  8.79471094700260210E+02  1.36107460475205983E+02  8.41236781097685871E+00  3.82545530379136633E-01  1.28917126735316415E-02  3.08350832587262359E-04  5.86913956234464457E-06
  330.000000  5.24125446166730944E+03  4.17166555328747472E+03  9.18310356915634884E+02  1.42014962930416459E+02  8.84481996415104099E+00  4.04710668700267895E-01  1.37219930412229383E-02  3.29633046225315046E-04  6.27484434358302555E-06
  332.000000  5.52207814661454449E+03  4.40361790917582312E+03  9.60161133090329145E+02  1.48505770735033281E+02  9.34696332550390885E+00  4.31263434472173468E-01  1.47436292552949183E-02  3.56426881430538277E-04  6.79724577258696538E-06
  334.000000  5.82154371404842641E+03  4.64996382907872157E+03  1.00546880748161959E+03  1.55694982160669781E+02  9.93619586539888644E+00  4.63483621834917925E-01  1.60177125251633329E-02  3.90648215476755421E-04  7.47944201760969365E-06
  336.000000  6.14155702074798501E+03  4.91188969023358459E+03  1.05477760658854572E+03  1.63732197685891578E+02  1.06362528447667941E+01  5.03195630853771059E-01  1.76341722864477544E-02  4.35203533151557408E-04  8.38852240305194713E-06
  338.000000  6.48435685727619511E+03  5.19072569799304711E+03  1.10876137163255748E+03  1.72816052181273790E+02  1.14804133036019671E+01  5.53087322777553347E-01  1.97305157373948437E-02  4.94693324668306822E-04  9.63387485963051752E-06
  340.000000  6.85261967218776954E+03  5.48797853538972777E+03  1.16826690454299683E+03  1.83216960382553253E+02  1.25168789782713308E+01  6.17277897851498891E-01  2.25268134109962229E-02  5.76779021126844010E-04  1.14039357558411566E-05
  342.000000  7.24961699567526557E+03  5.80537865532673641E+03  1.23437642643667755E+03  1.95314177242308432E+02  1.38182458078769628E+01  7.02386856816840210E-01  2.63949646551046094E-02  6.94996395929084248E-04  1.40437979964790844E-05
  344.000000  7.67945907638370136E+03  6.14494841548623208E+03  1.30849984432267502E+03  2.09659120158272771E+02  1.54991318686182868E+01  8.19668453485787873E-01  3.20031538465650675E-02  8.74723499428279433E-04  1.82170723794748046E-05
  346.000000  8.14746541381654697E+03  6.50907978839183306E+03  1.39251373548196739E+03  2.27089672585704051E+02  1.77509502411811582E+01  9.89463688543848252E-01  4.06139980985351437E-02  1.16429363500965537E-03  2.51355859321246161E-05
  348.000000  8.66066985796879453E+03  6.90053106052130170E+03  1.48897053398863500E+03  2.48948966139103391E+02  2.09131438249950996E+01  1.24996376371065709E+00  5.45146476603918795E-02  1.63894552390487494E-03  3.61378657679776099E-05
  350.000000  9.22846568298212151E+03  7.32217392374587689E+03  1.60141363398838348E+03  2.77526137772757636E+02  2.56060144910319103E+01  1.66702037475710751E+00  7.65716291599140841E-02  2.33105221237274668E-03  4.99279414084827423E-05
  352.000000  9.86351024717455948E+03  7.77643885532720287E+03  1.73488875426331629E+03  3.16956415271325966E+02  3.28154027575599940E+01  2.30061305847192532E+00  1.07008715469256291E-01  3.13552138679008743E-03  6.22598236604577921E-05
  354.000000  1.05834331717997720E+04  8.26480372075451305E+03  1.89676215665706241E+03  3.74964275113689268E+02  4.37179113527520329E+01  3.04877580196335707E+00  1.32704632844112463E-01  3.56274436607352269E-03  6.47425827887035513E-05
  356.000000  1.14223886901916667E+04  8.79384638383996935E+03  2.09862594385431657E+03  4.64362518971139707E+02  6.13200059475667061E+01  4.07212084299861488E+00  1.57962530886972402E-01  3.69475538230869477E-03  5.94494064965173002E-05
  358.000000  1.23822113368378978E+04  9.35293542228788283E+03  2.35543906007749229E+03  5.83476377516785647E+02  8.47051187803381396E+01  5.45379731457614358E+00  1.97320684890552017E-01  4.17947008279470796E-03  6.07058505235912895E-05
  360.000000  1.33618268889322244E+04  9.91998577374042725E+03  2.68310878994455743E+03  6.61708931007510841E+02  9.13464512976986214E+01  5.48252445574033764E+00  1.90564733078846665E-01  3.80101780737422635E-03  5.27354035727424132E-05
  362.000000  1.44602814393274275E+04  1.05451958421196668E+04  3.12923629490741450E+03  7.01832722262753350E+02  7.97491639104200658E+01  4.12899283213632362E+00  1.35850370850089691E-01  2.53839619636359211E-03  3.45279940888803147E-05
  364.000000  1.59530700834777308E+04  1.12732483284595583E+04  3.78445993104132140E+03  8.14787340976523410E+02  7.71829445804199707E+01  3.29011815616664682E+00  9.97247743231243905E-02  1.67319772334850541E-03  2.22916937045746902E-05
  366.000000  1.80412232104433533E+04  1.21002997857107839E+04  4.78444564216517665E+03  1.06237815631593594E+03  9.07161009353027765E+01  3.29081836112596182E+00  9.13686263925262143E-02  1.32124920889489339E-03  1.70794249740433491E-05
  368.000000  2.09362398595404957E+04  1.29883702602365702E+04  6.30703592243609182E+03  1.51815940733931120E+03  1.18520899652212975E+02  4.05087393534176865E+00  1.01169289510162852E-01  1.31078106798156310E-03  1.58703890537271944E-05
  370.000000  2.45496472495533053E+04  1.37570476502208476E+04  8.40729406015090171E+03  2.23367625372574821E+03  1.46049204716646244E+02  5.46758969002840622E+00  1.10954601057809479E-01  1.52111667673022360E-03  1.53314003275419964E-05
  372.000000  2.77639883499162461E+04  1.41023730575167865E+04  1.05678499684089566E+04  2.92617913656242536E+03  1.60813713179705445E+02  6.66101516423607620E+00  1.09757329065174727E-01  1.68797947825321181E-03  1.37755960076594409E-05
  374.000000  2.85543564698826085E+04  1.43237614267606168E+04  1.10376946895930942E+04  3.02870200012804844E+03  1.57617823309305749E+02  6.47851041396962213E+00  1.00458430848556060E-01  1.54945262112129241E-03  1.17940969544268250E-05
  376.000000  2.66950517672293790E+04  1.49004803093511455E+04  9.16131748942221202E+03  2.50234215003961435E+03  1.25692452538352441E+02  5.14039137026283122E+00  7.77735814521952895E-02  1.19204249822119166E-03  8.88384183176478201E-06
  378.000000  2.44572998399609751E+04  1.57740057712933867E+04  6.82534575109430716E+03  1.76919382109407957E+03  8.52363416613234222E+01  3.46543002761134256E+00  5.19273912260384274E-02  7.91463899510090716E-04  5.93513979638418967E-06
  380.000000  2.33541065731390991E+04  1.68140786979650838E+04  5.25444520510711391E+03  1.22715425153741330E+03  5.61531850848274559E+01  2.24105986757300712E+00  3.36637896038700923E-02  5.05892676295068423E-04  3.89480876510871318E-06
  382.000000  2.32998677638955196E+04  1.79533733085947606E+04  4.39824647119456586E+03  9.08050774845758497E+02  3.86574477741106222E+01  1.51679177848271785E+00  2.26299545222739262E-02  3.37101897667412215E-04  2.65142063300932406E-06
  384.000000  2.39023890011136282E+04  1.91675585191041428E+04  3.98109563097783803E+03  7.24304255374363720E+02  2.83213895826520456E+01  1.09296356367611192E+00  1.60050228422615078E-02  2.37488116345741527E-04 -0.00000000000000000E+00
  386.000000  2.49096912682188886E+04  2.04490596093707609E+04  3.82283008916842209E+03  6.14896007308095477E+02  2.20604664312584724E+01  8.33041856957428495E-01  1.18784564821757810E-02  1.75626910709385931E-04 -0.00000000000000000E+00
  388.000000  2.61891224642415618E+04  2.17948260220122247E+04  3.82806411941439910E+03  5.47386726631507372E+02  1.81712445339613815E+01  6.65016750487379737E-01  9.19983896019096158E-03  1.35060017330375658E-04 -0.00000000000000000E+00
  390.000000  2.76718622049662954E+04  2.32020456853764954E+04  3.94881577871205491E+03  5.04706504608653518E+02  1.57354914983803535E+01  5.51237478084528387E-01  7.40011656643602307E-03  1.07176061614477062E-04 -0.00000000000000000E+00
  392.000000  2.93212279192804599E+04  2.46665505419473120E+04  4.16249878662561241E+03  4.77454153218603835E+02  1.42470630663923732E+01  4.71126020816056645E-01  6.16115185146634808E-03  8.72498692075969213E-05 -0.00000000000000000E+00
  394.000000  3.11170790456741015E+04  2.61821085501985581E+04  4.46098286860534972E+03  4.60149693069405032E+02  1.34197371428550181E+01  4.12826215842500066E-01  5.29789722371485413E-03  7.25448602740720057E-05 -0.00000000000000000E+00
  396.000000  3.30482766045384487E+04  2.77400724939841566E+04  4.84532932210748913E+03  4.49410782576490533E+02  1.30900884384121774E+01  3.69157205486433271E-01  4.69883123802240614E-03  6.13951768182261620E-05 -0.00000000000000000E+00
  398.000000  3.51090386179176348E+04  2.93292535444317655E+04  5.32324714437408420E+03  4.43030922099667066E+02  1.31670880831955852E+01  3.35571254402578623E-01  4.29493284086136969E-03  5.27416825149671593E-05 -0.00000000000000000E+00
  400.000000  3.72971124999681851E+04  3.09360165464103666E+04  5.90768516589480987E+03  4.39493101926258703E+02  1.36045236278301687E+01  3.09073454340289155E-01  4.04276912976260158E-03  4.58854538638710926E-05 -0.00000000000000000E+00
  402.000000  3.96124431268835397E+04  3.25446336799628662E+04  6.61543009839171827E+03  4.37703796817968453E+02  1.43839724243296256E+01  2.87624303646716817E-01  3.91463251152031864E-03  4.03505041746073483E-05 -0.00000000000000000E+00
  404.000000  4.20549601160071688E+04  3.41379334258150266E+04  7.46440801200346323E+03  4.36844107352528454E+02  1.55008469032745495E+01  2.69796134752147254E-01  3.89199409816626350E-03  3.58040288611189710E-05 -0.00000000000000000E+00
  406.000000  4.46194657009832008E+04  3.56982565903470313E+04  8.46771723797592313E+03  4.36286009130134914E+02  1.69473028103957226E+01  2.54568743588367119E-01  3.95996783313731261E-03  3.20082918337540848E-05 -0.00000000000000000E+00
  408.000000  4.72847678100803241E+04  3.72086863030113527E+04  9.62160452571202040E+03  4.35545875545372382E+02  1.86857718003836517E+01  2.41204106665416557E-01  4.10111392721247865E-03  2.87905996834692341E-05 -0.00000000000000000E+00
  410.000000  4.99947219360150775E+04  3.86544613276645396E+04  1.08851585983530513E+04  4.34259293846260960E+02  2.06092351866521675E+01  2.29167209396203442E-01  4.28773122524510938E-03  2.60239608768753147E-05 -0.00000000000000000E+00
  412.000000  5.26347776590431968E+04  4.00244224201278703E+04  1.21554685456142943E+04  4.32167263782719886E+02  2.24968575279610761E+01  2.18074125537158520E-01  4.47425057562770428E-03  2.36142319064287845E-05 -0.00000000000000000E+00
  414.000000  5.50234693539852597E+04  4.13122926707939405E+04  1.32578537458762075E+04  4.29107249832652485E+02  2.40034132884193134E+01  2.07656203174500176E-01  4.59649956835720460E-03  2.14912943417139370E-05 -0.00000000000000000E+00
  416.000000  5.69541524940639356E+04  4.25175650185310806E+04  1.39866338672386810E+04  4.25004751337076129E+02  2.47465153916534568E+01  1.97733683466819021E-01  4.58827918932084439E-03  1.96027936732356598E-05 -0.00000000000000000E+00
  418.000000  5.82975097018725282E+04  4.36457650212539083E+04  1.42071880062731361E+04  4.19862745120700595E+02  2.45013014454613760E+01  1.88194833989293792E-01  4.41503577501287884E-03  1.79095515411357344E-05 -0.00000000000000000E+00
  420.000000  5.90942882147807250E+04  4.47078638433968081E+04  1.39491323615846977E+04  4.13747770906563630E+02  2.33611453183394353E+01  1.78978452667780757E-01  4.09873953633775514E-03  1.63821139448440217E-05 -0.00000000000000000E+00
  422.000000  5.95399012121999840E+04  4.57186152632136946E+04  1.33926504473272998E+04  4.06772554364169025E+02  2.16891680524242929E+01  1.70058734255230437E-01  3.70551003075480535E-03  1.49981113615557473E-05 -0.00000000000000000E+00
  424.000000  5.98733622918921319E+04  4.66935658649524994E+04  1.27606508692411044E+04  3.99075804965113662E+02  1.99049996742085362E+01  1.61432159158517941E-01  3.30715981012150769E-03  1.37402331290232786E-05 -0.00000000000000000E+00
  426.000000  6.02755494233811914E+04  4.76444577882266094E+04  1.22218254914665249E+04  3.90800175164563370E+02  1.83098971844965490E+01  1.53106381806135339E-01  2.95236250104760753E-03  1.25946891199549542E-05 -0.00000000000000000E+00
  428.000000  6.08321418999192756E+04  4.85728083085269900E+04  1.18600728884470518E+04  3.82069522307366526E+02  1.70434164566460140E+01  1.45091188557554152E-01  2.66144260423245181E-03  1.15500685161754683E-05 -0.00000000000000000E+00
  430.000000  6.15392900477183066E+04  4.94618470553170628E+04  1.16882154438295020E+04  3.72967056063910888E+02  1.61206559039308637E+01  1.37391614790410288E-01  2.43439258541261559E-03  1.05965250573707606E-05 -0.00000000000000000E+00
  432.000000  6.23177608553208338E+04  5.02680896458498464E+04  1.16705399131583908E+04  3.63517356614463267E+02  1.54816664289269390E+01  1.30003410675875314E-01  2.26013329331855748E-03  9.72523270984041215E-06 -0.00000000000000000E+00
  434.000000  6.30241314510749944E+04  5.09158725406101148E+04  1.17394296870537946E+04  3.53677954512285510E+02  1.50262259719215248E+01  1.22911296850911095E-01  2.12270195129314479E-03  8.92807128913874786E-06 -0.00000000000000000E+00
  436.000000  6.34663402413499862E+04  5.13005282770484337E+04  1.18077086119633459E+04  3.43348923376780988E+02  1.46363251881581213E+01  1.16090682229303049E-01  2.00489351358440742E-03  8.19751437736777136E-06 -0.00000000000000000E+00
  438.000000  6.34358985090039641E+04  5.13060331249741139E+04  1.17831501961774065E+04  3.32407608038767592E+02  1.41961681583371604E+01  1.09513185802290414E-01  1.89094284971394358E-03  7.52668688846058534E-06 -0.00000000000000000E+00
  440.000000  6.27600640935692645E+04  5.08372553406337174E+04  1.15883241206107250E+04  3.20764988414988693E+02  1.36147130872637572E+01  1.03154828295806231E-01  1.76908474946540855E-03  6.90952290106079795E-06 -0.00000000000000000E+00
  442.000000  6.13580660170112606E+04  4.98554437506680115E+04  1.11812551767605964E+04  3.08422086803878187E+02  1.28463592603806536E+01  9.70035755331148386E-02  1.63360195245457977E-03  6.34090381104656065E-06 -0.00000000000000000E+00
  444.000000  5.92714118421696694E+04  4.83973710852881195E+04  1.05665539705549891E+04  2.95494910100006109E+02  1.18993229773610061E+01  9.10621388409690452E-02  1.48529369033246106E-03  5.81665439190125828E-06 -0.00000000000000000E+00
  446.000000  5.66481082633766127E+04  4.65652761058545657E+04  9.78972861794539858E+03  2.82191384063395731E+02  1.08254759055890926E+01  8.53444151793361222E-02  1.32985911231757589E-03  5.33336282270688761E-06 -0.00000000000000000E+00
  448.000000  5.36903817418860126E+04  4.44938314111716027E+04  8.91801694220021091E+03  2.68755268209785754E+02  9.69707232176612521E+00  7.98680962635151398E-02  1.17499827608388060E-03  4.88811119826908629E-06 -0.00000000000000000E+00
  450.000000  5.05967200516699813E+04  4.23137453584123723E+04  8.01890569032277472E+03  2.55410190187467123E+02  8.58313267049271289E+00  7.46478752201930745E-02  1.02772340716513963E-03  4.47824460293223130E-06 -0.00000000000000000E+00
  452.000000  4.75239269484448596E+04  4.01281862990532827E+04  7.14580742471416124E+03  2.42327556585053117E+02  7.53507911047986045E+00  6.96920082918285611E-02  8.92872349743667037E-04  4.10124727502435164E-06 -0.00000000000000000E+00
  454.000000  4.45752670315841970E+04  3.80057216316044214E+04  6.33327560268469642E+03  2.29620929555515687E+02  6.58308895180819409E+00  6.50021710003351599E-02  7.72862045794119718E-04  3.75471308399518531E-06 -0.00000000000000000E+00
  456.000000  4.18065522016787436E+04  3.59845038629494447E+04  5.59889135800874283E+03  2.17356414552882171E+02  5.73931949658085649E+00  6.05750643598158695E-02  6.68170379769093500E-04  3.43636159479114620E-06 -0.00000000000000000E+00
  458.000000  3.92392960967262552E+04  3.40807926142026117E+04  4.94787527819755542E+03  2.05567690752293913E+02  5.00352808085137646E+00  5.64043238711219447E-02  5.78025007592663392E-04  3.14405964589966094E-06 -0.00000000000000000E+00
  460.000000  3.68737169641441724E+04  3.22972676884262837E+04  4.37775892929692964E+03  1.94269046926849029E+02  4.36831362276349200E+00  5.24819930807225860E-02  5.01002429361458346E-04  2.87583077844745543E-06 -0.00000000000000000E+00
  462.000000  3.46986430188126760E+04  3.06293092268247383E+04  3.88199728425375361E+03  1.83464313631402888E+02  3.82295662079079390E+00  4.87994081730883586E-02  4.35443969574804488E-04  2.62985101764452610E-06 -0.00000000000000000E+00
  464.000000  3.26979920675893118E+04  2.90690727575290148E+04  3.45236570795968146E+03  1.73152035269952876E+02  3.35583710616119779E+00  4.53476174664907278E-02  3.79702593741497473E-04  2.40443602463922912E-06 -0.00000000000000000E+00
  466.000000  3.08545407419604162E+04  2.76078362972268151E+04  3.08037820855108066E+03  1.63328010457762161E+02  2.95577373804291765E+00  4.21175205195033278E-02  3.32268167258321380E-04  2.19802515202747451E-06 -0.00000000000000000E+00
  468.000000  2.91518676903037194E+04  2.62371935431565835E+04  2.75803580929672989E+03  1.53986285817678890E+02  2.61265832912441276E+00  3.90998773745583270E-02  2.91817066008087439E-04  2.00916620921554564E-06 -0.00000000000000000E+00
  470.000000  2.75751903619990480E+04  2.49495557400100770E+04  2.47816101873629077E+03  1.45119385117827250E+02  2.31767563220101724E+00  3.62852829702747029E-02  2.57219677008233537E-04 -0.00000000000000000E+00 -0.00000000000000000E+00
  472.000000  2.61115894708272972E+04  2.37382774727370052E+04  2.23449655357050051E+03  1.36718251830787011E+02  2.06330100684392193E+00  3.36641550560778172E-02  2.27527106783388655E-04 -0.00000000000000000E+00 -0.00000000000000000E+00
  474.000000  2.47499279640997847E+04  2.25976004648460985E+04  2.02168071990419412E+03  1.28772158111831686E+02  1.84319253530274940E+00  3.12267529163552278E-02  2.01949437266685846E-04 -0.00000000000000000E+00 -0.00000000000000000E+00
  476.000000  2.34806412658923691E+04  2.15225256898078405E+04  1.83516569991445226E+03  1.21268689892081241E+02  1.65204321909265217E+00  2.89632267890851253E-02  1.79832111370832202E-04 -0.00000000000000000E+00 -0.00000000000000000E+00
  478.000000  2.22954933545162894E+04  2.05086715085923897E+04  1.67111555741995721E+03  1.14193836541661668E+02  1.48542763875881301E+00  2.68636898919266398E-02  1.60633633917328276E-04 -0.00000000000000000E+00 -0.00000000000000000E+00
  480.000000  2.11873447348519876E+04  1.95521447163356679E+04  1.52630312367119291E+03  1.07532173212560394E+02  1.33965942395144855E+00  2.49183027239826653E-02  1.43905894737674032E-04 -0.00000000000000000E+00 -0.00000000000000000E+00
  482.000000  2.01499512531968212E+04  1.86494344102843716E+04  1.39801482215055830E+03  1.01267108120935561E+02  1.21166600340603670E+00  2.31173601058076716E-02  1.29277445412992502E-04 -0.00000000000000000E+00 -0.00000000000000000E+00
  484.000000  1.91777985009339354E+04  1.77973299281840045E+04  1.28396695838416281E+03  9.53811645549077127E+01  1.09888199773385065E+00  2.14513735266143486E-02  1.16439595304316097E-04 -0.00000000000000000E+00 -0.00000000000000000E+00
  486.000000  1.82659697539620902E+04  1.69928601807416162E+04  1.18223412540895310E+03  8.98562713462284535E+01  9.99160186512515480E-01  1.99111437786209204E-02  1.05135000811427709E-04 -0.00000000000000000E+00 -0.00000000000000000E+00
  488.000000  1.74100426554392179E+04  1.62332503379301761E+04  1.09118899468211157E+03  8.46740418666481389E+01  9.10697990862882278E-01  1.84878210517651180E-02  9.51483699572617430E-05 -0.00000000000000000E+00 -0.00000000000000000E+00
  490.000000  1.66060092122240094E+04  1.55158917542018262E+04  1.00945219348980447E+03  7.98160281199593129E+01  8.31977162082828681E-01  1.71729514176172209E-02  8.62989187811888858E-05 -0.00000000000000000E+00 -0.00000000000000000E+00
  492.000000  1.58502140337969522E+04  1.48383215165078400E+04  9.35850823712575561E+02  7.52639421629977505E+01  7.61714469377997028E-01  1.59585099033945008E-02  7.84342576787504768E-05 -0.00000000000000000E+00 -0.00000000000000000E+00
  494.000000  1.51393064952629247E+04  1.41982086877591209E+04  8.69384236195518497E+02  7.09998415326569443E+01  6.98821429005139327E-01  1.48369211899940165E-02  7.14254351006182557E-05 -0.00000000000000000E+00 -0.00000000000000000E+00
  496.000000  1.44702033439352381E+04  1.35933450052563639E+04  8.09195822471688075E+02  6.70062785671163823E+01  6.42371407711154307E-01  1.38010694434886911E-02  6.51629136515890611E-05 -0.00000000000000000E+00 -0.00000000000000000E+00
  498.000000  1.38400590464000707E+04  1.30216383942909033E+04  7.54549759899048581E+02  6.32664156431568614E+01  5.91572714669716615E-01  1.28442989967842165E-02  5.95532958166073790E-05 -0.00000000000000000E+00 -0.00000000000000000E+00
  500.000000  1.32462418328716176E+04  1.24811081445553482E+04  7.04811817222048944E+02  5.97641096231114304E+01  5.45746546837406532E-01  1.19604076187166865E-02  5.45166521965299343E-05 -0.00000000000000000E+00 -0.00000000000000000E+00
  502.000000  1.26863139265524151E+04  1.19698809728078522E+04  6.59433481828084496E+02  5.64839694318059244E+01  5.04308866330157701E-01  1.11436340085100394E-02  4.99843344698834110E-05 -0.00000000000000000E+00 -0.00000000000000000E+00
  504.000000  1.21580148574708837E+04  1.14861874735775309E+04  6.17938803032423039E+02  5.34113908569694829E+01  4.66755465793257385E-01  1.03886409856410681E-02  4.58971790310321506E-05 -0.00000000000000000E+00 -0.00000000000000000E+00
  506.000000  1.16592470709759546E+04  1.10283586586402107E+04  5.79913457472707023E+02  5.05325725407640647E+01  4.32649622602170103E-01  9.69049564567647272E-03  4.22040262681166333E-05 -0.00000000000000000E+00 -0.00000000000000000E+00
  508.000000  1.11880632704670552E+04  1.05948224232783850E+04  5.44995634997148841E+02  4.78345168236163474E+01  4.01611859864071274E-01  9.04464754646273211E-03  3.88604955837032430E-05 -0.00000000000000000E+00 -0.00000000000000000E+00
  510.000000  1.07426551002034212E+04  1.01840998684626556E+04  5.12868418880383729E+02  4.53050187002979570E+01  3.73311426324974382E-01  8.44690579211551489E-03  3.58279682779686769E-05 -0.00000000000000000E+00 -0.00000000000000000E+00
  512.000000  1.03213428925465669E+04  9.79480146568673808E+03  4.83253395477344895E+02  4.29326457113578570E+01  3.47459182683927559E-01  7.89341570327909380E-03  3.30727399423989834E-05 -0.00000000000000000E+00 -0.00000000000000000E+00
  514.000000  9.92256628720627486E+03  9.42562308519932049E+03  4.55905278004371553E+02  4.07067111595552547E+01  3.23801642110985333E-01  7.38063560570658903E-03  3.05653115637982150E-05 -0.00000000000000000E+00 -0.00000000000000000E+00
  516.000000  9.54487558760627144E+03  9.07534192624306888E+03  4.30607369174013002E+02  3.86172426342845725E+01  3.02115960973429243E-01  6.90531413601420951E-03  2.82797945346002369E-05 -0.00000000000000000E+00 -0.00000000000000000E+00
  518.000000  9.18692375870567048E+03  8.74281239514635854E+03  4.07167719723174855E+02  3.66549474600289571E+01  2.82205714345861780E-01  6.46446835311170753E-03  2.61934095305511384E-05 -0.00000000000000000E+00 -0.00000000000000000E+00
  520.000000  8.84745899695675871E+03  8.42696197765879697E+03  3.85415865964153625E+02  3.48111763631048987E+01  2.63897321784793915E-01  6.05536285396925892E-03  2.42860630151284962E-05 -0.00000000000000000E+00 -0.00000000000000000E+00
  522.000000  8.52531782048406239E+03  8.12678714849058269E+03  3.65200050574892828E+02  3.30778863749206167E+01  2.47037013657530558E-01  5.67549002084112488E-03  2.25399881637707116E-05 -0.00000000000000000E+00 -0.00000000000000000E+00
  524.000000  8.21941863893419577E+03  7.84134935552065599E+03  3.46384847916726244E+02  3.14476037576272418E+01  2.31488248277232439E-01  5.32255147107335048E-03  2.09394394321420928E-05 -0.00000000000000000E+00 -0.00000000000000000E+00
  526.000000  7.92875576973548687E+03  7.56977110975763298E+03  3.28849129015148264E+02  2.99133875453382423E+01  2.17129506197772104E-01  4.99444073773346563E-03  1.94704319458648064E-05 -0.00000000000000000E+00 -0.00000000000000000E+00
  528.000000  7.65239387216420982E+03  7.31123220568138458E+03  3.12484312597474798E+02  2.84687941366086044E+01  2.03852401046479975E-01  4.68922717712870127E-03  1.81205184640982317E-05 -0.00000000000000000E+00 -0.00000000000000000E+00
  530.000000  7.38946277359208580E+03  7.06496609051219184E+03  2.97192857756599267E+02  2.71078432467841921E+01  1.91560056837438736E-01  4.40514107580712490E-03  1.68785979431183689E-05 -0.00000000000000000E+00 -0.00000000000000000E+00
  532.000000  7.13915266421841625E+03  6.83025639547887840E+03  2.82886961307050967E+02  2.58249854275187651E+01  1.80165710302881171E-01  4.14055991309848249E-03  1.57347507592290516E-05 -0.00000000000000000E+00 -0.00000000000000000E+00
  534.000000  6.90070963793524243E+03  6.60643363743197187E+03  2.69487429042519182E+02  2.46150712811368564E+01  1.69591503793503712E-01  3.89399572413267909E-03  1.46800964922001774E-05 -0.00000000000000000E+00 -0.00000000000000000E+00
  536.000000  6.67343155797374038E+03  6.39287209515724862E+03  2.56922695150574498E+02  2.34733224357066810E+01  1.59767440038561581E-01  3.66408350141521257E-03  1.37066708567030786E-05 -0.00000000000000000E+00 -0.00000000000000000E+00
  538.000000  6.45666422682282882E+03  6.18898686147262561E+03  2.45127968198058340E+02  2.23953042994883447E+01  1.50630474768263800E-01  3.44957056932368531E-03  1.28073189333546317E-05 -0.00000000000000000E+00 -0.00000000000000000E+00
  540.000000  6.24979784070376445E+03  5.99423106958008339E+03  2.34044485536063547E+02  2.13769005780703161E+01  1.42123727080952167E-01  3.24930686465051046E-03  1.19756023127729515E-05 -0.00000000000000000E+00 -0.00000000000000000E+00
  542.000000  6.05226370966066861E+03  5.80809329009737939E+03  2.23618860819294724E+02  2.04142895115791454E+01  1.34195790641203405E-01  3.06223605678300047E-03  1.12057181483691788E-05 -0.00000000000000000E+00 -0.00000000000000000E+00
  544.000000  5.86353122513451672E+03  5.63009509365289432E+03  2.13802511699326317E+02  1.95039217709768415E+01  1.26800131448717740E-01  2.88738744288246718E-03  1.04924284289762969E-05 -0.00000000000000000E+00 -0.00000000000000000E+00
  546.000000  5.68310505771962653E+03  5.45978877279877815E+03  2.04551156721195980E+02  1.86424999399768438E+01  1.19894560121976135E-01  2.72386855601134759E-03  9.83099804444878482E-06 -0.00000000000000000E+00 -0.00000000000000000E+00
  548.000000  5.51052256866309745E+03  5.29675521621922871E+03  1.95824372098584718E+02  1.78269595012397239E+01  1.13440768476810991E-01  2.57085842736171641E-03  9.21714043527258585E-06 -0.00000000000000000E+00 -0.00000000000000000E+00
  550.000000  5.34535141954682422E+03  5.14060192771423954E+03  1.87585200421283560E+02  1.70544512411707316E+01  1.07403921713756720E-01  2.42760144722507527E-03  8.64696979917628598E-06 -0.00000000000000000E+00 -0.00000000000000000E+00
  552.000000  5.18718736547863864E+03  4.99096118216860032E+03  1.79799804506509815E+02  1.63223249859835846E+01  1.01752298812782874E-01  2.29340177303048775E-03  8.11695898000853494E-06 -0.00000000000000000E+00 -0.00000000000000000E+00
  554.000000  5.03565221800602194E+03  4.84748831062655609E+03  1.72437160580471101E+02  1.56281145820430272E+01  9.64569748129844168E-02  2.16761823647376208E-03  7.62390229183182354E-06 -0.00000000000000000E+00 -0.00000000000000000E+00
  556.000000  4.89039196484052809E+03  4.70986010664138030E+03  1.65468785799686543E+02  1.49695240353094583E+01  9.14915395634513101E-02  2.04965970542229231E-03  7.16488263880500287E-06 -0.00000000000000000E+00 -0.00000000000000000E+00
  558.000000  4.75107503433290731E+03  4.57777334622097806E+03  1.58868495817982989E+02  1.43444147275464946E+01  8.68318482985170614E-02  1.93898085980137905E-03  6.73724238225180623E-06 -0.00000000000000000E+00 -0.00000000000000000E+00
  560.000000  4.61739069346950964E+03  4.45094341392591195E+03  1.52612188696136940E+02  1.37507936305184781E+01  8.24558000398874086E-02  1.83507834404435331E-03  6.33855748285679701E-06 -0.00000000000000000E+00 -0.00000000000000000E+00
  562.000000  4.48904756895243554E+03  4.32910302796119777E+03  1.46677651953582597E+02  1.31868024433995537E+01  7.83431403789038722E-02  1.73748726187057754E-03  5.96661451127473216E-06 -0.00000000000000000E+00 -0.00000000000000000E+00
  564.000000  4.36577228168399142E+03  4.21200105742812229E+03  1.41044389989958120E+02  1.26507075828775264E+01  7.44752856606075986E-02  1.64577798213940145E-03  5.61939017564641444E-06 -0.00000000000000000E+00 -0.00000000000000000E+00
  566.000000  4.24730818569735493E+03  4.09940142525297597E+03  1.35693469470315392E+02  1.21408909598121983E+01  7.08351659906411996E-02  1.55955322728660662E-03  5.29503306175507787E-06 -0.00000000000000000E+00 -0.00000000000000000E+00
  568.000000  4.13341420325135550E+03  3.99108209066748623E+03  1.30607380581109851E+02  1.16558414806666519E+01  6.74070848271040579E-02  1.47844541843429383E-03  4.99184732183250996E-06 -0.00000000000000000E+00 -0.00000000000000000E+00
  570.000000  4.02386374844701186E+03  3.88683410548196025E+03  1.25769912333083994E+02  1.11941472162237687E+01  6.41765932116713650E-02  1.40211425360615939E-03  4.70827808252757468E-06 -0.00000000000000000E+00 -0.00000000000000000E+00
  572.000000  3.91844373231687769E+03  3.78646073874994863E+03  1.21166040318346589E+02  1.07544881842401612E+01  6.11303769448829706E-02  1.33024449766143697E-03  4.44289837212076390E-06 -0.00000000000000000E+00 -0.00000000000000000E+00
  574.000000  3.81695364289933650E+03  3.68977666478072570E+03  1.16781825528348591E+02  1.03356296966739496E+01  5.82561552261522467E-02  1.26254396453225038E-03  4.19439739261030914E-06 -0.00000000000000000E+00 -0.00000000000000000E+00
  576.000000  3.71920469432188520E+03  3.59660720979182906E+03  1.12604323011469162E+02  9.93641622587806950E+00  5.55425894647357671E-02  1.19874167416502515E-03  3.96156998408146410E-06 -0.00000000000000000E+00 -0.00000000000000000E+00
  578.000000  3.62501903940126795E+03  3.50678765282505219E+03  1.08621499297895838E+02  9.55576574771638576E+00  5.29792011283130512E-02  1.13858616821029273E-03  3.74330714785726002E-06 -0.00000000000000000E+00 -0.00000000000000000E+00
  580.000000  3.53422904071142011E+03  3.42016257685975688E+03  1.04822157648583513E+02  9.19266452288820268E+00  5.05562976346003098E-02  1.08184396999655755E-03  3.53858751115953357E-06 -0.00000000000000000E+00 -0.00000000000000000E+00
  582.000000  3.44667659547863559E+03  3.33658526635059388E+03  1.01195870297131819E+02  8.84616228085250000E+00  4.82649054116286863E-02  1.02829817569686805E-03  3.34646963036042290E-06 -0.00000000000000000E+00 -0.00000000000000000E+00
  584.000000  3.36221251004487476E+03  3.25591714769749206E+03  9.77329169511339444E+01  8.51536777364186293E+00  4.60967093568417155E-02  9.77747164810124480E-04  3.16608504208542604E-06 -0.00000000000000000E+00 -0.00000000000000000E+00
  586.000000  3.28069591998610258E+03  3.17802726941405490E+03  9.44242289044520504E+01  8.19944466952818729E+00  4.40439980159466754E-02  9.30003419213182064E-04  2.99663198224817430E-06 -0.00000000000000000E+00 -0.00000000000000000E+00
  588.000000  3.20199375229358293E+03  3.10279181900463254E+03  9.12613381862767028E+01  7.89760775898131140E+00  4.20996138816951901E-02  8.84892441036618004E-04  2.83736970240879179E-06 -0.00000000000000000E+00 -0.00000000000000000E+00
  590.000000  3.12598022632240645E+03  3.03009367378932484E+03  8.82363312377774918E+01  7.60911944764880666E+00  4.02569082818758986E-02  8.42251760541194282E-04  2.68761332102412672E-06 -0.00000000000000000E+00 -0.00000000000000000E+00
  592.000000  3.05253639047934712E+03  2.95982198312496439E+03  8.53418066640590638E+01  7.33328651318228797E+00  3.85097003862667833E-02  8.01930025989923282E-04  2.54672915426428549E-06 -0.00000000000000000E+00 -0.00000000000000000E+00
  594.000000  2.98154969187269398E+03  2.89187177966863374E+03  8.25708366591727128E+01  7.06945710467354260E+00  3.68522399152326971E-02  7.63786168266464478E-04  2.41413047731401398E-06 -0.00000000000000000E+00 -0.00000000000000000E+00
  596.000000  2.91291357637336341E+03  2.82614361751118167E+03  7.99169317458576955E+01  6.81701796523742942E+00  3.52791731791510521E-02  7.27688633661105130E-04  2.28927367266021691E-06 -0.00000000000000000E+00 -0.00000000000000000E+00
  598.000000  2.84652711674451075E+03  2.76254323517582679E+03  7.73740085103288067E+01  6.57539185990285002E+00  3.37855121186237256E-02  6.93514678857325498E-04  2.17165472649665839E-06 -0.00000000000000000E+00 -0.00000000000000000E+00
  600.000000  2.78229466669060548E+03  2.70098124163491275E+03  7.49363600466399760E+01  6.34403519247201508E+00  3.23666060514161413E-02  6.61149722705828215E-04  2.06080603881201228E-06 -0.00000000000000000E+00 -0.00000000000000000E+00
  602.000000  2.72012553884859426E+03  2.64137282363813210E+03  7.25986288551901140E+01  6.12243579636525670E+00  3.10181158636887999E-02  6.30486749868819363E-04  1.95629351633598748E-06 -0.00000000000000000E+00 -0.00000000000000000E+00
  604.000000  2.65993370490810867E+03  2.58363747278183246E+03  7.03557819666616808E+01  5.91011088572795629E+00  2.97359904110728948E-02  6.01425761873818966E-04  1.85771392083808628E-06 -0.00000000000000000E+00 -0.00000000000000000E+00
  606.000000  2.60163751619041614E+03  2.52769873086708913E+03  6.82030880862331941E+01  5.70660515421045034E+00  2.85164449198232993E-02  5.73873271516136966E-04  1.76469244826048248E-06 -0.00000000000000000E+00 -0.00000000000000000E+00
  608.000000  2.54515944315530760E+03  2.47348395221157944E+03  6.61360965739219893E+01  5.51148900988889601E+00  2.73559412001883398E-02  5.47741836926460128E-04  1.67688051660887379E-06 -0.00000000000000000E+00 -0.00000000000000000E+00
  610.000000  2.49042583242334376E+03  2.42092408167909434E+03  6.41506180954200147E+01  5.32435693574036417E+00  2.62511695034852340E-02  5.22949631949670853E-04  1.59395374296497680E-06 -0.00000000000000000E+00 -0.00000000000000000E+00
  612.000000  2.43736668001795715E+03  2.36995344729004910E+03  6.22427067944064092E+01  5.14482596596942354E+00  2.51990318716059786E-02  4.99420049780698754E-04  1.51561009188410696E-06 -0.00000000000000000E+00 -0.00000000000000000E+00
  614.000000  2.38591541963218151E+03  2.32050956636115143E+03  6.04086438520058806E+01  4.97253426927614672E+00  2.41966268429589654E-02  4.77081337084209797E-04  1.44156817932104981E-06 -0.00000000000000000E+00 -0.00000000000000000E+00
  616.000000  2.33600872482205887E+03  2.27253296420573133E+03  5.86449223122218513E+01  4.80713983089175834E+00  2.32412353924646223E-02  4.55866256063778121E-04  1.37156571778806100E-06 -0.00000000000000000E+00 -0.00000000000000000E+00
  618.000000  2.28758632411387907E+03  2.22596700449897889E+03  5.69482330639012631E+01  4.64831922587344160E+00  2.23303079953524365E-02  4.35711772176656414E-04  1.30535808990817003E-06 -0.00000000000000000E+00 -0.00000000000000000E+00
  620.000000  2.24059082809234860E+03  2.18075773048114388E+03  5.53154518802455613E+01  4.49576647676097707E+00  2.14614527153027083E-02  4.16558765391800156E-04  1.24271703877002003E-06 -0.00000000000000000E+00 -0.00000000000000000E+00
  622.000000  2.19496756761055121E+03  2.13685371623555056E+03  5.37436274263213107E+01  4.34919198925928985E+00  2.06324242271763089E-02  3.98351763072854329E-04  1.18342946464641988E-06 -0.00000000000000000E+00 -0.00000000000000000E+00
  624.000000  2.15066444232801450E+03  2.09420592733485091E+03  5.22299701533625296E+01  4.20832156011873426E+00  1.98411136931637561E-02  3.81038692734112362E-04  1.12729631864918381E-06 -0.00000000000000000E+00 -0.00000000000000000E+00
  626.000000  2.10763177884612423E+03  2.05276759020379404E+03  5.07718420062698499E+01  4.07289545185645796E+00  1.90855394189627520E-02  3.64570653072848446E-04  1.07413158479616907E-06 -0.00000000000000000E+00 -0.00000000000000000E+00
  628.000000  2.06582219776521879E+03  2.01249406959470707E+03  4.93667468774377554E+01  3.94266752938731635E+00  1.83638382234979809E-02  3.48901701814801192E-04  1.02376134278263007E-06 -0.00000000000000000E+00 -0.00000000000000000E+00
  630.000000  2.02519048903992052E+03  1.97334275361759887E+03  4.80123217461516489E+01  3.81740445402617246E+00  1.76742574619163061E-02  3.33988659038414405E-04  9.76022904492219025E-07 -0.00000000000000000E+00 -0.00000000000000000E+00
  632.000000  1.98569349505688683E+03  1.93527294580858052E+03  4.67063284482875858E+01  3.69688493068270008E+00  1.70151476471884916E-02  3.19790924754879253E-04  9.30764017911412498E-07 -0.00000000000000000E+00 -0.00000000000000000E+00
  634.000000  1.94729000090202817E+03  1.89824576375789684E+03  4.54466460259623588E+01  3.58089900439672615E+00  1.63849556206474775E-02  3.06270309626115308E-04  8.87842132723013287E-07 -0.00000000000000000E+00 -0.00000000000000000E+00
  636.000000  1.90994063132525480E+03  1.86222404385509185E+03  4.42312636112693269E+01  3.46924740266586307E+00  1.57822182263393403E-02  2.93390877796630286E-04  8.47123722373749033E-07 -0.00000000000000000E+00 -0.00000000000000000E+00
  638.000000  1.87360775394687130E+03  1.82717225174061332E+03  4.30582738022341687E+01  3.36174092029128913E+00  1.52055564481006471E-02  2.81118800899686104E-04  8.08483657883302238E-07 -0.00000000000000000E+00 -0.00000000000000000E+00
  640.000000  1.83825538828410458E+03  1.79305639808360979E+03  4.19258664927733378E+01  3.25819984372234961E+00  1.46536699719826257E-02  2.69422222379001725E-04  7.71804629107021050E-07 -0.00000000000000000E+00 -0.00000000000000000E+00
  642.000000  1.80384912020706270E+03  1.75984395933297674E+03  4.08323231217266311E+01  3.15845341211170494E+00  1.41253321399251661E-02  2.58271131335158319E-04  7.36976609526875411E-07 -0.00000000000000000E+00 -0.00000000000000000E+00
  644.000000  1.77035602146248743E+03  1.72750380311456229E+03  3.97760113090124463E+01  3.06233931250739211E+00  1.36193852635987118E-02  2.47637245174379972E-04  7.03896361022402517E-07 -0.00000000000000000E+00 -0.00000000000000000E+00
  646.000000  1.73774457392959130E+03  1.69600611797049805E+03  3.87553798496532522E+01  2.96970320680244715E+00  1.31347362700290245E-02  2.37493900391948958E-04  6.72466975368058763E-07 -0.00000000000000000E+00 -0.00000000000000000E+00
  648.000000  1.70598459829703120E+03  1.66532234715870891E+03  3.77689540388768492E+01  2.88039828824401400E+00  1.26703526530759555E-02  2.27815950882022942E-04  6.42597449499986669E-07 -0.00000000000000000E+00 -0.00000000000000000E+00
  650.000000  1.67504718687275818E+03  1.63542512625098607E+03  3.68153313037204200E+01  2.79428486546897981E+00  1.22252587070577606E-02  2.18579673210527603E-04  6.14202291844354768E-07 -0.00000000000000000E+00 -0.00000000000000000E+00
  652.000000  1.64490464025776259E+03  1.60628822428511148E+03  3.58931771185676567E+01  2.71122997218323913E+00  1.17985320208176432E-02  2.09762678334765855E-04  5.87201157250812840E-07 -0.00000000000000000E+00 -0.00000000000000000E+00
  654.000000  1.61553040763607714E+03  1.57788648824583515E+03  3.50012211839366216E+01  2.63110700074505877E+00  1.13893002123761373E-02  2.01343829295198119E-04  5.61518508261103679E-07 -0.00000000000000000E+00 -0.00000000000000000E+00
  656.000000  1.58689903044883249E+03  1.55019579066320671E+03  3.41382538494536831E+01  2.55379535803804636E+00  1.09967378859481095E-02  1.93303164440306507E-04  5.37083300663996746E-07 -0.00000000000000000E+00 -0.00000000000000000E+00
  658.000000  1.55898608923794518E+03  1.52319298013283583E+03  3.33031227635202072E+01  2.47918014214015692E+00  1.06200637946368415E-02  1.85621825783697516E-04  5.13828691432955550E-07 -0.00000000000000000E+00 -0.00000000000000000E+00
  660.000000  1.53176815345898331E+03  1.49685583457516714E+03  3.24947297335362606E+01  2.40715183840263691E+00  1.02585381934654669E-02  1.78281992119215418E-04  4.91691767335053711E-07 -0.00000000000000000E+00 -0.00000000000000000E+00
  662.000000  1.50522273407768421E+03  1.47116301706437480E+03  3.17120277818561966E+01  2.33760603365478081E+00  9.91146036868569523E-03  1.71266816553996968E-04  4.70613292605452143E-07 -0.00000000000000000E+00 -0.00000000000000000E+00
  664.000000  1.47932823877645706E+03  1.44609403406810975E+03  3.09540183837695615E+01  2.27044314734170305E+00  9.57816633041488202E-03  1.64560368141996986E-04  4.50537474252199989E-07 -0.00000000000000000E+00 -0.00000000000000000E+00
  666.000000  1.45406392960970538E+03  1.42162919595068524E+03  3.02197488748857310E+01  2.20556817848851905E+00  9.25802665670801168E-03  1.58147577326849957E-04  4.31411743647220938E-07 -0.00000000000000000E+00 -0.00000000000000000E+00
  668.000000  1.42940988295766829E+03  1.39774957960207803E+03  2.95083100162772709E+01  2.14289046746341194E+00  8.95044447811900803E-03  1.52014184924640988E-04  4.13186553177041849E-07 -0.00000000000000000E+00 -0.00000000000000000E+00
  670.000000  1.40534695163829997E+03  1.37443699306401618E+03  2.88188337065974949E+01  2.08232347158362829E+00  8.65485359266080466E-03  1.46146694398171010E-04  3.95815186837844771E-07 -0.00000000000000000E+00 -0.00000000000000000E+00
  672.000000  1.38185672904693729E+03  1.35167394203373647E+03  2.81504908312403650E+01  2.02378455367769794E+00  8.37071670188072742E-03  1.40532327191672155E-04  3.79253583732373735E-07 -0.00000000000000000E+00 -0.00000000000000000E+00
  674.000000  1.35892151520147058E+03  1.32944359813316942E+03  2.75024892393232570E+01  1.96719478277745741E+00  8.09752375947866802E-03  1.35158980915081768E-04  3.63460173512150364E-07 -0.00000000000000000E+00 -0.00000000000000000E+00
  676.000000  1.33652428457899805E+03  1.30772976883883575E+03  2.68740718399802532E+01  1.91247874617164082E+00  7.83479042456481332E-03  1.30015190179101018E-04  3.48395722906156710E-07 -0.00000000000000000E+00 -0.00000000000000000E+00
  678.000000  1.31464865563786861E+03  1.28651686897496393E+03  2.62645148100731660E+01  1.85956437210611081E+00  7.58205661225996343E-03  1.25090089900477914E-04  3.34023192509269938E-07 -0.00000000000000000E+00 -0.00000000000000000E+00
  680.000000  1.29327886192574169E+03  1.26578989367844065E+03  2.56731259060126433E+01  1.80838276246492513E+00  7.33888513489739779E-03  1.20373380908223211E-04  3.20307603101001401E-07 -0.00000000000000000E+00 -0.00000000000000000E+00
  682.000000  1.27239972468036126E+03  1.24553439274970515E+03  2.50992428729037087E+01  1.75886803481109721E+00  7.10486042759354407E-03  1.15855297694489280E-04  3.07215910806047412E-07 -0.00000000000000000E+00 -0.00000000000000000E+00
  684.000000  1.25199662683673591E+03  1.22573644631014918E+03  2.45422319447297497E+01  1.71095717320963669E+00  6.87958735242749208E-03  1.11526578165338877E-04  2.94716890456544805E-07 -0.00000000000000000E+00 -0.00000000000000000E+00
  686.000000  1.23205548835895092E+03  1.20638264169062973E+03  2.40014864297362607E+01  1.66458988729278023E+00  6.66269007589537655E-03  1.07378435257533535E-04  2.82781026584931901E-07 -0.00000000000000000E+00 -0.00000000000000000E+00
  688.000000  1.21256274282074628E+03  1.18746005148117297E+03  2.34764253755828882E+01  1.61970847906477733E+00  6.45381101470156402E-03  1.03402530295996944E-04  2.71380411503383575E-07 -0.00000000000000000E+00 -0.00000000000000000E+00
  690.000000  1.19350531516365550E+03  1.16895621267616480E+03  2.29664923092318851E+01  1.57625771697667072E+00  6.25260984531548613E-03  9.95909479771793808E-05  2.60488649964501006E-07 -0.00000000000000000E+00 -0.00000000000000000E+00
  692.000000  1.17487060056570681E+03  1.15085910685317458E+03  2.24711540468731705E+01  1.53418471683237367E+00  6.05876257305045917E-03  9.59361728702095320E-05  2.50080769958831407E-07 -0.00000000000000000E+00 -0.00000000000000000E+00
  694.000000  1.15664644435851073E+03  1.13315714132800076E+03  2.19898995695356270E+01  1.49343882911713943E+00  5.87196065673825911E-03  9.24310673367089862E-05  2.40133139208193947E-07 -0.00000000000000000E+00 -0.00000000000000000E+00
  696.000000  1.13882112293364821E+03  1.11583913123131424E+03  2.15222389603092701E+01  1.45397153236512233E+00  5.69191018534516511E-03  8.90688507764136016E-05  2.30623386972031701E-07 -0.00000000000000000E+00 -0.00000000000000000E+00
  698.000000  1.12138332558382626E+03  1.09889428245649401E+03  2.10677023994095336E+01  1.41573633220902217E+00  5.51833110314868362E-03  8.58430801123118018E-05  2.21530330796210473E-07 -0.00000000000000000E+00 -0.00000000000000000E+00
  700.000000  1.10432213722670031E+03  1.08231217543043158E+03  2.06258392135463957E+01  1.37868866577668303E+00  5.35095648032375346E-03  8.27476314352786562E-05  2.12833907871872101E-07 -0.00000000000000000E+00 -0.00000000000000000E+00
  702.000000  1.08762702196322493E+03  1.06608274966276440E+03  2.01962169763148012E+01  1.34278581112202522E+00  5.18953182602025550E-03  7.97766827339608815E-05  2.04515110682152826E-07 -0.00000000000000000E+00 -0.00000000000000000E+00
  704.000000  1.07128780742494087E+03  1.05019628903130729E+03  1.97784206565416270E+01  1.30798680139734191E+00  5.03381444120899139E-03  7.69246976400499339E-05  1.96555926662389055E-07 -0.00000000000000000E+00 -0.00000000000000000E+00
  706.000000  1.05529466986740272E+03  1.03464340776403060E+03  1.93720518117213345E+01  1.27425234349255367E+00  4.88357280877191238E-03  7.41864101245587418E-05  1.88939281587704899E-07 -0.00000000000000000E+00 -0.00000000000000000E+00
  708.000000  1.03963811996969957E+03  1.01941503708046423E+03  1.89767278238731976E+01  1.24154474088475020E+00  4.73858601848181800E-03  7.15568100851670687E-05  1.81648986451551666E-07 -0.00000000000000000E+00 -0.00000000000000000E+00
  710.000000  1.02430898930189869E+03  1.00450241245710743E+03  1.85920811753103408E+01  1.20982782045678516E+00  4.59864322467915670E-03  6.90311297680346259E-05  1.74669687597878515E-07 -0.00000000000000000E+00 -0.00000000000000000E+00
  712.000000  1.00929841742557585E+03  9.89897061484559003E+02  1.82177587620045429E+01  1.17906686305997765E+00  4.46354313461011509E-03  6.66048309722986899E-05  1.67986819891592901E-07 -0.00000000000000000E+00 -0.00000000000000000E+00
  714.000000  9.94597839593263188E+02  9.75590792284607915E+02  1.78534212423417351E+01  1.14922853760866284E+00  4.33309352551777653E-03  6.42735929882599623E-05  1.61586562730779530E-07 -0.00000000000000000E+00 -0.00000000000000000E+00
  716.000000  9.80198975015872065E+02  9.61575682458574533E+02  1.74987424192434950E+01  1.12028083850838756E+00  4.20711078871931557E-03  6.20333012237344396E-05  1.55455798711660136E-07 -0.00000000000000000E+00 -0.00000000000000000E+00
  718.000000  9.66093815668040179E+02  9.47844068538965985E+02  1.71534086537253998E+01  1.09219302623115322E+00  4.08541949900919407E-03  5.98800364763648593E-05  1.49582074777124909E-07 -0.00000000000000000E+00 -0.00000000000000000E+00
  720.000000  9.52274615603887810E+02  9.34388535918881871E+02  1.68171183081165694E+01  1.06493557086323420E+00  3.96785200785075044E-03  5.78100648117603054E-05  1.43953565684392937E-07 -0.00000000000000000E+00 -0.00000000000000000E+00
  722.000000  9.38733880756733924E+02  9.21201909234573691E+02  1.64895812172530896E+01  1.03848009846100187E+00  3.85424805891120947E-03  5.58198280112930773E-05  1.38559039644860423E-07 -0.00000000000000000E+00 -0.00000000000000000E+00
  724.000000  9.25464359197631438E+02  9.08277243177753121E+02  1.61705181860711633E+01  1.01279934006022532E+00  3.74445442459509252E-03  5.39059345539431097E-05  1.33387825998529320E-07 -0.00000000000000000E+00 -0.00000000000000000E+00
  726.000000  9.12459031829991318E+02  8.95607813716522287E+02  1.58596605121316809E+01  9.87867083194353124E-01  3.63832456231950440E-03  5.20651511007744271E-05  1.28429784788777598E-07 -0.00000000000000000E+00 -0.00000000000000000E+00
  728.000000  8.99711103497585441E+02  8.83187109703756050E+02  1.55567495316854760E+01  9.63658125784863206E-01  3.53571828935480290E-03  5.02943944511814449E-05  1.23675278121684942E-07 -0.00000000000000000E+00 -0.00000000000000000E+00
  730.000000  8.87213994485674448E+02  8.71008824854095906E+02  1.52615361879885736E+01  9.40148232275906603E-01  3.43650147513279445E-03  4.85907239429994272E-05  1.19115143194908165E-07 -0.00000000000000000E+00 -0.00000000000000000E+00
  732.000000  8.74961332395086401E+02  8.59066850070733494E+02  1.49737806206357078E+01  9.17314091892114325E-01  3.34054574999125432E-03  4.69513342699895075E-05  1.14740666891931346E-07 -0.00000000000000000E+00 -0.00000000000000000E+00
  734.000000  8.62946944371166069E+02  8.47355266105154897E+02  1.46932517747829472E+01  8.95133278906509289E-01  3.24772822939662980E-03  4.53735486917428461E-05  1.10543561842883845E-07 -0.00000000000000000E+00 -0.00000000000000000E+00
  736.000000  8.51164849669728369E+02  8.35868336533169668E+02  1.44197270291662480E+01  8.73584214811234938E-01  3.15793125273966220E-03  4.38548126131805050E-05  1.06515943863285025E-07 -0.00000000000000000E+00 -0.00000000000000000E+00
  738.000000  8.39609252543546063E+02  8.24600501031866429E+02  1.41529918419154335E+01  8.52646132290578174E-01  3.07104213586242543E-03  4.23926875114977682E-05  1.02650310682724354E-07 -0.00000000000000000E+00 -0.00000000000000000E+00
  740.000000  8.28274535433796473E+02  8.13546368942964477E+02  1.38928394132092521E+01  8.32299040901479992E-01  2.98695293652635188E-03  4.09848451907369161E-05  9.89395218856597349E-08 -0.00000000000000000E+00 -0.00000000000000000E+00
  742.000000  8.17155252451646106E+02  8.02700713108728792E+02  1.36390703638738842E+01  8.12523694372170868E-01  2.90556023207763029E-03  3.96290623445705491E-05  9.53767799889801844E-08 -0.00000000000000000E+00 -0.00000000000000000E+00
  744.000000  8.06246123135765288E+02  7.92058463967166972E+02  1.33914924290840940E+01  7.93301559434495096E-01  2.82676490861818270E-03  3.83232154095066642E-05  9.19556125892292203E-08 -0.00000000000000000E+00 -0.00000000000000000E+00
  746.000000  7.95542026472836824E+02  7.81614703894446166E+02  1.31499201663733452E+01  7.74614786110742970E-01  2.75047196102772831E-03  3.70652756918293561E-05  8.86698555112656221E-08 -0.00000000000000000E+00 -0.00000000000000000E+00
  748.000000  7.85037995168258931E+02  7.71364661782549547E+02  1.29141746772078072E+01  7.56446179379807626E-01  2.67659030322713520E-03  3.58533047526206377E-05  8.55136369001486467E-08 -0.00000000000000000E+00 -0.00000000000000000E+00
  750.000000  7.74729210155285614E+02  7.61303707841199753E+02  1.26840833414142224E+01  7.38779172152149610E-01  2.60503258810734729E-03  3.46854500359643634E-05  8.24813621999348468E-08 -0.00000000000000000E+00 -0.00000000000000000E+00
  752.000000  7.64610995331429649E+02  7.51427348613590993E+02  1.24594795638068003E+01  7.21597799486746516E-01  2.53571503658629781E-03  3.35599407266151382E-05  7.95676999631372570E-08 -0.00000000000000000E+00 -0.00000000000000000E+00
  754.000000  7.54678812511130332E+02  7.41731222195640385E+02  1.22402025323765695E+01  7.04886673986838685E-01  2.46855727528587929E-03  3.24750838241841356E-05  7.67675684462205805E-08 -0.00000000000000000E+00 -0.00000000000000000E+00
  756.000000  7.44928256585120039E+02  7.32211093649820441E+02  1.20260969874653760E+01  6.88630962315356032E-01  2.40348218235431760E-03  3.14292604213414265E-05  7.40761229392489083E-08 -0.00000000000000000E+00 -0.00000000000000000E+00
  758.000000  7.35355050876447081E+02  7.22862850604165146E+02  1.18170130013566421E+01  6.72816362773431931E-01  2.34041574098601754E-03  3.04209221750831253E-05  7.14887437913314716E-08 -0.00000000000000000E+00 -0.00000000000000000E+00
  760.000000  7.25955042684294312E+02  7.13682499028152506E+02  1.16128057677636054E+01  6.57429083889000787E-01  2.27928690021843771E-03  2.94485879598168841E-05  6.90010250856197000E-08 -0.00000000000000000E+00 -0.00000000000000000E+00
  762.000000  7.16724199007012885E+02  7.04666159177438317E+02  1.14133354007171341E+01  6.42455823965376815E-01  2.22002744261062509E-03  2.85108406924531758E-05  6.66087639315331642E-08 -0.00000000000000000E+00 -0.00000000000000000E+00
  764.000000  7.07658602436057208E+02  6.95810061699640755E+02  1.12184667423836064E+01  6.27883751542102075E-01  2.16257185843073824E-03  2.76063243197604866E-05  6.43079503342784555E-08 -0.00000000000000000E+00 -0.00000000000000000E+00
  766.000000  6.98754447213119988E+02  6.87110543893965769E+02  1.10280691793693375E+01  6.13700486723253613E-01  2.10685722600250291E-03  2.67337409592218044E-05  6.20947576083845045E-08 -0.00000000000000000E+00 -0.00000000000000000E+00
  768.000000  6.90008035443221502E+02  6.78564046117882526E+02  1.08420164670965704E+01  5.99894083330784200E-01  2.05282309788120190E-03  2.58918481848863703E-05  5.99655333062624794E-08 -0.00000000000000000E+00 -0.00000000000000000E+00
  770.000000  6.81415773456621650E+02  6.70167108334162776E+02  1.06601865618503879E+01  5.86453011842595351E-01  2.00041139254753279E-03  2.50794564502556290E-05  5.79167906299824032E-08 -0.00000000000000000E+00 -0.00000000000000000E+00
  772.000000  6.72974168312906500E+02  6.61916366792040890E+02  1.04824614601251547E+01  5.73366143077215007E-01  1.94956629132780933E-03  2.42954266407457088E-05  5.59452002992537689E-08 -0.00000000000000000E+00 -0.00000000000000000E+00
  774.000000  6.64679824441051665E+02  6.53808550836691438E+02  1.03087270449155159E+01  5.60622732589175277E-01  1.90023414026399768E-03  2.35386677488396213E-05  5.40475828496975816E-08 -0.00000000000000000E+00 -0.00000000000000000E+00
  776.000000  6.56529440409410427E+02  6.45840479841340198E+02  1.01388729386170464E+01  5.48212405740861830E-01  1.85236335667389885E-03  2.28081346651491041E-05  5.22209013367514872E-08 -0.00000000000000000E+00 -0.00000000000000000E+00
  778.000000  6.48519805819873568E+02  6.38009060256606745E+02  9.97279236221981336E+00  5.36125143418490713E-01  1.80590434015652219E-03  2.21028260791906915E-05  5.04622544230039331E-08 -0.00000000000000000E+00 -0.00000000000000000E+00
  780.000000  6.40647798320805919E+02  6.30311282772014124E+02  9.81038200049114550E+00  5.24351268361527345E-01  1.76080938781084974E-03  2.14217824840523831E-05  4.87688698257235300E-08 -0.00000000000000000E+00 -0.00000000000000000E+00
  782.000000  6.32910380733680427E+02  6.22744219584898588E+02  9.65154187286937848E+00  5.12881432076614741E-01  1.71703261345084574E-03  2.07640842794151793E-05  4.71380981060893478E-08 -0.00000000000000000E+00 -0.00000000000000000E+00
  784.000000  6.25304598288376155E+02  6.15305021771989004E+02  9.49617520979079188E+00  5.01706602308286342E-01  1.67452987060946680E-03  2.01288499676189058E-05  4.55674067806160325E-08 -0.00000000000000000E+00 -0.00000000000000000E+00
  786.000000  6.17827575962543619E+02  6.07990916759332663E+02  9.34418833420266459E+00  4.90818051040479264E-01  1.63325867913890772E-03  1.95152344379854350E-05  4.40543747360450939E-08 -0.00000000000000000E+00 -0.00000000000000000E+00
  788.000000  6.10476515920572297E+02  6.00799205886376967E+02  9.19549054801201038E+00  4.80207343003977050E-01  1.59317815522215327E-03  1.89224273346161654E-05  4.25966869316236462E-08 -0.00000000000000000E+00 -0.00000000000000000E+00
  790.000000  6.03248695047950150E+02  5.93727262060247313E+02  9.04999402324827962E+00  4.69866324666298574E-01  1.55424894462352636E-03  1.83496515034158794E-05  4.11921293730184478E-08 -0.00000000000000000E+00 -0.00000000000000000E+00
  792.000000  5.96141462576911067E+02  5.86772527496355906E+02  8.90761369771417399E+00  4.59787113681689452E-01  1.51643315901374073E-03  1.77961615141276308E-05  3.98385843419560980E-08 -0.00000000000000000E+00 -0.00000000000000000E+00
  794.000000  5.89152237799606041E+02  5.79932511541810982E+02  8.76826717492363628E+00  4.49962088780030967E-01  1.47969431521493178E-03  1.72612422534288374E-05  3.85340258696964230E-08 -0.00000000000000000E+00 -0.00000000000000000E+00
  796.000000  5.82278507865087704E+02  5.73204788578123953E+02  8.63187462812782158E+00  4.40383880074525891E-01  1.44399727721940740E-03  1.67442075855948327E-05  3.72765154379570398E-08 -0.00000000000000000E+00 -0.00000000000000000E+00
  798.000000  5.75517825656644618E+02  5.66586995999967144E+02  8.49835870824424511E+00  4.31045359769098801E-01  1.40930820084382005E-03  1.62443990770212451E-05  3.60641978978821792E-08 -0.00000000000000000E+00 -0.00000000000000000E+00
  800.000000  5.68867807746109861E+02  5.60076832266791712E+02  8.36764445551007086E+00  4.21939633247243873E-01  1.37559448088756431E-03  1.57611847814554739E-05  3.48952975934596861E-08 -0.00000000000000000E+00 -0.00000000000000000E+00
  802.000000  5.62326132422056048E+02  5.53672055024410497E+02  8.23965921469352125E+00  4.13060030525181365E-01  1.34282470067156770E-03  1.52939580828036553E-05  3.37681146792590651E-08 -0.00000000000000000E+00 -0.00000000000000000E+00
  804.000000  5.55890537788749384E+02  5.47370479293592666E+02  8.11433255370245377E+00  4.04400098052853818E-01  1.31096858384104802E-03  1.48421365925609598E-05  3.26810216214990464E-08 -0.00000000000000000E+00 -0.00000000000000000E+00
  806.000000  5.49558819933036261E+02  5.41169975723007383E+02  7.99159618543982209E+00  3.95953590847153813E-01  1.27999694832041052E-03  1.44051610990788810E-05  3.16324598729981590E-08 -0.00000000000000000E+00 -0.00000000000000000E+00
  808.000000  5.43328831156385377E+02  5.35068468903907728E+02  7.87138389275723149E+00  3.87714464942574166E-01  1.24988166231536162E-03  1.39824945661341814E-05  3.06209367126391193E-08 -0.00000000000000000E+00 -0.00000000000000000E+00
  810.000000  5.37198478269467955E+02  5.29063935744076957E+02  7.75363145637725815E+00  3.79676870145213119E-01  1.22059560226380620E-03  1.35736211781575722E-05  2.96450222405514796E-08 -0.00000000000000000E+00 -0.00000000000000000E+00
  812.000000  5.31165720946727788E+02  5.23154403898643864E+02  7.63827658564587075E+00  3.71835143076619412E-01  1.19211261263986500E-03  1.31780454299186854E-05  2.87033465212839249E-08 -0.00000000000000000E+00 -0.00000000000000000E+00
  814.000000  5.25228570138562759E+02  5.17337950255520582E+02  7.52525885199407440E+00  3.64183800494773224E-01  1.16440746752259931E-03  1.27952912583904377E-05  2.77945968659853743E-08 -0.00000000000000000E+00 -0.00000000000000000E+00
  816.000000  5.19385086538856626E+02  5.11612699473329201E+02  7.41451962499468209E+00  3.56717532880055144E-01  1.13745583384504238E-03  1.24249012146901512E-05  2.69175152476677163E-08 -0.00000000000000000E+00 -0.00000000000000000E+00
  818.000000  5.13633379105601193E+02  5.05976822569691421E+02  7.30600201089239043E+00  3.49431198274580079E-01  1.11123423624252446E-03  1.20664356740912922E-05  2.60708958421319603E-08 -0.00000000000000000E+00 -0.00000000000000000E+00
  820.000000  5.07971603632589336E+02  5.00428535557965745E+02  7.19965079351058090E+00  3.42319816363912066E-01  1.08572002342502329E-03  1.17194720822695948E-05  2.52535826871474132E-08 -0.00000000000000000E+00 -0.00000000000000000E+00
  822.000000  5.02397961370087614E+02  4.94966098130468708E+02  7.09541237742352937E+00  3.35378562790632495E-01  1.06089133600071684E-03  1.13836042359302869E-05  2.44644674554273644E-08 -0.00000000000000000E+00 -0.00000000000000000E+00
  824.000000  4.96910697692679378E+02  4.89587812386465998E+02  6.99323473330378942E+00  3.28602763689806121E-01  1.03672707568312024E-03  1.10584415962287137E-05  2.37024873338717467E-08 -0.00000000000000000E+00 -0.00000000000000000E+00
  826.000000  4.91508100812361704E+02  4.84292021603125249E+02  6.89306734534860865E+00  3.21987890436764845E-01  1.01320687581608697E-03  1.07436086332462158E-05  2.29666230046669948E-08 -0.00000000000000000E+00 -0.00000000000000000E+00
  828.000000  4.86188500535192361E+02  4.79077109047822489E+02  6.79486116069829649E+00  3.15529554598183548E-01  9.90311073155695273E-04  1.04387442001479740E-05  2.22558967228190538E-08 -0.00000000000000000E+00 -0.00000000000000000E+00
  830.000000  4.80950267059807572E+02  4.73941496830217318E+02  6.69856854076130581E+00  3.09223503077731554E-01  9.68020680849900755E-04  1.01435009354623098E-05  2.15693704844401173E-08 -0.00000000000000000E+00 -0.00000000000000000E+00
  832.000000  4.75791809816207206E+02  4.68883644792576888E+02  6.60414321436878904E+00  3.03065613448118609E-01  9.46317362561234846E-04  9.85754469217634292E-06  2.09061442827982763E-08 -0.00000000000000000E+00 -0.00000000000000000E+00
  834.000000  4.70711576343179843E+02  4.63902049436814025E+02  6.51154023267720294E+00  2.97051889461540486E-01  9.25183407678781028E-04  9.58055399242573505E-06  2.02653544455847327E-08 -0.00000000000000000E+00 -0.00000000000000000E+00
  836.000000  4.65708051203121613E+02  4.58995242887065160E+02  6.42071592575194838E+00  2.91178456731201851E-01  9.04601707570298029E-04  9.31221950634928314E-06  1.96461720511428117E-08 -0.00000000000000000E+00 -0.00000000000000000E+00
  838.000000  4.60779754932641026E+02  4.54161791886281890E+02  6.33162786075838024E+00  2.85441558576601973E-01  8.84555732826257661E-04  9.05224355417302399E-06  1.90478014187629370E-08 -0.00000000000000000E+00 -0.00000000000000000E+00
  840.000000  4.55925243027578233E+02  4.49400296825537794E+02  6.24423480169416667E+00  2.79837552025741287E-01  8.65029511450780180E-04  8.80033963029788139E-06  1.84694786690846344E-08 -0.00000000000000000E+00 -0.00000000000000000E+00
  842.000000  4.51143104961424626E+02  4.44709390805104931E+02  6.15849667060140327E+00  2.74362903967897753E-01  8.46007607956330209E-04  8.55623194832825976E-06  1.79104703520000199E-08 -0.00000000000000000E+00 -0.00000000000000000E+00
  844.000000  4.46431963235530361E+02  4.40087738725754889E+02  6.07437451019655139E+00  2.69014187450510422E-01  8.27475103321503847E-04  8.31965500614535910E-06  1.73700721380050788E-08 -0.00000000000000000E+00 -0.00000000000000000E+00
  846.000000  4.41790472460245780E+02  4.35534036409492614E+02  5.99183044786208097E+00  2.63788078114444546E-01  8.09417575772897343E-04  8.09035316997042821E-06  1.68476075699025970E-08 -0.00000000000000000E+00 -0.00000000000000000E+00
  848.000000  4.37217318465646088E+02  4.31047009748438086E+02  5.91082766094118028E+00  2.58681350761780449E-01  7.91821082353866734E-04  7.86808027661521795E-06  1.63424268723489441E-08 -0.00000000000000000E+00 -0.00000000000000000E+00
  850.000000  4.32711217440814835E+02  4.26625413880882320E+02  5.83133034328727096E+00  2.53690876050822134E-01  7.74672141245500009E-04  7.65259925299774599E-06  1.58539058154525881E-08 -0.00000000000000000E+00 -0.00000000000000000E+00
  852.000000  4.28270915100699881E+02  4.22268032393594297E+02  5.75330367301451773E+00  2.48813617313097507E-01  7.57957714805734318E-04  7.44368175217160831E-06  1.53814446311414277E-08 -0.00000000000000000E+00 -0.00000000000000000E+00
  854.000000  4.23895185879473161E+02  4.17973676549356526E+02  5.67671378140366301E+00  2.44046627487401274E-01  7.41665193295233953E-04  7.24110780507603248E-06  1.49244669782304808E-08 -0.00000000000000000E+00 -0.00000000000000000E+00
  856.000000  4.19582832149421733E+02  4.13741184538813627E+02  5.60152772291479906E+00  2.39387046166163048E-01  7.25782379259379122E-04  7.04466548722443020E-06  1.44824189551241264E-08 -0.00000000000000000E+00 -0.00000000000000000E+00
  858.000000  4.15332683464527918E+02  4.09569420755835495E+02  5.52771344626492311E+00  2.34832096749596514E-01  7.10297472537693036E-04  6.85415059979235062E-06  1.40547681566182329E-08 -0.00000000000000000E+00 -0.00000000000000000E+00
  860.000000  4.11143595827735112E+02  4.05457275095440707E+02  5.45523976652776899E+00  2.30379083703319720E-01  6.95199055873000314E-04  6.66936636424086017E-06  1.36410027738084331E-08 -0.00000000000000000E+00 -0.00000000000000000E+00
  862.000000  4.07014450981233779E+02  4.01403662273658199E+02  5.38407633821539910E+00  2.26025389915342712E-01  6.80476081094406860E-04  6.49012313002367263E-06  1.32406307342676781E-08 -0.00000000000000000E+00 -0.00000000000000000E+00
  864.000000  4.02944155718726506E+02  3.97407521168327264E+02  5.31419362930370731E+00  2.21768474148403144E-01  6.66117855848948927E-04  6.31623809469969251E-06  1.28531788806927427E-08 -0.00000000000000000E+00 -0.00000000000000000E+00
  866.000000  3.98931641219031178E+02  3.93467814180239998E+02  5.24556289616319749E+00  2.17605868583897605E-01  6.52114030857893793E-04  6.14753503584149350E-06  1.24781921865056941E-08 -0.00000000000000000E+00 -0.00000000000000000E+00
  868.000000  3.94975862400308074E+02  3.89583526613944457E+02  5.17815615936284690E+00  2.13535176453841624E-01  6.38454587675736087E-04  5.98384405435169753E-06  1.21152330061174153E-08 -0.00000000000000000E+00 -0.00000000000000000E+00
  870.000000  3.91075797294034032E+02  3.85753666077373964E+02  5.11194618031064074E+00  2.09554069757303341E-01  6.25129826929545222E-04  5.82500132851897611E-06  1.17638803588014377E-08 -0.00000000000000000E+00 -0.00000000000000000E+00
  872.000000  3.87230446438206513E+02  3.81977261899818529E+02  5.04690643870025202E+00  2.05660287058082036E-01  6.12130357018504396E-04  5.67084887836614232E-06  1.14237292439423305E-08 -0.00000000000000000E+00 -0.00000000000000000E+00
  874.000000  3.83438832288918832E+02  3.78253364567415815E+02  4.98301111073077152E+00  2.01851631360372874E-01  5.99447083253780086E-04  5.52123433991874436E-06  1.10943899866520034E-08 -0.00000000000000000E+00 -0.00000000000000000E+00
  876.000000  3.79699998649873464E+02  3.74581045175757197E+02  4.92023504807315248E+00  1.98125968059480434E-01  5.87071197420195416E-04  5.37601074880897522E-06  1.07754876122736303E-08 -0.00000000000000000E+00 -0.00000000000000000E+00
  878.000000  3.76013010119074693E+02  3.70959394898887467E+02  4.85855375755184582E+00  1.94481222964599715E-01  5.74994167741698465E-04  5.23503633292182335E-06  1.04666612480982248E-08 -0.00000000000000000E+00 -0.00000000000000000E+00
  880.000000  3.72376951552148284E+02  3.67387524474169425E+02  4.79794338151682709E+00  1.90915380390901834E-01  5.63207729233619701E-04  5.09817431358544635E-06  1.01675635512760033E-08 -0.00000000000000000E+00 -0.00000000000000000E+00
  882.000000  3.68790927541705628E+02  3.63864563702464920E+02  4.73838067887748160E+00  1.87426481318255872E-01  5.51703874425321390E-04  4.96529271498265580E-06  9.87786016177372829E-09 -0.00000000000000000E+00 -0.00000000000000000E+00
  884.000000  3.65254061912304735E+02  3.60389660963207518E+02  4.67984300677732890E+00  1.84012621614063093E-01  5.40474844438153614E-04  4.83626418140737727E-06  9.59722917890207203E-09 -0.00000000000000000E+00 -0.00000000000000000E+00
  886.000000  3.61765497230275173E+02  3.56961982743666510E+02  4.62230830287946315E+00  1.80671950317671998E-01  5.29513120403083456E-04  4.71096580200332176E-06  9.32536066065435176E-09 -0.00000000000000000E+00 -0.00000000000000000E+00
  888.000000  3.58324394328122082E+02  3.53580713182133593E+02  4.56575506824816291E+00  1.77402667984140505E-01  5.18811415204963825E-04  4.58927894268414459E-06  9.06195614455235104E-09 -0.00000000000000000E+00 -0.00000000000000000E+00
  890.000000  3.54929931842895826E+02  3.50245053624453590E+02  4.51016235079588856E+00  1.74203025084990443E-01  5.08362665538745367E-04  4.47108908488436853E-06  8.80672818910246793E-09 -0.00000000000000000E+00 -0.00000000000000000E+00
  892.000000  3.51581305768068148E+02  3.46954222193454086E+02  4.45550972928088562E+00  1.71071320463877130E-01  4.98160024265553096E-04  4.35628567087265825E-06  8.55939993503142237E-09 -0.00000000000000000E+00 -0.00000000000000000E+00
  894.000000  3.48277729018525349E+02  3.43707453370912049E+02  4.40177729783351435E+00  1.68005899845066364E-01  4.88196853056171640E-04  4.24476195533325469E-06  8.31970468506767228E-09 -0.00000000000000000E+00 -0.00000000000000000E+00
  896.000000  3.45018431008160235E+02  3.40503997591560449E+02  4.34894565098952501E+00  1.65005154392731695E-01  4.78466715309694922E-04  4.13641486293723245E-06  8.08738550183151058E-09 -0.00000000000000000E+00 -0.00000000000000000E+00
  898.000000  3.41802657239729911E+02  3.37343120848819240E+02  4.29699586921501719E+00  1.62067519319213038E-01  4.68963369336645390E-04  4.03114485163556651E-06  7.86219482269891176E-09 -0.00000000000000000E+00 -0.00000000000000000E+00
  900.000000  3.38629668906477832E+02  3.34224104311772749E+02  4.24590950490326779E+00  1.59191472540349432E-01  4.59680761795568593E-04  3.92885578146985530E-06  7.64389409100130376E-09 -0.00000000000000000E+00 -0.00000000000000000E+00
