# Wavelength || Total || n=1 | n=2 | ...
  300.000000  2.75907731246938783E+03  1.80119111105172237E+03  7.67252399719178584E+02  1.52345741705942373E+02  3.37854696899715634E+01  3.87351516091857784E+00  5.76330924266869826E-01  4.74833853674573314E-02  5.26083202039120783E-03
  302.000000  2.92118781147422987E+03  1.91795944393842478E+03  8.04553902917695950E+02  1.59110807645913610E+02  3.49407699900155535E+01  3.98155341852556433E+00  5.87962756855296198E-01  4.80766227128021362E-02  5.29418408634917646E-03
  304.000000  3.09223258435716434E+03  2.04156949782353126E+03  8.43601616047313655E+02  1.66172670527177047E+02  3.61409857231021618E+01  4.09370982975511044E+00  6.00067838890167016E-01  4.87052822117881729E-02  5.33128518318678676E-03
  306.000000  3.27278374414004020E+03  2.17245705739806363E+03  8.84509857039811891E+02  1.73549553140958807E+02  3.73895380121438450E+01  4.21030192566611028E+00  6.12691555102160113E-01  4.93726097762949775E-02  5.37245851770637266E-03
  308.000000  3.46346168039547683E+03  2.31109287854801687E+03  9.27404147335745847E+02  1.81261348915397491E+02  3.86902349810144344E+01  4.33168523842581266E+00  6.25884971809764878E-01  5.00823303698438235E-02  5.41807469663763402E-03
  310.000000  3.66494006274441062E+03  2.45798598213259083E+03  9.72422645989437456E+02  1.89329830727713585E+02  4.00473306573686401E+01  4.45826008242674288E+00  6.39705845316902333E-01  5.08387485875364600E-02  5.46856096903080777E-03
  312.000000  3.87795150761970217E+03  2.61368730019738678E+03  1.01971783900988373E+03  1.97778900587024026E+02  4.14655965593905407E+01  4.59048010201490531E+00  6.54219873977884725E-01  5.16468771690153580E-02  5.52441285538931258E-03
  314.000000  4.10329403015199023E+03  2.77879371961109337E+03  1.06945854484519100E+03  2.06634891978084426E+02  4.29504094695610661E+01  4.72886316889045855E+00  6.69502267411319574E-01  5.25126028336888248E-02  5.58620892560950707E-03
  316.000000  4.34183843503823300E+03  2.95395257587021160E+03  1.12183231524303778E+03  2.15926941128251428E+02  4.45078600867873320E+01  4.87400544426030269E+00  6.85639733325156708E-01  5.34429025775950625E-02  5.65462978236071050E-03
  318.000000  4.59453684363164029E+03  3.13986665970533386E+03  1.17704833563637681E+03  2.25687449979127564E+02  4.61448889171478598E+01  5.02659976060831415E+00  7.02733021243257316E-01  5.44461290648660876E-02  5.73048273748767538E-03
  320.000000  4.86243261430905204E+03  3.33729981207463925E+03  1.23534096345983971E+03  2.35952673302983158E+02  4.78694581427312187E+01  5.18745998333858616E+00  7.20900219285741217E-01  5.55323919225395868E-02  5.81473431138021957E-03
  322.000000  5.14667199712930051E+03  3.54708320058520530E+03  1.29697409043717448E+03  2.46763476961431024E+02  4.96907716557396668E+01  5.35755377691526213E+00  7.40281085046329834E-01  5.67140741256325562E-02  5.90855366271556080E-03
  324.000000  5.44851798390339536E+03  3.77012239467546260E+03  1.36224658192661491E+03  2.58166336655793543E+02  5.16195605336149157E+01  5.53804737745299569E+00  7.61042821121647006E-01  5.80065417565214722E-02  6.01337157793038930E-03
  326.000000  5.76936699010119355E+03  4.00740539185404168E+03  1.43149914198537022E+03  2.70214681533992632E+02  5.36684588982953628E+01  5.73036782360629982E+00  7.83387908300936298E-01  5.94291355045339850E-02  6.13096208134858173E-03
  328.000000  6.11076926650465339E+03  4.26001179943038187E+03  1.50512309091370776E+03  2.82970743087214146E+02  5.58525069314528935E+01  5.93629106865772371E+00  8.07564934750439889E-01  6.10065807644070771E-02  6.26355772546545626E-03
  330.000000  6.47445433778346251E+03  4.52912345678414204E+03  1.58357174446816020E+03  2.96508161728378695E+02  5.81898365686409633E+01  6.15806928536517528E+00  8.33883898947919144E-01  6.27710334141483722E-02  6.41401641383731146E-03
  332.000000  6.86236339063924788E+03  4.81603691250087468E+03  1.66737538524492174E+03  3.10915758306385044E+02  6.07026260727164839E+01  6.39861893863742814E+00  8.62738391123697546E-01  6.47651150083892319E-02  6.58606958058168164E-03
  334.000000  7.27669154174279356E+03  5.12217838552230023E+03  1.75716127258241272E+03  3.26303146324081183E+02  6.34184617643870112E+01  6.66180559675072281E+00  8.94638717499645852E-01  6.70465318216822287E-02  6.78470354085360539E-03
  336.000000  7.71994458815845519E+03  5.44912220779277050E+03  1.85368083875529942E+03  3.42809341478274973E+02  6.63723375099230992E+01  6.95288739710136916E+00  9.30263144229471872E-01  6.96953127120536753E-02  7.01676814393080352E-03
  338.000000  8.19501770242644670E+03  5.79861438810276013E+03  1.95784731626036546E+03  3.60616417519522543E+02  6.96096947364787013E+01  7.27922768066059156E+00  9.70540590906248113E-01  7.28255431558986061E-02  7.29199259511032621E-03
  340.000000  8.70530852261211840E+03  6.17260401806076516E+03  2.07078877523087158E+03  3.79971979993957291E+02  7.31912460165029159E+01  7.65148238639453826E+00  1.01679098951909719E+00  7.66051623742074611E-02  7.62477173253172952E-03
  342.000000  9.25488556983963645E+03  6.57328660514947023E+03  2.19392425128958439E+03  4.01227702516686577E+02  7.72010415945468509E+01  8.08566271478225751E+00  1.07097815145613140E+00  8.12909249301989184E-02  8.03749818096777605E-03
  344.000000  9.84874423266457961E+03  7.00316156316041361E+03  2.32907434698906809E+03  4.24908539122550224E+02  8.17608381415725631E+01  8.60688856193577223E+00  1.13619659372539261E+00  8.72929460925053052E-02  8.56714922190282037E-03
  346.000000  1.04931801349889611E+04  7.46507973133203996E+03  2.47862023930010992E+03  4.51843938251583040E+02  8.70574823072256407E+01  9.25650508768637437E+00  1.21766739660708945E+00  9.52927900038144926E-02  9.27852370685788852E-03
  348.000000  1.11962634921541285E+04  7.96216354842283545E+03  2.64572396641982232E+03  4.83432191136485756E+02  9.33967387534053444E+01  1.01055610908510474E+01  1.32483929019781743E+00  1.06357544497763912E-01  1.02894960332675228E-02
  350.000000  1.19684583360238848E+04  8.49743945120693934E+03  2.83464565371335812E+03  5.22196582478900268E+02  1.01284268166249674E+02  1.12836272716484984E+01  1.47512597367828890E+00  1.21787197405709924E-01  1.18400157046241617E-02
  352.000000  1.28236620924334511E+04  9.07326199736132185E+03  3.05124173020801709E+03  5.72944282404301589E+02  1.11274805638576623E+02  1.30935154079438529E+01  1.68418004512229902E+00  1.47425672848611300E-01  1.41556953177269500E-02
  354.000000  1.37817472512667628E+04  9.69130107371179110E+03  3.30391714963076674E+03  6.45153403862611071E+02  1.23104488559393005E+02  1.61478436050496512E+01  1.90866136964940902E+00  1.98272387884233486E-01  1.63581396198495058E-02
  356.000000  1.48774966273181963E+04  1.03559996268326904E+04  3.60644546261680216E+03  7.53812518798654537E+02  1.37797458024012485E+02  2.09890539819742941E+01  2.15548928913756566E+00  2.78719968245620620E-01  1.82978066768352786E-02
  358.000000  1.60963399390752875E+04  1.10457973176017258E+04  3.97972460527799376E+03  8.85371717036864425E+02  1.56410062904663789E+02  2.61984679386731578E+01  2.46064459877078878E+00  3.56505315756450281E-01  2.06184008395561870E-02
  360.000000  1.73387418518512932E+04  1.17490290621473250E+04  4.46274839294072171E+03  9.24955616983501272E+02  1.73603912459141412E+02  2.54298882728983457E+01  2.62768434285094887E+00  3.26324226338103596E-01  2.09704785198873457E-02
  362.000000  1.87594168695357403E+04  1.25313438065071114E+04  5.12406459148194608E+03  8.86506340155421753E+02  1.93813298792557731E+02  2.06589842993714079E+01  2.77603864514929599E+00  2.33038210615407665E-01  2.07714435702954503E-02
  364.000000  2.06310855536479612E+04  1.33989703727699598E+04  6.07806811891678262E+03  9.02224046024184759E+02  2.29829930108236397E+02  1.85708898673079226E+01  3.21461778937531806E+00  1.84374531826377530E-01  2.32036402918748379E-02
  366.000000  2.31697860105706714E+04  1.43146275150386318E+04  7.53313903596458567E+03  1.00554490332181570E+03  2.92193349272411467E+02  1.99685802323616031E+01  4.09748830788295670E+00  1.85850319165886568E-01  2.92881138140354408E-02
  368.000000  2.66882279637800857E+04  1.51964602494975461E+04  9.83065378558421435E+03  1.23254250810331291E+03  3.97182521851643287E+02  2.54566413242159300E+01  5.65404810199030550E+00  2.37694534014139758E-01  4.05147831483523915E-02
  370.000000  3.13271897860093995E+04  1.58636594887014162E+04  1.32049988272296159E+04  1.65490591907739599E+03  5.58071428358093613E+02  3.70546026371527120E+01  8.08198434459934489E+00  3.59320415641982194E-01  5.82152454841199513E-02
  372.000000  3.56202837522915652E+04  1.62887687894783921E+04  1.63702466930294031E+04  2.18512024608050569E+03  7.12994726130703953E+02  5.21410992633328974E+01  1.04168934438897107E+01  5.20234708616615471E-01  7.50701567215803084E-02
  374.000000  3.62374724970989628E+04  1.70328523681971346E+04  1.61049345197462171E+04  2.33560417416605151E+03  6.97405258901400089E+02  5.59445198379748021E+01  1.01026380657127799E+01  5.56907981671333596E-01  7.21102027994794531E-02
  376.000000  3.41268714669905748E+04  1.82707915005200521E+04  1.31700157758283021E+04  2.08292602625163272E+03  5.47171777636459638E+02  4.77231649570810319E+01  7.72638223028990190E+00  4.62760844375408376E-01  5.40787223831296696E-02
  378.000000  3.25895600214709011E+04  1.97317264971640943E+04  1.05849692859290462E+04  1.81482361332382425E+03  4.13051013963535524E+02  3.89688062079318485E+01  5.61888251567943886E+00  3.63645078124445686E-01  3.82772886611561017E-02
  380.000000  3.23268828005920113E+04  2.12827661929312781E+04  9.02904867371875116E+03  1.64843972601154724E+03  3.28890082372858444E+02  3.31278835090108217E+01  4.28550323386748211E+00  2.96451659448599025E-01  2.82871552515420073E-02
  382.000000  3.29737401426176730E+04  2.28968761760941634E+04  8.20038009501711895E+03  1.56319592013427905E+03  2.79916705593061863E+02  2.96029504647485950E+01  3.49162667462998355E+00  2.54372161711401368E-01  2.22964779565390965E-02
  384.000000  3.41885278401801843E+04  2.45736572432992434E+04  7.80327424617437828E+03  1.52915317107419901E+03  2.51660085756667968E+02  2.75235595552267895E+01  3.01304417898249532E+00  2.27863970813631356E-01  1.86261706692972123E-02
  386.000000  3.57680388732891006E+04  2.63151460392614135E+04  7.66124232115765244E+03  1.52687775877934837E+03  2.35502228044816064E+02  2.63261372284277293E+01  2.71729923701219800E+00  2.10795821303538161E-01  1.62937591408344254E-02
  388.000000  3.75954924504413575E+04  2.81202035231517730E+04  7.67535833801523586E+03  1.54487043370104470E+03  2.26635159167516349E+02  2.56796962500679875E+01  2.53095301228828928E+00  1.99589053852857329E-01  1.47580895768700312E-02
  390.000000  3.95982088315476431E+04  2.99832375914679906E+04  7.78851462094473754E+03  1.57613780481828530E+03  2.22313926200262472E+02  2.53866406362385391E+01  2.41240561963231359E+00  1.92127191043514944E-01  1.37146694436955860E-02
  392.000000  4.17242618120206898E+04  3.18937873505145690E+04  7.96560549614948377E+03  1.61611838486393299E+03  2.20890628569249770E+02  2.53228686055522232E+01  2.33699586321073483E+00  1.87102862635583456E-01  1.29845920612217947E-02
  394.000000  4.39302230043294621E+04  3.38362533300045980E+04  8.18321381504305737E+03  1.66155225364334160E+03  2.21312971995432889E+02  2.54052079021185975E+01  2.28930416379792279E+00  1.83664099502099720E-01  1.24574776213229391E-02
  396.000000  4.61746645154387152E+04  3.57897083291112431E+04  8.42419896805674944E+03  1.70986939244071164E+03  2.22861597322041519E+02  2.55738106021976890E+01  2.25913276041230615E+00  1.81223367379465344E-01  1.20617779797033524E-02
  398.000000  4.84147615551841009E+04  3.77278794596909138E+04  8.67480252079604543E+03  1.75885749966403387E+03  2.25009119024505935E+02  2.57825064392759096E+01  2.23934817905735661E+00  1.79352534241520867E-01  1.17488560261323847E-02
  400.000000  5.06047681345448800E+04  3.96194270276713578E+04  8.92310301710645945E+03  1.80648746211252319E+03  2.27343215813349190E+02  2.59935090719069279E+01  2.22469434586499926E+00  1.77724228189829220E-01  1.14841952280210144E-02
  402.000000  5.26958178018666658E+04  4.14286409711742454E+04  9.15824369067431689E+03  1.85083497374207082E+03  2.29525087900511608E+02  2.61746238355564209E+01  2.21113286258073050E+00  1.76079233743746510E-01  1.12424436395948246E-02
  404.000000  5.46367941856573816E+04  4.31166432434907911E+04  9.37013789651920888E+03  1.89006589437121443E+03  2.31268484575618061E+02  2.62979710327560134E+01  2.19548197072954387E+00  1.74209097031848364E-01  1.10046000311729390E-02
  406.000000  5.63761059201289318E+04  4.46431240169239318E+04  9.54948717328821476E+03  1.92246596716584941E+03  2.32331171613883924E+02  2.63396568062865235E+01  2.17523008196048862E+00  1.71947817922138785E-01  1.07564308792451081E-02
  408.000000  5.78641778409911276E+04  4.59685529200016608E+04  9.68800264178560246E+03  1.94650026829182002E+03  2.32513885058838866E+02  2.62800182928903965E+01  2.14845112548980088E+00  1.69168838152331413E-01  1.04875966686438279E-02
  410.000000  5.90563907009597460E+04  4.70567047449993552E+04  9.77874023244658383E+03  1.96088850385066826E+03  2.31663312654743493E+02  2.61041563352084474E+01  2.11377479654277245E+00  1.65784709743375253E-01  1.01911668984506938E-02
  412.000000  5.99161114961588974E+04  4.78772434059506559E+04  9.81646549491547921E+03  1.96468170549728279E+03  2.29676388778251948E+02  2.58025115018775217E+01  2.07037871541213203E+00  1.61747486051955991E-01  9.86331388306813280E-03
  414.000000  6.04173992440074944E+04  4.84080458106044025E+04  9.79796800184443418E+03  1.95732592874388251E+03  2.26503697422885324E+02  2.53712753878553805E+01  2.01797859417541670E+00  1.57048364534317253E-01  9.50304532020495966E-03
  416.000000  6.05469812753989972E+04  4.86369435087815291E+04  9.72225687094493696E+03  1.93870046229840773E+03  2.22150325873295088E+02  2.48124796999934354E+01  1.95680031389011821E+00  1.51715598098714849E-01  9.11188885471118405E-03
  418.000000  6.03051878532621631E+04  4.85626259103430639E+04  9.59059083290247145E+03  1.90912220557260457E+03  2.16673199010515845E+02  2.41336760385285416E+01  1.88752567723748887E+00  1.45810229555035448E-01  8.69348818571264413E-03
  420.000000  5.97056962483550233E+04  4.81945751681484544E+04  9.40632655292414529E+03  1.86931373082024356E+03  2.10174710224604411E+02  2.33472020212161979E+01  1.81121135593476557E+00  1.39419749812576432E-01  8.25311061845742863E-03
  422.000000  5.87741323137494255E+04  4.75520599709198941E+04  9.17460153167109274E+03  1.82033885067464894E+03  2.02793217565407019E+02  2.24691083807271923E+01  1.72918719549136424E+00  1.32650245150322921E-01  7.79709701350274256E-03
  424.000000  5.75457587756791181E+04  4.66623634088235412E+04  8.90189530888145600E+03  1.76351474585581309E+03  1.94691538050284976E+02  2.15178794321430580E+01  1.64294444026122521E+00  1.25617892582717328E-01  7.33230303718165194E-03
  426.000000  5.60626013893284617E+04  4.55585226333364699E+04  8.59552879352815398E+03  1.70031268588098328E+03  1.86044840095941623E+02  2.05131042197682767E+01  1.55402594506330427E+00  1.18440738049916977E-01  6.86558403133938865E-03
  428.000000  5.43704041296764626E+04  4.42768954609194334E+04  8.26316392339451340E+03  1.63225965229466806E+03  1.77029282894344334E+02  1.94742460741350563E+01  1.46392916854495447E+00  1.11231564116964471E-01  6.40336670920410144E-03
  430.000000  5.25157660787009227E+04  4.28548426340532824E+04  7.91235618733102547E+03  1.56085111288817529E+03  1.67812449005558960E+02  1.84196221869407530E+01  1.37402951397390427E+00  1.04092387976242123E-01  5.95133399514397379E-03
  432.000000  5.05437194591906446E+04  4.13287423768685767E+04  7.55019537704577215E+03  1.48748171516254297E+03  1.58546181957101652E+02  1.73656555632243474E+01  1.28552754761708021E+00  9.71108154803587281E-02  5.51423033206779357E-03
  434.000000  4.84958927389368255E+04  3.97324619406717538E+04  7.18305067620650880E+03  1.41339683658046170E+03  1.49361998713014970E+02  1.63264129380602299E+01  1.19941985614993096E+00  9.03581924451694052E-02  5.09577843178936601E-03
  436.000000  4.64092940378713974E+04  3.80963227590850292E+04  6.81641929329412051E+03  1.33966461368938758E+03  1.40368889593318073E+02  1.53134037217302641E+01  1.11649050960948015E+00  8.38892907284447265E-02  4.69868747585720260E-03
  438.000000  4.43156669592585022E+04  3.64465272892920693E+04  6.45486584788439632E+03  1.26716575486640863E+03  1.31653089637940667E+02  1.43355911562872897E+01  1.03731853422421882E+00  7.77431593886086791E-02  4.32472778734747151E-03
  440.000000  4.22413202991354337E+04  3.48049727574382341E+04  6.10203323892155640E+03  1.19659722333200784E+03  1.23279306181685413E+02  1.33995572997374275E+01  9.62296365710574864E-01  7.19447494808794497E-02  3.97484703208590608E-03
  442.000000  4.02073124637727742E+04  3.31893584166713263E+04  5.76070398880860284E+03  1.12848559181384940E+03  1.15292890603425789E+02  1.25097649683482715E+01  8.91654641329450159E-01  6.65069595107404821E-02  3.64930637978863820E-03
  444.000000  3.82298733618800616E+04  3.16134928425900871E+04  5.43289264229349101E+03  1.06320622812736087E+03  1.07722510554101333E+02  1.16688681338213769E+01  8.25489541741851962E-01  6.14328194314303633E-02  3.34782003277244713E-03
  446.000000  3.63209622536318129E+04  3.00877192764436149E+04  5.11995321358431102E+03  1.00100517521960955E+03  1.00582977545269912E+02  1.08780336337784771E+01  7.63789907127214285E-01  5.67176113489835723E-02  3.06968675601194778E-03
  448.000000  3.44888818858803788E+04  2.86193939086404935E+04  4.82268971135698757E+03  9.42021402722513812E+02  9.38779875411999996E+01  1.01372485959326166E+01  7.06462317096634540E-01  5.23507994908270213E-02  2.81390666757023490E-03
  450.000000  3.27388917609581040E+04  2.72133697904827932E+04  4.54146162498448302E+03  8.86307874010077853E+02  8.76026233338149609E+01  9.44559803668370712E+00  6.53353127447704352E-01  4.83177026216541350E-02  2.57928017960109635E-03
  452.000000  3.10737833584857071E+04  2.58724550720596453E+04  4.27627949733378136E+03  8.33850511861778500E+02  8.17455398323865978E+01  8.80150496302000107E+00  6.04267059891297587E-01  4.46008866515733293E-02  2.36448855038936612E-03
  454.000000  2.94943961324451811E+04  2.45978272422729569E+04  4.02688819097163059E+03  7.84584630717780442E+02  7.62908057752455591E+01  8.20293091378975525E+00  5.58982351833210545E-01  4.11812848031173628E-02  2.16815713897469068E-03
  456.000000  2.80000649152029328E+04  2.33893947330341580E+04  3.79283720146019095E+03  7.38408741545194516E+02  7.12194099582244604E+01  7.64753850752665976E+00  5.17262724144778363E-01  3.80390701458096364E-02  1.98890334729629912E-03
  458.000000  2.65889974210764703E+04  2.22461039466881630E+04  3.57353849750157769E+03  6.95195850508411468E+02  6.65104604936565380E+01  7.13281964434685101E+00  4.78866554972019742E-01  3.51543137442770701E-02  1.82537160149658984E-03
  460.000000  2.52585855809860259E+04  2.11661940245468977E+04  3.36831301543426662E+03  6.54802493941187549E+02  6.21421156755344271E+01  6.65619397222986109E+00  4.43553694158769107E-01  3.25074640011219287E-02  1.67625774758405977E-03
  462.000000  2.40056572246365431E+04  2.01474040952321702E+04  3.17642724158453530E+03  6.17075806932419709E+02  5.80922880871016432E+01  6.21508244752793448E+00  4.11090346384860639E-01  3.00796813469724096E-02  1.54032505962731388E-03
  464.000000  2.28266758401156840E+04  1.91871388666648018E+04  2.99712139478445761E+03  5.81858933892473715E+02  5.43391622992992041E+01  5.80696058735089959E+00  3.81252414559646924E-01  2.78530589561966774E-02  1.41641378239011346E-03
  466.000000  2.17178963313364256E+04  1.82825986960378905E+04  2.82963066101852428E+03  5.48995074086378736E+02  5.08615628100565047E+01  5.42939553765729688E+00  3.53827644279852915E-01  2.58107558182702826E-02  1.30344582147756596E-03
  468.000000  2.06754842709009245E+04  1.74308800205848711E+04  2.67320079575378213E+03  5.18330425624288864E+02  4.76392040859648276E+01  5.08007050660290282E+00  3.28616855513245154E-01  2.39370640086245152E-02  1.20042589275764057E-03
  470.000000  1.96956053977959018E+04  1.66290514947541124E+04  2.52709923959860953E+03  4.89716256023717563E+02  4.46528495300966242E+01  4.75679952621379254E+00  3.05434495177979048E-01  2.22174278011649448E-02  1.10644017052311753E-03
  472.000000  1.87744912271422581E+04  1.58742105152531531E+04  2.39062271640085646E+03  4.63010291347796567E+02  4.18844014044273010E+01  4.45753495709708059E+00  2.84108697130461330E-01  2.06384285557962704E-02  1.02065323976265987E-03
  474.000000  1.79084857422896566E+04  1.51635241247129488E+04  2.26310211539968805E+03  4.38077582029420341E+02  3.93169394364528131E+01  4.18036966546134270E+00  2.64480995551996390E-01  1.91877461705537433E-02  9.42303963736986503E-04
  476.000000  1.70940772965887118E+04  1.44942576264932068E+04  2.14390530866804556E+03  4.14790973291616069E+02  3.69347221379962036E+01  3.92353538781590672E+00  2.46405804001987139E-01  1.78541053017904836E-02  8.70700721323009537E-04
  478.000000  1.63279190977756134E+04  1.38637936482584773E+04  2.03243842501258609E+03  3.93031282106899369E+02  3.47231617684096818E+01  3.68539845539777389E+00  2.29749745019858398E-01  1.66272124773731642E-02  8.05216344843317946E-04
  480.000000  1.56068409950634432E+04  1.32696438732137030E+04  1.92814599198790916E+03  3.72687260883090005E+02  3.26687813421955298E+01  3.46445377160943258E+00  2.14390893352599227E-01  1.54976885889110527E-02  7.45282993205127189E-04
  482.000000  1.49278547377020514E+04  1.27094552170307597E+04  1.83051026735071514E+03  3.53655410195320599E+02  3.07591600460958645E+01  3.25931771325720820E+00  2.00217978803611418E-01  1.44569999776172978E-02  6.90387122084428601E-04
  484.000000  1.42881544166772073E+04  1.21810118609763467E+04  1.73905000795581736E+03  3.35839688438088103E+02  2.89828718190939831E+01  3.06872045133486582E+00  1.87129581512628096E-01  1.34973903564437163E-02  6.40064658067445238E-04
  486.000000  1.36851134277956589E+04  1.16822342499957631E+04  1.65331886536271281E+03  3.19151154743682696E+02  2.73294205884310131E+01  2.89149805111905334E+00  1.75033342429027461E-01  1.26118150783814630E-02  5.93896443173369754E-04
  488.000000  1.31162789928641632E+04  1.12111759196866824E+04  1.57290355088901219E+03  3.03507572414514868E+02  2.57891746801497064E+01  2.72658460691559146E+00  1.63845204185843113E-01  1.17938787160542825E-02  5.51503986789673799E-04
  490.000000  1.25793650346096510E+04  1.07660188194829352E+04  1.49742187634231527E+03  2.88832993005859976E+02  2.43533021770148217E+01  2.57300458749067040E+00  1.53488691973557523E-01  1.10377765187234019E-02  5.12545541121687599E-04
  492.000000  1.20722440098791794E+04  1.03450676427846902E+04  1.42652074827401907E+03  2.75057335687187901E+02  2.30137084321810725E+01  2.42986550866379458E+00  1.43894239911310395E-01  1.03382400254563404E-02  4.76712501702688521E-04
  494.000000  1.15929381553067597E+04  9.94674355101110632E+03  1.35987417170717072E+03  2.62115972280458607E+02  2.17629765241786544E+01  2.29635100534788972E+00  1.34998565462244230E-01  9.69048691043609620E-03  4.43726124703100087E-04
  496.000000  1.11396104821655408E+04  9.56957758139083853E+03  1.29718130254995867E+03  2.49949325153863526E+02  2.05943111260008394E+01  2.17171434297385124E+00  1.26744092360441513E-01  9.09017499700640920E-03  4.13334546455881478E-04
  498.000000  1.07105557659660190E+04  9.21220395252054732E+03  1.23816457521529264E+03  2.38502482720982698E+02  1.95014860327951212E+01  2.05527238493732334E+00  1.19078421090895475E-01  8.53336028467566871E-03  3.85310086823648622E-04
  500.000000  1.03041917060997184E+04  8.87335342298420983E+03  1.18256792243723612E+03  2.27724835482491358E+02  1.84787954289047534E+01  1.94640001626274617E+00  1.11953845022104675E-01  8.01645877537131291E-03  3.59446816048503972E-04
  502.000000  9.91905037705019095E+03  8.55184681309239022E+03  1.13015509719533088E+03  2.17569734210193332E+02  1.75210088599705180E+01  1.84452501238404065E+00  1.05326909703878049E-01  7.53621185218780222E-03  3.35558363998326450E-04
  504.000000  9.55377005186834140E+03  8.24658876522238461E+03  1.08070810146931558E+03  2.07994170901235748E+02  1.66233297975111896E+01  1.74912333448110724E+00  9.91580125138551705E-02  7.08965494855830734E-03  3.13475950869232869E-04
  506.000000  9.20708744787601609E+03  7.95656179200123461E+03  1.03402572280224808E+03  1.98958482436625673E+02  1.57813576321853617E+01  1.65971482817001648E+00  9.34110396890342337E-02  6.67408924278656539E-03  2.93046619108859976E-04
  508.000000  8.87783042168245629E+03  7.68082064185308082E+03  9.89922177007697314E+02  1.90426076395481829E+02  1.49910529009116189E+01  1.57585929975909012E+00  8.80530377605413528E-02  6.28705611827595854E-03  2.74131647394596910E-04
  510.000000  8.56491112379024707E+03  7.41848699677718469E+03  9.48225853545350560E+02  1.82363178152379930E+02  1.42487055364182904E+01  1.49715294316840741E+00  8.30539164771511434E-02  5.92631414064040754E-03  2.56605128769295059E-04
  512.000000  8.26731961091014091E+03  7.16874450646726018E+03  9.08778158900324001E+02  1.74738598178889646E+02  1.35509059216978027E+01  1.42322509052851065E+00  7.83861804280908542E-02  5.58981831707969831E-03  2.40352696404798132E-04
  514.000000  7.98411790553014362E+03  6.93083415515031538E+03  8.71432452576617038E+02  1.67523518351584670E+02  1.28945185329896610E+01  1.35373526010272860E+00  7.40246867347290338E-02  5.27570141943996263E-03  2.25270381853594253E-04
  516.000000  7.71443448640939187E+03  6.70404995208312084E+03  8.36053069928653144E+02  1.60691296013158961E+02  1.22766579610681408E+01  1.28837047627122669E+00  6.99464263589497232E-02  4.98225716918050416E-03  2.11263592013019905E-04
  518.000000  7.45745918983782485E+03  6.48773493295434582E+03  8.02514425914694243E+02  1.54217284523057003E+02  1.16946671099759403E+01  1.22684283769838420E+00  6.61303267619796215E-02  4.70792509930726463E-03  1.98246192329502651E-04
  520.000000  7.21243849921028959E+03  6.28127745707776739E+03  7.70700193891166577E+02  1.48078669055800532E+02  1.11460973837595940E+01  1.16888731135223867E+00  6.25570738336553300E-02  4.45127692471998168E-03  1.86139684999587368E-04
  522.000000  6.97867119928512420E+03  6.08410778387171104E+03  7.40502553721437266E+02  1.42254316448211569E+02  1.06286906841742574E+01  1.11425973165853032E+00  5.92089511930145793E-02  4.21100426802628516E-03  1.74872472061157703E-04
  524.000000  6.75550437116343164E+03  5.89569491147671306E+03  7.11821503709701574E+02  1.36724637954177979E+02  1.01403630552132267E+01  1.06273498569532276E+00  5.60696951336965496E-02  3.98590760253385041E-03  1.64379194314752825E-04
  526.000000  6.54232970426421070E+03  5.71554366023555667E+03  6.84564231157429163E+02  1.31471463831072867E+02  9.67918982316026089E+00  1.01410536691703457E+00  5.31243636501119790E-02  3.77488628772904315E-03  1.54600137970239444E-04
  528.000000  6.33858010223165911E+03  5.54319198402121947E+03  6.58644536655370075E+02  1.26477928751915442E+02  9.24339209332251066E+00  9.68179081414119236E-01  5.03592181308937445E-02  3.57692958505698329E-03  1.45480701776682579E-04
  530.000000  6.14372656065269803E+03  5.37820849292551884E+03  6.33982307553817009E+02  1.21728367108738126E+02  8.83132447655955488E+00  9.24778892148389264E-01  4.77616164452130398E-02  3.39110855324894090E-03  1.36970918174623936E-04
  532.000000  5.95727529556840818E+03  5.22019017151456410E+03  6.10503036382869368E+02  1.17208217343040857E+02  8.44146392996189121E+00  8.83740887941302788E-01  4.53199162748602127E-02  3.21656873282358648E-03  1.29025022710529020E-04
  534.000000  5.77876510298740959E+03  5.06876027767645883E+03  5.88137380319068484E+02  1.12903934507844781E+02  8.07239960653792288E+00  8.44913365233827984E-01  4.30233876605350327E-02  3.05252353878432327E-03  1.21601066579815801E-04
  536.000000  5.60776493086895698E+03  4.92356640795829389E+03  5.66820758106452217E+02  1.08802910331197211E+02  7.72282361854183286E+00  8.08155811777867994E-01  4.08621338364473230E-02  2.89824828901201785E-03  1.14660567728859140E-04
  538.000000  5.44387164631025826E+03  4.78427871618884546E+03  5.46492981135742184E+02  1.04893400112704484E+02  7.39152262798022885E+00  7.73337982463303319E-01  3.88270195214693026E-02  2.75307480346008307E-03  1.08168196443381119E-04
  540.000000  5.28670798192629536E+03  4.65058827308974287E+03  5.27097915665455503E+02  1.01164455842617528E+02  7.07737018611100055E+00  7.40339058439113407E-01  3.69096059214937822E-02  2.61638651610689296E-03  1.02091491800141188E-04
  542.000000  5.13592064661203040E+03  4.52220555545753177E+03  5.08583173428643931E+02  9.76058649866561865E+01  6.77931975121782671E+00  7.09046881551820496E-01  3.51020917741321908E-02  2.48761404773632138E-03  9.64006057537669696E-05
  544.000000  4.99117858703099409E+03  4.39885905435410496E+03  4.90899828110607814E+02  9.42080944295142331E+01  6.49639832075590906E+00  6.79357256909670637E-01  3.33972598360992093E-02  2.36623119309718397E-03  9.10680719832639569E-05
  546.000000  4.85217138726375015E+03  4.28029399255579574E+03  4.74002155406807731E+02  9.09622391157141976E+01  6.22770062018737214E+00  6.51173317090765313E-01  3.17884282758365416E-02  2.25175128089050939E-03  8.60685969380960977E-05
  548.000000  4.71860779507290499E+03  4.16627114228167193E+03  4.57847394574997338E+02  8.78599749684481282E+01  5.97238379640373562E+00  6.24404942153910625E-01  3.02694064892724442E-02  2.14372386940347038E-03  8.13788708004614620E-05
  550.000000  4.59021436419658494E+03  4.05656573494396298E+03  4.42395529584262533E+02  8.48935157054082481E+01  5.72966256871521029E+00  5.98968230188731021E-01  2.88344549063478742E-02  2.04173174451171722E-03  7.69773963286193153E-05
  552.000000  4.46673420296853237E+03  3.95096645533767378E+03  4.27609088135708248E+02  8.20555732056011209E+01  5.49880479496340069E+00  5.74785013661762823E-01  2.74782484005947868E-02  1.94538819025505817E-03  7.28443337656222865E-05
  554.000000  4.34792582038384080E+03  3.84927451331378325E+03  4.13452956986492950E+02  7.93393211130204890E+01  5.27912741444155920E+00  5.51782417283463111E-01  2.61958429536396156E-02  1.85433450529615454E-03  6.89613601933299075E-05
  556.000000  4.23356206148669753E+03  3.75130278656119299E+03  3.99894212152350804E+02  7.67383613920376888E+01  5.06999273302950559E+00  5.29892453542148534E-01  2.49826452621917210E-02  1.76823774134334390E-03  6.53115418837702216E-05
  558.000000  4.12342912465060181E+03  3.65687502865684746E+03  3.86901962693503776E+02  7.42466935756469297E+01  4.87080501930595133E+00  5.09051652429290735E-01  2.38343850069045043E-02  1.68678864209079096E-03  6.18792183551596862E-05
  560.000000  4.01732565396311202E+03  3.56582513703922587E+03  3.74447206907435543E+02  7.18586864716242246E+01  4.68100738341410683E+00  4.89200722220964279E-01  2.27470895308697421E-02  1.60969976343434897E-03  5.86498969758220078E-05
  562.000000  3.91506190051079147E+03  3.47799647601192873E+03  3.62502699859315555E+02  6.95690521132600566E+01  4.50007891318512687E+00  4.70284238485925876E-01  2.17170607010132577E-02  1.53670375769013648E-03  5.56101570812267740E-05
  564.000000  3.81645894689535680E+03  3.39324125030000050E+03  3.51042831278082190E+02  6.73728217609288720E+01  4.32753204446244677E+00  4.52250358765374116E-01  2.07408537483905510E-02  1.46755180629953028E-03  5.27475626776551152E-05
  566.000000  3.72134798980372534E+03  3.31141992506423003E+03  3.40043512934877356E+02  6.52653237785486056E+01  4.16291014477867805E+00  4.35050560616686288E-01  1.98152579037465873E-02  1.40201218707466783E-03  5.00505829020926458E-05
  568.000000  3.62956967589937085E+03  3.23240068862553107E+03  3.29482074700219357E+02  6.32421632250210806E+01  4.00578529151783869E+00  4.18639400935074735E-01  1.89372786629291995E-02  1.33986896343967084E-03  4.75085194938557425E-05
  570.000000  3.54097348671254758E+03  3.15605895447206603E+03  3.19337168549242449E+02  6.12992030153316492E+01  3.85575622748244529E+00  4.02974294666866184E-01  1.81041215330725869E-02  1.28092078437733420E-03  4.51114406098668451E-05
  572.000000  3.45541716857615938E+03  3.08227689941072231E+03  3.09588679849692767E+02  5.94325465191159950E+01  3.71244647839068032E+00  3.88015311207309477E-01  1.73131771250692248E-02  1.22497978491072188E-03  4.28501203833777977E-05
  574.000000  3.37276620399747117E+03  3.01094303499424132E+03  3.00217645327472610E+02  5.76385214764998608E+01  3.57550261828730909E+00  3.73724986937765069E-01  1.65620074710236855E-02  1.17187057795489703E-03  4.07159836872507269E-05
  576.000000  3.29289332116028072E+03  2.94195180959408981E+03  2.91206177157970501E+02  5.59136651217371963E+01  3.44459267013939252E+00  3.60068152501797134E-01  1.58483334570007489E-02  1.12142932926886691E-03  3.87010556164238615E-05
  578.000000  3.21567803853747182E+03  2.87520323871388064E+03  2.82537392680844164E+02  5.42547104150112105E+01  3.31940463008920217E+00  3.47011773551162861E-01  1.51700232720904486E-02  1.07350290804616088E-03  3.67979152532587210E-05
  580.000000  3.14100624184964681E+03  2.81060256133964140E+03  2.74195349280164464E+02  5.26585732916066789E+01  3.19964510487996856E+00  3.34524803810266502E-01  1.45250817841798569E-02  1.02794810640223435E-03  3.49996533225683688E-05
  582.000000  3.06876979083763490E+03  2.74805992030635753E+03  2.66164984011754655E+02  5.11223408456610287E+01  3.08503805293094091E+00  3.22578049413811851E-01  1.39116407613009228E-02  9.84630921663817759E-04  3.32998333816913143E-05
  584.000000  2.99886615353315574E+03  2.68749006483124504E+03  2.58432057596683535E+02  4.96432603730277506E+01  2.97532362041380738E+00  3.11144043568567785E-01  1.33279498651686038E-02  9.43425895948248549E-04  3.16924562258814828E-05
  586.000000  2.93119806590357939E+03  2.62881207351577086E+03  2.50983102432546161E+02  4.82187292043418054E+01  2.87025706445822015E+00  3.00196930676353391E-01  1.27723683504068469E-02  9.04215508042259183E-04  3.01719272206589391E-05
  588.000000  2.86567321492406472E+03  2.57194909625902073E+03  2.43805374304186756E+02  4.68462852653689694E+01  2.76960775630676892E+00  2.89712359133329878E-01  1.22433574089314320E-02  8.66889613056953429E-04  2.87330262996196349E-05
  590.000000  2.80220394329410237E+03  2.51682811365465795E+03  2.36886807503351150E+02  4.55235983071809258E+01  2.67315825790914152E+00  2.79667382091661754E-01  1.17394731049136978E-02  8.31344925762226780E-04  2.73708803925899872E-05
  592.000000  2.74070697415946051E+03  2.46337971255816501E+03  2.30215973090859393E+02  4.42484617535838396E+01  2.58070346598726186E+00  2.70040365532754512E-01  1.12593598503840150E-02  7.97484543879113075E-04  2.60809380701012127E-05
  594.000000  2.68110315433790129E+03  2.41153787661993465E+03  2.23782040058168292E+02  4.30187851177479530E+01  2.49204981816057680E+00  2.60810903059497834E-01  1.08017443763967543E-02  7.65217507955070369E-04  2.48589462115551040E-05
  596.000000  2.62331721466781391E+03  2.36123979067625169E+03  2.17574739165017604E+02  4.18325869440356115E+01  2.40701455616109916E+00  2.51959736866691930E-01  1.03654301584825120E-02  7.34458394752547281E-04  2.37009285212827294E-05
  598.000000  2.56727754621120084E+03  2.31242565797899897E+03  2.11584329249087148E+02  4.06879882347218569E+01  2.32542504163040320E+00  2.43468684396368679E-01  9.94929225908119594E-03  7.05126941362218900E-04  2.26031657344161510E-05
  600.000000  2.51291599114607243E+03  2.26503852932813379E+03  2.05801565820231474E+02  3.95832063247019406E+01  2.24711812035005654E+00  2.35320570227445597E-01  9.55227255273774153E-03  6.77147697501671668E-04  2.15621773678908802E-05
  602.000000  2.46016764727438385E+03  2.21902414324296842E+03  2.00217671767479999E+02  3.85165491702989229E+01  2.17193953113710503E+00  2.27499162787971609E-01  9.17337530308665397E-03  6.50449703688963862E-04  2.05747048861020326E-05
  604.000000  2.40897068515982983E+03  2.17433077637925044E+03  1.94824310021049769E+02  3.74864100211277176E+01  2.09974335593557759E+00  2.19989115513538253E-01  8.81166306319223526E-03  6.24966193184483729E-04  1.96376961620787845E-05
  606.000000  2.35926617698484779E+03  2.13090910345841257E+03  1.89613558024444160E+02  3.64912624464630753E+01  2.03039150794074397E+00  2.12775912107262211E-01  8.46625287342535338E-03  6.00634315780944643E-04  1.87482911260852385E-05
  608.000000  2.31099793629147280E+03  2.08871206603608653E+03  1.84577883883582416E+02  3.55296556899422455E+01  1.96375325485291574E+00  2.05845815586100239E-01  8.13631273323277456E-03  5.77394881689707526E-04  1.79038085031961902E-05
  610.000000  2.26411236783213235E+03  2.04769474948563675E+03  1.79710124070403310E+02  3.46002103284853391E+01  1.89970477459985543E+00  1.99185820824347298E-01  7.82105832520528337E-03  5.55192123923125484E-04  1.71017335503110373E-05
  612.000000  2.21855832681975244E+03  2.00781426762351907E+03  1.75003462568359254E+02  3.37016142133031451E+01  1.83812874108571944E+00  1.92783610329495619E-01  7.51974997170848716E-03  5.33973477711630323E-04  1.63397067107865950E-05
  614.000000  2.17428698691894033E+03  1.96902965444495248E+03  1.70451411355973988E+02  3.28326186725872518E+01  1.77891393772516415E+00  1.86627513007300710E-01  7.23168980598045633E-03  5.13689375618611526E-04  1.56155131122386777E-05
  616.000000  2.13125171637255607E+03  1.93130176248072553E+03  1.66047792133035898E+02  3.19920349571241687E+01  1.72195489670581137E+00  1.80706465693031587E-01  6.95621914119332139E-03  4.94293057131029974E-04  1.49270728396695982E-05
  618.000000  2.08940796170252588E+03  1.89459316732161301E+03  1.61786719201212094E+02  3.11787309115268663E+01  1.66715156208393966E+00  1.75009977243902465E-01  6.69271602225663623E-03  4.75740391605697843E-04  1.42724319216361861E-05
  620.000000  2.04871313846684598E+03  1.85886807789135514E+03  1.57662583417960036E+02  3.03916278551357415E+01  1.61440897497676716E+00  1.69528095004328638E-01  6.44059294652782940E-03  4.57989713546392446E-04  1.36497539729628898E-05
  622.000000  2.00912652859386026E+03  1.82409225208085354E+03  1.53670037148684003E+02  2.96296976578830638E+01  1.56363697924665246E+00  1.64251373470781364E-01  6.19929474062725413E-03  4.41001669271426692E-04  1.30573124420358332E-05
  624.000000  1.97060918384993965E+03  1.79023291738409125E+03  1.49803980147973931E+02  2.88919599975337960E+01  1.51474994620446801E+00  1.59170844996776084E-01  5.96829658167258564E-03  4.24739074109580601E-04  1.24934834152765304E-05
  626.000000  1.93312383503048818E+03  1.75725869620374556E+03  1.46059546305937744E+02  2.81774797857705401E+01  1.46766651697264017E+00  1.54277992391238294E-01  5.74710215216401969E-03  4.09166779332994547E-04  1.19567389353554960E-05
  628.000000  1.89663480649369899E+03  1.72513953551800137E+03  1.42432091200531232E+02  2.74853647515278610E+01  1.42230936125559748E+00  1.49564723274946326E-01  5.53524191866685330E-03  3.94251548100456870E-04  1.14456407934617323E-05
  630.000000  1.86110793568458416E+03  1.69384664062280103E+03  1.38917180401188773E+02  2.68147631708635075E+01  1.37860495136132410E+00  1.45023346070373677E-01  5.33227152514562618E-03  3.79961939742790478E-04  1.09588347590446272E-05
  632.000000  1.82651049732267211E+03  1.66335241268457185E+03  1.35510578473185234E+02  2.61648617334555418E+01  1.33648335040994914E+00  1.40646547509915093E-01  5.13777029265499469E-03  3.66268201776812703E-04  1.04950452137173004E-05
  634.000000  1.79281113194966110E+03  1.63363038985693311E+03  1.32208238635828820E+02  2.55348835365450135E+01  1.29587801374100930E+00  1.36427371556283095E-01  4.95133981762089451E-03  3.53142169082275228E-04  1.00530701585921183E-05
  636.000000  1.75997977855590102E+03  1.60465519173311259E+03  1.29006293031100512E+02  2.49240861978320218E+01  1.25672560261122634E+00  1.32359199637061137E-01  4.77260266164368941E-03  3.40557169721950807E-04  9.63177656682385110E-06
  638.000000  1.72798761102403432E+03  1.57640246692145206E+03  1.25901043562530404E+02  2.43317600794464894E+01  1.21896580934313881E+00  1.28435732102808897E-01  4.60120112630675246E-03  3.28487936925901365E-04  9.23009605570221035E-06
  640.000000  1.69680697814684095E+03  1.54884884354662472E+03  1.22888953266900188E+02  2.37572266156956573E+01  1.18254119314106321E+00  1.24650970824919952E-01  4.43679610689163076E-03  3.16910526797820047E-04  8.84702085418904908E-06
  642.000000  1.66641134699348459E+03  1.52197188249280248E+03  1.19966638184290815E+02  2.31998367378138681E+01  1.14739702586077263E+00  1.20999202855781460E-01  4.27906601951587393E-03  3.05802241336930675E-04  8.48160004434504648E-06
  644.000000  1.63677524941386605E+03  1.49575003321788336E+03  1.17130859694126784E+02  2.26589693894299451E+01  1.11348114705761625E+00  1.17474985079462454E-01  4.12770579645731477E-03  2.95141556398932257E-04  8.13293605624425129E-06
  646.000000  1.60787423148564972E+03  1.47016259197950762E+03  1.14378517287558935E+02  2.21340301269129469E+01  1.08074382770318245E+00  1.14073129786545532E-01  3.98242594500777900E-03  2.84908054249843662E-04  7.80018139805614383E-06
  648.000000  1.57968480572171779E+03  1.44518966232461776E+03  1.11706641748261646E+02  2.16244497991732771E+01  1.04913764199194892E+00  1.10788691111530363E-01  3.84295166540561412E-03  2.75082360391871951E-04  7.48253560411434513E-06
  650.000000  1.55218440586887618E+03  1.42081211770471691E+03  1.09112388715942686E+02  2.11296833018829808E+01  1.01861734670730741E+00  1.07616952275768646E-01  3.70902202380450196E-03  2.65646084365375062E-04  7.17924238522695118E-06
  652.000000  1.52535134413879905E+03  1.39701156608715633E+03  1.06593032608464611E+02  2.06492084014130590E+01  9.89139767654298008E-01  1.04553413582954211E-01  3.58038917651653816E-03  2.56581764252904751E-04  6.88958696674443567E-06
  654.000000  1.49916477072485191E+03  1.37377031644323461E+03  1.04145960880307754E+02  2.01825246241397132E+01  9.60663692701553273E-01  1.01593781118123588E-01  3.45681764206543646E-03  2.47872814632304540E-04  6.61289360103666193E-06
  656.000000  1.47360463546648020E+03  1.35107134700018491E+03  1.01768668596519518E+02  1.97291522070464183E+01  9.33149771006222206E-01  9.87339561045040698E-02  3.33808361781626119E-03  2.39503477744133384E-04  6.34852324191941890E-06
  658.000000  1.44865165153315661E+03  1.32889827515270440E+03  9.94587533027213055E+01  1.92886311058436846E+01  9.06560418023945047E-01  9.59700248758465491E-02  3.22397433818261267E-03  2.31458777656205278E-04  6.09587136968369043E-06
  660.000000  1.42428726100776316E+03  1.30723532893582455E+03  9.72139101731813184E+01  1.88605200570757781E+01  8.80859725941733229E-01  9.32982494248889294E-02  3.11428747167301866E-03  2.23724477224195316E-04  5.85436595616620478E-06
  662.000000  1.40049360225770442E+03  1.28606731996804933E+03  9.50319274199892163E+01  1.84443956909320690E+01  8.56013379185506795E-01  9.07150584913043873E-02  3.00883055418294052E-03  2.16287037661637329E-04  5.62346556008966356E-06
  664.000000  1.37725347898889481E+03  1.26537961777894179E+03  9.29106819477227219E+01  1.80398516916926503E+01  8.31988574688561355E-01  8.82170391550886751E-02  2.90742045616345377E-03  2.09133580546330320E-04  5.40265754368593893E-06
  666.000000  1.35455033088467007E+03  1.24515812544122173E+03  9.08481352387870373E+01  1.76464980029465863E+01  8.08753946620915376E-01  8.58009289036475858E-02  2.80988288143991030E-03  2.02251852102510458E-04  5.19145640218419939E-06
  668.000000  1.33236820573828663E+03  1.22538925643263360E+03  8.88423294558043608E+01  1.72639600749129372E+01  7.86279495304801457E-01  8.34636081430769616E-02  2.71605189563226945E-03  1.95630189609798425E-04  4.98940219851519907E-06
  670.000000  1.31069173299294448E+03  1.20605991265714556E+03  8.68913837482182743E+01  1.68918781513640432E+01  7.64536520059217684E-01  8.12020931261026035E-02  2.62576948226892924E-03  1.89257489800433984E-04  4.79605909602523944E-06
  672.000000  1.28950609860952068E+03  1.18715746356026216E+03  8.49934907511132849E+01  1.65299065938240517E+01  7.43497555732125170E-01  7.90135292710519160E-02  2.53888512481379326E-03  1.83123179116169638E-04  4.61101398255416759E-06
  674.000000  1.26879702118660339E+03  1.16866972627664609E+03  8.31469132650802720E+01  1.61777132408588571E+01  7.23136312696730621E-01  7.68951848479290101E-02  2.45525541294566848E-03  1.77217185705096260E-04  4.43387517978518417E-06
  676.000000  1.24855072926221419E+03  1.15058494675224597E+03  8.13499811065858154E+01  1.58349788004153904E+01  7.03427620101903517E-01  7.48444450092680541E-02  2.37474367155817616E-03  1.71529913047182393E-04  4.26427123205509761E-06
  678.000000  1.22875393973151154E+03  1.13289178178707016E+03  7.96010881191309494E+01  1.55013962733054740E+01  6.84347372184051839E-01  7.28588061449720187E-02  2.29721961105821583E-03  1.66052215105099181E-04  4.10184976948432398E-06
  680.000000  1.20939383731838825E+03  1.11557928194779083E+03  7.78986893359090971E+01  1.51766704060459237E+01  6.65872477453761435E-01  7.09358705416564123E-02  2.22255899760457048E-03  1.60775372903758129E-04  3.94627644033054688E-06
  682.000000  1.19045805504264263E+03  1.09863687530225775E+03  7.62412982854392141E+01  1.48605171713780226E+01  6.47980810591145207E-01  6.90733413283433073E-02  2.15064334206467546E-03  1.55691072448906097E-04  3.79723390816512527E-06
  684.000000  1.17193465562851657E+03  1.08205435193158269E+03  7.46274844320423796E+01  1.45526632749032920E+01  6.30651166885215275E-01  6.72690176915157756E-02  2.08135960651306988E-03  1.50791383901072553E-04  3.65442090950197591E-06
  686.000000  1.15381211380306490E+03  1.06582184917739505E+03  7.30558707436681800E+01  1.42528456863617414E+01  6.13863219075498789E-01  6.55207903436903633E-02  2.01459992721151563E-03  1.46068741927012568E-04  3.51755136805458554E-06
  688.000000  1.13607929943627619E+03  1.04992983758489299E+03  7.15251313798973172E+01  1.39608111941741662E+01  5.97597476447492060E-01  6.38266372305925783E-02  1.95026135303418675E-03  1.41515927155712844E-04  3.38635356182838582E-06
  690.000000  1.11872546147783555E+03  1.03436910750460947E+03  7.00339894935301430E+01  1.36763159819581936E+01  5.81835246058386768E-01  6.21846194631047941E-02  1.88824559841836953E-03  1.37126048671343134E-04  3.26056933973518269E-06
  692.000000  1.10174021264772387E+03  1.01913075631771846E+03  6.85812151394867016E+01  1.33991252257993878E+01  5.66558595967367684E-01  6.05928774609294299E-02  1.82845880995138529E-03  1.32892527479700097E-04  3.13995338452902025E-06
  694.000000  1.08511351484096554E+03  1.00420617625232410E+03  6.71656232851460544E+01  1.31290127111436377E+01  5.51750320356752089E-01  5.90496272958161705E-02  1.77081134577812441E-03  1.28809080889134630E-04  3.02427251909832522E-06
  696.000000  1.06883566520846534E+03  9.89587042759396695E+02  6.57860719165966117E+01  1.28657604682338551E+01  5.37393906435204127E-01  5.75531572228999630E-02  1.71521756704620513E-03  1.24869707750573642E-04  2.91330505334502207E-06
  698.000000  1.05289728287896810E+03  9.75265303419641441E+02  6.44414602356653887E+01  1.26091584250920796E+01  5.23473503024183939E-01  5.61018243894911978E-02  1.66159564068681228E-03  1.21068674505204091E-04  2.80684016911718307E-06
  700.000000  1.03728929628832293E+03  9.61233167353432236E+02  6.31307269428187467E+01  1.23590040770952516E+01  5.09973890733232960E-01  5.46940517112619595E-02  1.60986735286867315E-03  1.17400501991618664E-04  2.70467734083876938E-06
  702.000000  1.02200293108475967E+03  9.47483095108153293E+02  6.18528486012995629E+01  1.21151021722585988E+01  4.96880453630563546E-01  5.33283249063942685E-02  1.55995793244439605E-03  1.13859952966920974E-04  2.60662578945985589E-06
  704.000000  1.00702969858072311E+03  9.34007788998583806E+02  6.06068380783274847E+01  1.18772644113907422E+01  4.84179152333919005E-01  5.20031896789198284E-02  1.51179588388132471E-03  1.10442020300213588E-04  2.51250396786698457E-06
  706.000000  9.92361384723067999E+02  9.20800183877202358E+02  5.93917430591703308E+01  1.16453091623316691E+01  4.71856498436744265E-01  5.07172490429061429E-02  1.46531282905841510E-03  1.07141915798447340E-04  2.42213907562024796E-06
  708.000000  9.77990039555450835E+02  9.07853438312843991E+02  5.82066446303115796E+01  1.14190611875339361E+01  4.59899530197967921E-01  4.94691607797226734E-02  1.42044335744130308E-03  1.03955059627868415E-04  2.33536660131412808E-06
  710.000000  9.63907967147746831E+02  8.95160926156917299E+02  5.70506559281106576E+01  1.11983513842858446E+01  4.48295789427718361E-01  4.82576350210680571E-02  1.37712488415176696E-03  1.00877070296412344E-04  2.25202989081456067E-06
  712.000000  9.50107715969720857E+02  8.82716228478441508E+02  5.59229208496470207E+01  1.09830165369263586E+01  4.37033299504645645E-01  4.70814319509194334E-02  1.33529751548605081E-03  9.79037551647036521E-05  2.17197973988291284E-06
  714.000000  9.36582069685863303E+02  8.70513125848949699E+02  5.48226128223157403E+01  1.07728990804228424E+01  4.26100544458283659E-01  4.59393596198671844E-02  1.29490392141868292E-03  9.50311014548976704E-05  2.09507400953707364E-06
  716.000000  9.23324038351371428E+02  8.58545590960572440E+02  5.37489336294704927E+01  1.05678468747353804E+01  4.15486449067373531E-01  4.48302718658462537E-02  1.25588921475261765E-03  9.22552677293484466E-05  2.02117726297512817E-06
  718.000000  9.10326849988812910E+02  8.46807781560547483E+02  5.27011122890328778E+01  1.03677129894105668E+01  4.05180359913781485E-01  4.37530663354810598E-02  1.21820083649350425E-03  8.95725758119619701E-05  1.95016042263663185E-06
  720.000000  8.97583942527242925E+02  8.35294033687114393E+02  5.16784039824450261E+01  1.01723554978894413E+01  3.95172027342764742E-01  4.27066826006931438E-02  1.18178844711184887E-03  8.69795031272842147E-05  1.88190044620863974E-06
  722.000000  8.85088956086119310E+02  8.23998855192125347E+02  5.06800890315281123E+01  9.98163728103799741E+00  3.85451588283393931E-01  4.16901003655114483E-02  1.14660382337850877E-03  8.44726754338776925E-05  1.81628002051433834E-06
  724.000000  8.72835725586789181E+02  8.12916919536231603E+02  4.97054719206771836E+01  9.79542583943316636E+00  3.76009549881428151E-01  4.07023377582875351E-02  1.11260076043261428E-03  8.20488599296260941E-05  1.75318727213597335E-06
  726.000000  8.60818273676570925E+02  8.02043059844221034E+02  4.87538803623143764E+01  9.61359311397357530E+00  3.66836773904100966E-01  3.97424497048570954E-02  1.07973497882675809E-03  7.97049587085001549E-05  1.69251549386403361E-06
  728.000000  8.49030803949694587E+02  7.91372263207535980E+02  4.78246644033082617E+01  9.43601531439523811E+00  3.57924461875004596E-01  3.88095263783792624E-02  1.04796403624101515E-03  7.74380025489850975E-05  1.63416288597330936E-06
  730.000000  8.37467694451651369E+02  7.80899665222813496E+02  4.69171955704831021E+01  9.26257275530779189E+00  3.49264140903931541E-01  3.79026917219019432E-02  1.01724724364539486E-03  7.52451450161396829E-05  1.57803231153617775E-06
  732.000000  8.26123491452892836E+02  7.70620544754865364E+02  4.60308660531662710E+01  9.09314969937589623E+00  3.40847650171860805E-01  3.70211020398382093E-02  9.87545585625209396E-04  7.31236568596932359E-05  1.52403106486141765E-06
  734.000000  8.14992903479781717E+02  7.60530318914054874E+02  4.51650879210918816E+01  8.92763420730247148E+00  3.32667128041633731E-01  3.61639446548524326E-02  9.58821644689190271E-04  7.10709206923495850E-05  1.47207065239480154E-06
  736.000000  8.04070795590370949E+02  7.50624538237810384E+02  4.43192923758725783E+01  8.76591799427979801E+00  3.24714999759589618E-01  3.53304366267730777E-02  9.31039529303088814E-04  6.90844259327223650E-05  1.42206658527918643E-06
  738.000000  7.93352183883724479E+02  7.40898882066910119E+02  4.34929290344597561E+01  8.60789629259658717E+00  3.16983965720090244E-01  3.45198235303825068E-02  9.04164805481547942E-04  6.71617639987913309E-05  1.37393818297153801E-06
  740.000000  7.82832230232087909E+02  7.31349154107704067E+02  4.26854652430606833E+01  8.45346772010693925E+00  3.09466990263342512E-01  3.37313782890983696E-02  8.78164431724953710E-04  6.53006237382292265E-05  1.32760838724270590E-06
  742.000000  7.72506237225542804E+02  7.21971278171710424E+02  4.18963854200230301E+01  8.30253415428019537E+00  3.02157290979507220E-01  3.29644000617207722E-02  8.53006697131320564E-04  6.34987870829377329E-05  1.28300358596470025E-06
  744.000000  7.62369643319398847E+02  7.12761294084428982E+02  4.11251904263886985E+01  8.15500061156495626E+00  2.95048328495881751E-01  3.22182131795870005E-02  8.28661162521378801E-04  6.17541249158392339E-05  1.24005344618897527E-06
  746.000000  7.52418018175235147E+02  7.03715353755933847E+02  4.03713969627416844E+01  8.01077513181912337E+00  2.88133796720604574E-01  3.14921661316138260E-02  8.05098604401594930E-04  6.00645931385666772E-05  1.19869075590155062E-06
  748.000000  7.42647058186700065E+02  6.94829717405810356E+02  3.96345369911659446E+01  7.86976866756508642E+00  2.81407613521918398E-01  3.07856305948448691E-02  7.82290961631841911E-04  5.84282289294937466E-05  1.15885127404986027E-06
  750.000000  7.33052582181775961E+02  6.86100749935602948E+02  3.89141571810930884E+01  7.73189497784564050E+00  2.74863911820769580E-01  3.00980005082543377E-02  7.60211284645360779E-04  5.68431471820272718E-05  1.12047358832331567E-06
  752.000000  7.23630527293821388E+02  6.77524917442336346E+02  3.82098183780284302E+01  7.59707052646763881E+00  2.68497031078036241E-01  2.94286911876897733E-02  7.38833687096140338E-04  5.53075371137592894E-05  1.08349898029688736E-06
  754.000000  7.14376944993371012E+02  6.69098783866526787E+02  3.75210950939541874E+01  7.46521438442627883E+00  2.62301509153864132E-01  2.87771384799055466E-02  7.18133299798007305E-04  5.38196590374805136E-05  1.04787129747889222E-06
  756.000000  7.05287997274273835E+02  6.60819007769285008E+02  3.68475750185807058E+01  7.33624813632376416E+00  2.56272074525513205E-01  2.81427979538309142E-02  6.98086226847780792E-04  5.23778412857476598E-05  1.01353683194336262E-06
  758.000000  6.96359952986769713E+02  6.52682339232432469E+02  3.61888585503482716E+01  7.21009579059376904E+00  2.50403638842700060E-01  2.75251441272254052E-02  6.78669503814320141E-04  5.09804772809937964E-05  9.80444205128522338E-07
  760.000000  6.87589184311400572E+02  6.44685616876493896E+02  3.55445583463873689E+01  7.08668369336138149E+00  2.44691289806094198E-01  2.69236697270336806E-02  6.59861057883851009E-04  4.96260227436772034E-05  9.48544258495310281E-07
  762.000000  6.78972163367552412E+02  6.36825764991479559E+02  3.49142988905121427E+01  6.96594044577320748E+00  2.39130284352913086E-01  2.63378849818178724E-02  6.41639669873694330E-04  4.83129930314697988E-05  9.17789949724032529E-07
  764.000000  6.70505458950763909E+02  6.29099790775512361E+02  3.42977160784954265E+01  6.84779682464064621E+00  2.33716042135878155E-01  2.57673169447370821E-02  6.23984938007558949E-04  4.70399606027188238E-05  8.88136254132142991E-07
  766.000000  6.62185733393192777E+02  6.21504781676697348E+02  3.36944568197868435E+01  6.73218570624720503E+00  2.28444139279779052E-01  2.52115088456061030E-02  6.06877243368709107E-04  4.58055525978915510E-05  8.59540071045432173E-07
  768.000000  6.54009739542182047E+02  6.14037902833982002E+02  3.31041786550179111E+01  6.61904199318064013E+00  2.23310302405153760E-01  2.46700194706817658E-02  5.90297716950548236E-04  4.46084485330818753E-05  8.31960134856505478E-07
  770.000000  6.45974317851651108E+02  6.06696394612663767E+02  3.25265493885175090E+01  6.50830254405358932E+00  2.18310402904251327E-01  2.41424225688478336E-02  5.74228208214065975E-04  4.34473780998506561E-05  8.05356930501987287E-07
  772.000000  6.38076393581624416E+02  5.99477570230585911E+02  3.19612467352449627E+01  6.39990610598532239E+00  2.13440451458532660E-01  2.36283062829669536E-02  5.58651255086853294E-04  4.23211190661333263E-05  7.79692613138013343E-07
  774.000000  6.30312974101343229E+02  5.92378813471292119E+02  3.14079579814533574E+01  6.29379324972409915E+00  2.08696592786707713E-01  2.31272726052306095E-02  5.43550055329816316E-04  4.12284952731622299E-05  7.54930931794473640E-07
  776.000000  6.22681146291646655E+02  5.85397576480503972E+02  3.08663796585300680E+01  6.18990630729410807E+00  2.04075100612058719E-01  2.26389368553845428E-02  5.28908439198272286E-04  4.01683747235857577E-05  7.31037156772690950E-07
  778.000000  6.15178074042408980E+02  5.78531377642409439E+02  3.03362172294328545E+01  6.08818931205679981E+00  1.99572372840083362E-01  2.21629271807789290E-02  5.14710843343523850E-04  3.91396677563377724E-05  7.07978010619616140E-07
  780.000000  6.07800995841010945E+02  5.71777799532472272E+02  2.98171847871131881E+01  5.98858794108153525E+00  1.95184926934083292E-01  2.16988840772191216E-02  5.00942285883653870E-04  3.81413253039084778E-05  6.85721602460051721E-07
  782.000000  6.00547222448342268E+02  5.65134486943752108E+02  2.93090047645314300E+01  5.89104945972790617E+00  1.90909395483858352E-01  2.12464599296958712E-02  4.87588342595925595E-04  3.71723372280462173E-05  6.64237365543545854E-07
  784.000000  5.93414134658447892E+02  5.58599144983566021E+02  2.88114076556618741E+01  5.79552266834237795E+00  1.86742521954509744E-01  2.08053185720531893E-02  4.74635124166842063E-04  3.62317307299790209E-05  6.43495997800846513E-07
  786.000000  5.86399181138577546E+02  5.52169537237750887E+02  2.83241317470780558E+01  5.70195785098063457E+00  1.82681156610589673E-01  2.03751348647598987E-02  4.62069254458425532E-04  3.53185688316060074E-05  6.23469405285520218E-07
  788.000000  5.79499876346263363E+02  5.45843483999732939E+02  2.78469228596371892E+01  5.61030672606867764E+00  1.78722252605320209E-01  1.99555942899491412E-02  4.49877849734967397E-04  3.44319489241658438E-05  6.04130648337810681E-07
  790.000000  5.72713798520416162E+02  5.39618860561876204E+02  2.73795340998726431E+01  5.52052239892149021E+00  1.74862862228747223E-01  1.95463925629577907E-02  4.38048498804708276E-04  3.35710013811390531E-05  5.85453890324288437E-07
  792.000000  5.66038587743318089E+02  5.33493595566509612E+02  2.69217256206548186E+01  5.43255931603977338E+00  1.71100133307583252E-01  1.91472352596209171E-02  4.26569244036000353E-04  3.27348882323032491E-05  5.67414348831178733E-07
  794.000000  5.59471944070782683E+02  5.27465669414358331E+02  2.64732643907511900E+01  5.34637322111165947E+00  1.67431305749612652E-01  1.87578374586211821E-02  4.15428563204766374E-04  3.19228018960201776E-05  5.49988249185845558E-07
  796.000000  5.53011625727701130E+02  5.21533112728051151E+02  2.60339239729091005E+01  5.26192111264722318E+00  1.63853708226569111E-01  1.83779233982209640E-02  4.04615352129219054E-04  3.11339639669350578E-05  5.33152780171795704E-07
  798.000000  5.46655447366409589E+02  5.15694004868563866E+02  2.56034843101129077E+01  5.17916120317861672E+00  1.60364754989217789E-01  1.80072261467429141E-02  3.94118908065425096E-04  3.03676240565328350E-05  5.16886051851994006E-07
  800.000000  5.40401278385333512E+02  5.09946472502475899E+02  2.51817315196622395E+01  5.09805287996071677E+00  1.56961942808835964E-01  1.76454872861913949E-02  3.83928913813301519E-04  2.96230586839587214E-05  5.01167055362048872E-07
  802.000000  5.34247041305703874E+02  5.04288688218160928E+02  2.47684576948144333E+01  5.01855666711127490E+00  1.53642848040525026E-01  1.72924566084450525E-02  3.74035422517334209E-04  2.88995702148409707E-05  4.85975624613293434E-07
  804.000000  5.28190710203786239E+02  4.98718869188865028E+02  2.43634607135455710E+01  4.94063418913041996E+00  1.50405123800532392E-01  1.69478918234551058E-02  3.64428843108685380E-04  2.81964858457396727E-05  4.71292399758201056E-07
  806.000000  5.22230309196772737E+02  4.93235275880993981E+02  2.39665440543172394E+01  4.86424813574464476E+00  1.47246497256141001E-01  1.66115582789488556E-02  3.55099926380511685E-04  2.75131566322166224E-05  4.57098792386526752E-07
  808.000000  5.16363910980040828E+02  4.87836210805797123E+02  2.35775166184268770E+01  4.78936222802054878E+00  1.44164767020027756E-01  1.62832286911201059E-02  3.46039751648314091E-04  2.68489565583870594E-05  4.43376952315488484E-07
  810.000000  5.10589635413895394E+02  4.82520017312818027E+02  2.31961925587411990E+01  4.71594118569764387E+00  1.41157800647285392E-01  1.59626828858489070E-02  3.37239713984797366E-04  2.62032816461226733E-05  4.30109735937756763E-07
  812.000000  5.04905648157855467E+02  4.77285078423504160E+02  2.28223911145407357E+01  4.64395069569075858E+00  1.38223532228091750E-01  1.56497075499821142E-02  3.28691511985821294E-04  2.55755491019776881E-05  4.17280676006871348E-07
  814.000000  4.99310159350652953E+02  4.72129815703444194E+02  2.24559364522205129E+01  4.57335738171538519E+00  1.35359960074135283E-01  1.53440959922574258E-02  3.20387136058259217E-04  2.49651965001891017E-05  4.04873952828628285E-07
  816.000000  4.93801422334328265E+02  4.67052688171847649E+02  2.20966575116682300E+01  4.50412877499188369E+00  1.32565144494516174E-01  1.50456479134599124E-02  3.12318857199557715E-04  2.43716810000645478E-05  3.92874366766768587E-07
  818.000000  4.88377732420533960E+02  4.62052191246752955E+02  2.17443878579940844E+01  4.43623328598418176E+00  1.29837205655221222E-01  1.47541691854027688E-02  3.04479216241265640E-04  2.37944785961472267E-05  3.81267311997894609E-07
  820.000000  4.83037425697711114E+02  4.57126855724753796E+02  2.13989655385267099E+01  4.36964017713415664E+00  1.27174321522289968E-01  1.44694716383862911E-02  2.96861013550291412E-04  2.32330833997653950E-05  3.70038751473890177E-07
  822.000000  4.77778877877334708E+02  4.52275246793824522E+02  2.10602329447405054E+01  4.30431953655033617E+00  1.24574725881328230E-01  1.41913728567500154E-02  2.89457299146371916E-04  2.26870069504105380E-05  3.59175193001170597E-07
  824.000000  4.72600503178036149E+02  4.47495963078162958E+02  2.07280366790378245E+01  4.24024225261555987E+00  1.22036706433119507E-01  1.39196959822005233E-02  2.82261363238447201E-04  2.21557775557322682E-05  3.48663666416423854E-07
  826.000000  4.67500753245996520E+02  4.42787635713756913E+02  2.04022274261195093E+01  4.17737998947639166E+00  1.19558602960646396E-01  1.36542695245788319E-02  2.75266727147401025E-04  2.16389396587760026E-05  3.38491701784617827E-07
  828.000000  4.62478116110352232E+02  4.38148927453605097E+02  2.00826598287863334E+01  4.11570516338067005E+00  1.17138805565187271E-01  1.33949271797625235E-02  2.68467134600076950E-04  2.11360532312592736E-05  3.28647308572367635E-07
  830.000000  4.57531115172351633E+02  4.33578531801513464E+02  1.97691923680297315E+01  4.05519091983046920E+00  1.14775752968058184E-01  1.31415076544040988E-02  2.61856543383292607E-04  2.06466931917535353E-05  3.19118955757332723E-07
  832.000000  4.52658308226963413E+02  4.29075172173408362E+02  1.94616872472012012E+01  3.99581111151886681E+00  1.12467930875980476E-01  1.28938544972268688E-02  2.55429117336225477E-04  2.01704488476306481E-05  3.09895552821849811E-07
  834.000000  4.47858286515724501E+02  4.24637601085111100E+02  1.91600102801411367E+01  3.93754027701994103E+00  1.10213870407332160E-01  1.26518159366065235E-02  2.49179218669836288E-04  1.97069233597397502E-05  3.00966431596435654E-07
  836.000000  4.43129673809844405E+02  4.20264599365794709E+02  1.88640307830896248E+01  3.88035362020484031E+00  1.08012146575874088E-01  1.24152447241807472E-02  2.43101400595619138E-04  1.92557332287984590E-05  2.92321328897206480E-07
  838.000000  4.38471125522333466E+02  4.15954975396045995E+02  1.85736214702586366E+01  3.82422699035491886E+00  1.05861376831211662E-01  1.21839979842453816E-02  2.37190400252670306E-04  1.88165078025520396E-05  2.83950369938657309E-07
  840.000000  4.33881327848081753E+02  4.11707564369625857E+02  1.82886583529245108E+01  3.76913686294526418E+00  1.03760219652621791E-01  1.19579370686953741E-02  2.31441131922707955E-04  1.83888888028019031E-05  2.75844052475742932E-07
  842.000000  4.29358996931078025E+02  4.07521227578314210E+02  1.80090206418735264E+01  3.71506032107552286E+00  1.01707373193920592E-01  1.17369274172927900E-02  2.25848680511215666E-04  1.79725298713984705E-05  2.67993231637660300E-07
  844.000000  4.24902878057569524E+02  4.03394851718725079E+02  1.77345906531418791E+01  3.66197503752080733E+00  9.97015739781787202E-02  1.15208384230409081E-02  2.20408295293688327E-04  1.75670961344111037E-05  2.60389105424309720E-07
  846.000000  4.20511744874411988E+02  3.99327348220568695E+02  1.74652537168479753E+01  3.60985925738216684E+00  9.77415956398360875E-02  1.13095433024674469E-02  2.15115383909573121E-04  1.71722637836741547E-05  2.53023200840682463E-07
  848.000000  4.16184398631652982E+02  3.95317652595463073E+02  1.72008980890812069E+01  3.55869178131249209E+00  9.58262477119427025E-02  1.11029189706111104E-02  2.09965506594401004E-04  1.67877196749497071E-05  2.45887360629051922E-07
  850.000000  4.11919667448442510E+02  3.91364723805594167E+02  1.69414148666675182E+01  3.50845194929711379E+00  9.39543744578207191E-02  1.09008459205324048E-02  2.04954370640614557E-04  1.64131609420026078E-05  2.38973730574246840E-07
  852.000000  4.07716405601578629E+02  3.87467543651614960E+02  1.66866979047491704E+01  3.45911962496908121E+00  9.21248537437912157E-02  1.07032081071622900E-02  2.00077825076399565E-04  1.60482946259009022E-05  2.32274747362510635E-07
  854.000000  4.03573492835805894E+02  3.83625116179044483E+02  1.64366437370578211E+01  3.41067518043892592E+00  9.03365959533151269E-02  1.05098928353256089E-02  1.95331855554400550E-04  1.56928373188946921E-05  2.25783126958295660E-07
  856.000000  3.99489833695103755E+02  3.79836467102522988E+02  1.61911514987840981E+01  3.36309948161985028E+00  8.85885429388898193E-02  1.03207906517628813E-02  1.90712579439504407E-04  1.53465148222405787E-05  2.19491853481669561E-07
  858.000000  3.95464356874294765E+02  3.76100643247374080E+02  1.59501228519399696E+01  3.31637387403111772E+00  8.68796670114842240E-02  1.01357952410043237E-02  1.86216241087813051E-04  1.50090618173888863E-05  2.13394168556404864E-07
  860.000000  3.91496014590240065E+02  3.72416712007803824E+02  1.57134619131708959E+01  3.27048016906130767E+00  8.52089699666859213E-02  9.95480332494362748E-03  1.81839207313841785E-04  1.46802215499872218E-05  2.07483561124581211E-07
  862.000000  3.87583781971971632E+02  3.68783760821284261E+02  1.54810751838396197E+01  3.22540063067589378E+00  8.35754821435458484E-02  9.77771456595926194E-03  1.77577963026737562E-04  1.43597455261094588E-05  2.01753757677848664E-07
  864.000000  3.83726656469074612E+02  3.65200896658428746E+02  1.52528714824036502E+01  3.18111796255183021E+00  8.19782615179616980E-02  9.60443147345611641E-03  1.73429107040600703E-04  1.40473932202501804E-05  1.96198712916503661E-07
  866.000000  3.79923657277697771E+02  3.61667245527921125E+02  1.50287618789186244E+01  3.13761529562478447E+00  8.04163928271168366E-02  9.43485931368850256E-03  1.69389348043667793E-04  1.37429317945606741E-05  1.90812600791848785E-07
  868.000000  3.76173824783704219E+02  3.58181951996046223E+02  1.48086596316498866E+01  3.09487617603417098E+00  7.88889867248400017E-02  9.26890602274152257E-03  1.65455500723962626E-04  1.34461358288709572E-05  1.85589805937717053E-07
  870.000000  3.72476220022193274E+02  3.54744178720186596E+02  1.45924801256729513E+01  3.05288455345130361E+00  7.73951789658623296E-02  9.10648212254561856E-03  1.61624482039665477E-04  1.31567870610283006E-05  1.80524915447027719E-07
  872.000000  3.68829924153067395E+02  3.51353105995991427E+02  1.43801408134447080E+01  3.01162476977780713E+00  7.59341296191480830E-02  8.94750063981480590E-03  1.57893307638405054E-04  1.28746741371726010E-05  1.75612711008779400E-07
  874.000000  3.65234037951837593E+02  3.48007931317567397E+02  1.41715611572058435E+01  2.97108154820004611E+00  7.45050223075377077E-02  8.79187702778742343E-03  1.54259088404734367E-04  1.25995923714647034E-05  1.70848161357986296E-07
  876.000000  3.61687681315456246E+02  3.44707868950476154E+02  1.39666625732293568E+01  2.93123998258860707E+00  7.31070634744366288E-02  8.63952909067470382E-03  1.50719027145720274E-04  1.23313435149583145E-05  1.66226415050419443E-07
  878.000000  3.58189992782461957E+02  3.41452149516969200E+02  1.37653683777837532E+01  2.89208552722952739E+00  7.17394816750087233E-02  8.49037691070415879E-03  1.47270415397233773E-04  1.20697355331775244E-05  1.61742793532158916E-07
  880.000000  3.54740129067047064E+02  3.38240019593100556E+02  1.35676037347952896E+01  2.85360398687608052E+00  7.04015268920167997E-02  8.34434277766631614E-03  1.43910630352346732E-04  1.18145823920769377E-05  1.57392784497514909E-07
  882.000000  3.51337264606537246E+02  3.35070741317312581E+02  1.33732956051115277E+01  2.81578150710971631E+00  6.90924698747485688E-02  8.20135112086695962E-03  1.40637131904572106E-04  1.15657038520311328E-05  1.53172035518230756E-07
  884.000000  3.47980591122016335E+02  3.31943592010234795E+02  1.31823726973753441E+01  2.77860456500052155E+00  6.78116015008594225E-02  8.06132844340071500E-03  1.37447459803755008E-04  1.13229252695423125E-05  1.49076347939686592E-07
  886.000000  3.44669317191337370E+02  3.28857863805103079E+02  1.29947654203520742E+01  2.74205996005473551E+00  6.65582321588828185E-02  7.92420325864748483E-03  1.34339230913437137E-04  1.10860774063136707E-05  1.45101671018948070E-07
  888.000000  3.41402667834471572E+02  3.25812863288702033E+02  1.28104058367691334E+01  2.70613480544168450E+00  6.53316911529532862E-02  7.78990602892546801E-03  1.31310136576471664E-04  1.08549962454528307E-05  1.41244096312348635E-07
  890.000000  3.38179884110592127E+02  3.22807911152356553E+02  1.26292276185511074E+01  2.67081651948934784E+00  6.41313261262020373E-02  7.65836910620509501E-03  1.28357940073714461E-04  1.06295228144611972E-05  1.37499852284743016E-07
  892.000000  3.35000222726512447E+02  3.19842341852652964E+02  1.24511660033985407E+01  2.63609281743924395E+00  6.29565025043066495E-02  7.52952667481758889E-03  1.25480474177359132E-04  1.04095030147618521E-05  1.33865299138100133E-07
  894.000000  3.31862955656255110E+02  3.16915503281660335E+02  1.22761577527248811E+01  2.60195170345278592E+00  6.18066029577955672E-02  7.40331469608402661E-03  1.22675638797905130E-04  1.01947874575222008E-05  1.30336923854367561E-07
  896.000000  3.28767369771208394E+02  3.14026756446248271E+02  1.21041411108231927E+01  2.56838146285941216E+00  6.06810268812783341E-02  7.27967085478608590E-03  1.19941398713266012E-04  9.98523130547848391E-06  1.26911335434359675E-07
  898.000000  3.25712766480702328E+02  3.11175475156310711E+02  1.19350557652928000E+01  2.53537065463938349E+00  5.95791898911787951E-02  7.15853450742430855E-03  1.17275781383423681E-04  9.78069412055978128E-06  1.23585260328144794E-07
  900.000000  3.22698461382542689E+02  3.08361045721520213E+02  1.17688428086485839E+01  2.50290810413227716E+00  5.85005233392951879E-02  7.03984663218603680E-03  1.14676874844776901E-04  9.58103971706543860E-06  1.20355538052260862E-07
