# Wavelength || Total || n=1 | n=2 | ...
  300.000000  2.82585342698085560E+03  2.06320348641581268E+03  4.16106214338739505E+02  3.10723817398328208E+02  2.40877596961350235E+01  1.09867528674941166E+01  5.71492757821719155E-01  1.66710725155446826E-01  7.19278136892434299E-03
  302.000000  2.97571867493506898E+03  2.17925478050294259E+03  4.36788131160374519E+02  3.22695393608456129E+02  2.49649359662394765E+01  1.12548548237367978E+01  5.84771233580868466E-01  1.68542487324751383E-01  7.26515241383568575E-03
  304.000000  3.13271633938667037E+03  2.30095944761056262E+03  4.58513991064837910E+02  3.35049336603056986E+02  2.58880577620112113E+01  1.15287902171764607E+01  5.98949819812508388E-01  1.70418247065865947E-01  7.34806214704604270E-03
  306.000000  3.29726809108981615E+03  2.42863578974432494E+03  4.81359197409058368E+02  3.47808567895728345E+02  2.68614299342346605E+01  1.18091933912873994E+01  6.14122622866754675E-01  1.72347633803355771E-01  7.44245851234933212E-03
  308.000000  3.46983091449789481E+03  2.56262637707109297E+03  5.05407392545353048E+02  3.60998156501685514E+02  2.78899347594478897E+01  1.20967656306766074E+01  6.30397329877252610E-01  1.74341219113678142E-01  7.54944064765885811E-03
  310.000000  3.65090078277709836E+03  2.70330016876832678E+03  5.30751647957253454E+02  3.74645569308437018E+02  2.89791321404499698E+01  1.23922858634988611E+01  6.47897732631551704E-01  1.76410718791255111E-01  7.67028770915698273E-03
  312.000000  3.84101685742335985E+03  2.85105485442033341E+03  5.57495884357373598E+02  3.88780969935821474E+02  3.01353820778957946E+01  1.26966240441661906E+01  6.66766843218003391E-01  1.78569249800986735E-01  7.80649475042288939E-03
  314.000000  4.04076631767343497E+03  3.00631944471195811E+03  5.85756578495346730E+02  4.03437578736800845E+02  3.13659954533917258E+01  1.30107580278902173E+01  6.87170770281531063E-01  1.80831660002156502E-01  7.95981776348004752E-03
  316.000000  4.25078995398868574E+03  3.16955714558292311E+03  6.15664830448761450E+02  4.18652110908616976E+02  3.26794211210599670E+01  1.33357950581508327E+01  7.09303582643919683E-01  1.83214955775698046E-01  8.13233075273431770E-03
  318.000000  4.47178869934990053E+03  3.34126855707378354E+03  6.47368888196879652E+02  4.34465315801709380E+02  3.40854800082711549E+01  1.36729994383926243E+01  7.33393468664398918E-01  1.85738863390862735E-01  8.32649881021951463E-03
  320.000000  4.70453132644459947E+03  3.52199524757773997E+03  6.81037257740128325E+02  4.50922649323816017E+02  3.55956607118822390E+01  1.40238286256597622E+01  7.59710616558106455E-01  1.88426576048414424E-01  8.54527276582509911E-03
  322.000000  4.94986361484243025E+03  3.71232376728667668E+03  7.16862570479315423E+02  4.68075124245608436E+02  3.72234964538515598E+01  1.43899809892401827E+01  7.88577411120497951E-01  1.91305763236796988E-01  8.79221338239258993E-03
  324.000000  5.20871940041293328E+03  3.91289018319854222E+03  7.55066440260784248E+02  4.85980402494642135E+02  3.89850510231398104E+01  1.47734600260648570E+01  8.20381795286544979E-01  1.94409957747291917E-01  9.07165672527271948E-03
  326.000000  5.48213407597403602E+03  4.12438524527956997E+03  7.95905628295072461E+02  5.04704222926286320E+02  4.08995527425286838E+01  1.51766622652609104E+01  8.55595029449183087E-01  1.97780497795994131E-01  9.38893807236854984E-03
  328.000000  5.77126134391378855E+03  4.34756033459728405E+03  8.39679957031793037E+02  5.24322303937343690E+02  4.29902326229618481E+01  1.56025000384552985E+01  8.94795681036368973E-01  2.01469303921759824E-01  9.75070099220018069E-03
  330.000000  6.07739437188105330E+03  4.58323440875124197E+03  8.86742592491454957E+02  5.44922933698720044E+02  4.52854491773527315E+01  1.60545768453425346E+01  9.38702639842264874E-01  2.05542943413437540E-01  1.01653336857675334E-02
  332.000000  6.40199304556994321E+03  4.83230226439652688E+03  9.37513577528725591E+02  5.66610581572270576E+02  4.78202239086007879E+01  1.65374442696888160E+01  9.88221555184084166E-01  2.10088737399453024E-01  1.06436015484519999E-02
  334.000000  6.74671987751411325E+03  5.09574461165055527E+03  9.92497892451354346E+02  5.89511069233447643E+02  5.06383792180433758E+01  1.70569892949313839E+01  1.04451185945928215E+00  2.15224212634469309E-01  1.11995936873182222E-02
  336.000000  7.11348855112315687E+03  5.37464075756754846E+03  1.05230992010652676E+03  6.13779199831510255E+02  5.37955851612524825E+01  1.76210374747285314E+01  1.10908655915030807E+00  2.21112228071318695E-01  1.18521943674917644E-02
  338.000000  7.50453148588659496E+03  5.67018522836225020E+03  1.11770712587920093E+03  6.39610399329356596E+02  5.73638245239207336E+01  1.82403276239921617E+01  1.18396656522378274E+00  2.27986123510902639E-01  1.26274791393675163E-02
  340.000000  7.92249698852706297E+03  5.98371057332143755E+03  1.18963723897715295E+03  6.67259170059368216E+02  6.14381645516185344E+01  1.89301545851350674E+01  1.27193080281926707E+00  2.36193387520384407E-01  1.35628420108573258E-02
  342.000000  8.37059370409834082E+03  6.31671982193933127E+03  1.26930556219050527E+03  6.97069637604837794E+02  6.61474740620398620E+01  1.97132731196721593E+01  1.37694527486228635E+00  2.46275318096609214E-01  1.47145889955225505E-02
  344.000000  8.85281001241107515E+03  6.67093097446939191E+03  1.35827245514970673E+03  7.29528727614440527E+02  7.16723058021695465E+01  2.06253086404153656E+01  1.50494736726857736E+00  2.59120435996004927E-01  1.61729316869640011E-02
  346.000000  9.37423549746617573E+03  7.04831500642655374E+03  1.45859393445876503E+03  7.65364808173748315E+02  7.82766534970312478E+01  2.17253875312323217E+01  1.66533774871849349E+00  2.76276447570806827E-01  1.80931825577962772E-02
  348.000000  9.94146793105854886E+03  7.45102490057555224E+03  1.57301669640551859E+03  8.05746506148913340E+02  8.63676126894246039E+01  2.31174990279308368E+01  1.87332237151471492E+00  3.00655745498436877E-01  2.07380941964797547E-02
  350.000000  1.05630948129616954E+04  7.88102894623004704E+03  1.70525009741698295E+03  8.52718955407766998E+02  9.65988800237962977E+01  2.49859608696608753E+01  2.14975810890274399E+00  3.37962145394050895E-01  2.42527591478087778E-02
  352.000000  1.12504206606733314E+04  8.33935796671606658E+03  1.86041934037521833E+03  9.10219569234656319E+02  1.09887295269975809E+02  2.75950933178291358E+01  2.52052839568731679E+00  3.92249339051128576E-01  2.86180248469311595E-02
  354.000000  1.20195738618460528E+04  8.82544163965107691E+03  2.04588198015083617E+03  9.86381720972471157E+02  1.27119450235154659E+02  3.12459417585928882E+01  3.01378260437200796E+00  4.54844197837905584E-01  3.45022757093375876E-02
  356.000000  1.29029587306040557E+04  9.34291811487221457E+03  2.27331399510572828E+03  1.09456220518810119E+03  1.50757290930060492E+02  3.70825093131128654E+01  3.72825867425318558E+00  5.52819284207499706E-01  4.35372363771265591E-02
  358.000000  1.39055627343037122E+04  9.87870558819286089E+03  2.56122062441640264E+03  1.23160714945608311E+03  1.83053580683517509E+02  4.54698992262266586E+01  4.73492633595861268E+00  7.14423906508311890E-01  5.65420861509023515E-02
  360.000000  1.49515964035337220E+04  1.04201933509282735E+04  2.94321998521367004E+03  1.31722620395235253E+03  2.14962674953254918E+02  4.96431120243640578E+01  5.49428288661616548E+00  7.92292264454253492E-01  6.45013107367776867E-02
  362.000000  1.61362281441713621E+04  1.10201824146864510E+04  3.47371455189667995E+03  1.34318753303865742E+03  2.45100480210872092E+02  4.74597927201916079E+01  5.79858390440780447E+00  7.21259863426869652E-01  6.35278506728632758E-02
  364.000000  1.76955468979835241E+04  1.16953054128454023E+04  4.24063945781074017E+03  1.40963178628307855E+03  2.95999419497499332E+02  4.66572518626605230E+01  6.58202191688046145E+00  6.64004661923235595E-01  6.75431053341629950E-02
  366.000000  1.98312764395500380E+04  1.24254515057328808E+04  5.40752526092120115E+03  1.55425834288731039E+03  3.85007062456585459E+02  4.99574043679522291E+01  8.31648600854488329E+00  6.78308826090642358E-01  8.20683494721355933E-02
  368.000000  2.28457876322820593E+04  1.31803380535123524E+04  7.24886082358180738E+03  1.81184066440656375E+03  5.34063812237491902E+02  5.83959601306489375E+01  1.14049864732154855E+01  7.73231719634982717E-01  1.10100220342090063E-01
  370.000000  2.70400159039343380E+04  1.38975228917453605E+04  1.00311647390651833E+04  2.24836674774644644E+03  7.71134260035897682E+02  7.42695727762878590E+01  1.64271325081634458E+01  9.73982144521330251E-01  1.56577912475782760E-01
  372.000000  3.17869608802924304E+04  1.46021100574477259E+04  1.31343410003552908E+04  2.85774849947090343E+03  1.07038693256960914E+03  9.78867088113026256E+01  2.29835287636750429E+01  1.28604556117617808E+00  2.18107312742168574E-01
  374.000000  3.43685361497206177E+04  1.55230130152933725E+04  1.41401697631326424E+04  3.32315359807450568E+03  1.23570851604243330E+03  1.17716831160702569E+02  2.69580872519398014E+01  1.56007722068935495E+00  2.56261544338726333E-01
  376.000000  3.28926624760914856E+04  1.64711162860192926E+04  1.20045859168081206E+04  3.20461366709115373E+03  1.07495747129097049E+03  1.12164600551025899E+02  2.35280082851903742E+01  1.47362554873547369E+00  2.22900496990071501E-01
  378.000000  2.97681166009407279E+04  1.73103500217816618E+04  8.97702281186262553E+03  2.61709076922410259E+03  7.62115376311635487E+02  8.39578750225603301E+01  1.63721901903050693E+01  1.05445388034556919E+00  1.53102667497843598E-01
  380.000000  2.77779098722293820E+04  1.82386064450550075E+04  6.80276496489179408E+03  2.14599986145113644E+03  5.18287846562884056E+02  6.06983396227934335E+01  1.07447019277445897E+01  7.09256977034804281E-01  9.84557409838758002E-02
  382.000000  2.71515045553174205E+04  1.92917662635672241E+04  5.53134651525204117E+03  1.90416173597566944E+03  3.68454024871324236E+02  4.79101599672194070E+01  7.28310091127474379E+00  5.17721740257425678E-01  6.50330324125456410E-02
  384.000000  2.73954738905385566E+04  2.04421212600573745E+04  4.82556295684434917E+03  1.80127291311059457E+03  2.79427664761783149E+02  4.14055160589579643E+01  5.22097816051348307E+00  4.17384180693484985E-01  4.52173642840242376E-02
  386.000000  2.81550769448934734E+04  2.16707134079722673E+04  4.44503508330812747E+03  1.77157214844852638E+03  2.25270522519431523E+02  3.81329226063516558E+01  3.95637978119359435E+00  3.63379722603088706E-01  3.31005349725367395E-02
  388.000000  2.92346186350607531E+04  2.29670340286845349E+04  4.25455100174072140E+03  1.78174139894898940E+03  1.91223990829015690E+02  3.65609681307392549E+01  3.14847525758545199E+00  3.33407847533422952E-01  2.53636216329418789E-02
  390.000000  3.05262319812031637E+04  2.43236115316019313E+04  4.17936740659891984E+03  1.81516404863688967E+03  1.69202867817675013E+02  3.59374210454334531E+01  2.61187240505632445E+00  3.16619420449015032E-01  2.02136768072413917E-02
  392.000000  3.19657364431663482E+04  2.57331007325919709E+04  4.17647433936622201E+03  1.86306166154961147E+03  1.54658102156661329E+02  3.58742911990423323E+01  2.24317752472681642E+00  3.07481344746966423E-01  1.66574333711168032E-02
  394.000000  3.35101979743627380E+04  2.71868500176624293E+04  4.21956475370699991E+03  1.92041090112841744E+03  1.44914701236807986E+02  3.61581974179721897E+01  1.98228543800640189E+00  3.02996162568296812E-01  1.41216095467080645E-02
  396.000000  3.51266567325499782E+04  2.86741640970147710E+04  4.29134185433194125E+03  1.98405914247124656E+03  1.38321621484171203E+02  3.66636338464618561E+01  1.79268325684729102E+00  3.01439283511393319E-01  1.22608610227808654E-02
  398.000000  3.67863546378136816E+04  3.01819489900037988E+04  4.37950354270405660E+03  2.05181793503262770E+03  1.33808760759885985E+02  3.73115605924162352E+01  1.65123046223238035E+00  3.01759662182487509E-01  1.08585964827939956E-02
  400.000000  3.84618035835816263E+04  3.16946422424435332E+04  4.47459948070891642E+03  2.12200878895522783E+03  1.30648689364115796E+02  3.80486543838739806E+01  1.54267323635840192E+00  3.03280572071871979E-01  9.77391752946429361E-03
  402.000000  4.01254645378853675E+04  3.31944155684431316E+04  4.56888540479448875E+03  2.19323145756237955E+03  1.28324580893516185E+02  3.88364762524420897E+01  1.45659468397469682E+00  3.05543095619008165E-01  8.91215981041233209E-03
  404.000000  4.17494509199964450E+04  3.46616589671496549E+04  4.65573926359257985E+03  2.26424950448595246E+03  1.26455425983361167E+02  3.96456643576145993E+01  1.38566540439062558E+00  3.08221061521474604E-01  8.20796136240882837E-03
  406.000000  4.33059447753014319E+04  3.60757425976631857E+04  4.72941099807151659E+03  2.33394172982652253E+03  1.24753346521241085E+02  4.04528005752072133E+01  1.32461396468339632E+00  3.11073452356902203E-01  7.61522671777271464E-03
  408.000000  4.47681134984893142E+04  3.74160179891605003E+04  4.78497504157978074E+03  2.40129167924731155E+03  1.22999414809310395E+02  4.12387471110331276E+01  1.26960838528925146E+00  3.13917184222569312E-01  7.10101186902497433E-03
  410.000000  4.61113305007136441E+04  3.86629739878224573E+04  4.81839951858684071E+03  2.46539788443788666E+03  1.21030191449999251E+02  4.19877886811869203E+01  1.21787688558068186E+00  3.16611153788688537E-01  6.64169590388411640E-03
  412.000000  4.73144874181642517E+04  3.97994180042509179E+04  4.82666707818582563E+03  2.52549219845184007E+03  1.18730220045287581E+02  4.26871822509395145E+01  1.16746804427509621E+00  3.19046427889853101E-01  6.22050727650579061E-03
  414.000000  4.83611733046569716E+04  4.08115243496004186E+04  4.80789439261607095E+03  2.58095623729250383E+03  1.16027408343957703E+02  4.33268611963458028E+01  1.11709018015541739E+00  3.21139571110342970E-01  5.82585640873067336E-03
  416.000000  4.92405114076911195E+04  4.16895916062783144E+04  4.76140873823611128E+03  2.63132835396486780E+03  1.12889303953509966E+02  4.38991345091653216E+01  1.06599324744992829E+00  3.22827354670161770E-01  5.45014703284254966E-03
  418.000000  4.99474972376146907E+04  4.24283860058782739E+04  4.68775431335880330E+03  2.67629652065601067E+03  1.09319079691753288E+02  4.43982955285045620E+01  1.01387171270667253E+00  3.24061915665284306E-01  5.08887297734596494E-03
  420.000000  5.04827682208717379E+04  4.30270131134548865E+04  4.58861797315894182E+03  2.71567598496080245E+03  1.05350707302801965E+02  4.48201187340443354E+01  9.60777340633621191E-01  3.24806027257187213E-01  4.73989237349087440E-03
  422.000000  5.08518374250502675E+04  4.34883410769227412E+04  4.46668118389532992E+03  2.74937409282247245E+03  1.01043325869849610E+02  4.51612761910942027E+01  9.07037965991002948E-01  3.25028557603273760E-01  4.40282518514702095E-03
  424.000000  5.10639171183345825E+04  4.38180754521466806E+04  4.32541827655092038E+03  2.77734753179846302E+03  9.64751543829827938E+01  4.54187419313799694E+01  8.53182526559957743E-01  3.24700446977227219E-01  4.07855062154115992E-03
  426.000000  5.11305203267288598E+04  4.40236405220130619E+04  4.16886683196345621E+03  2.79955886896490529E+03  9.17374008274849615E+01  4.55892686537388983E+01  7.99873891165572615E-01  3.23791622669221901E-01  3.76879237550632610E-03
  428.000000  5.10640483492966378E+04  4.41130458484075789E+04  4.00139202196240467E+03  2.81593941590243367E+03  8.69284521110491397E+01  4.56690165093291682E+01  7.47849407895007756E-01  3.22269221338420508E-01  3.47577461086985779E-03
  430.000000  5.08765505891747525E+04  4.40939103980307627E+04  3.82745310423710316E+03  2.82636431686231390E+03  8.21482130673484363E+01  4.56533926256743499E+01  6.97865097895421282E-01  3.20097339412038273E-01  3.20191424589027270E-03
  432.000000  5.05787915370015835E+04  4.39727867945373364E+04  3.65136112038852161E+03  2.83064373700782971E+03  7.74919335573824100E+01  4.55371290961163666E+01  6.50634586776192014E-01  3.17238333207452816E-01  2.94949441754069255E-03
  434.000000  5.01796943145862897E+04  4.37548790976821692E+04  3.47700338676625142E+03  2.82853153124297796E+03  7.30425783402857149E+01  4.53145927733856340E+01  6.06752035883228569E-01  3.13655484919839578E-01  2.72026042008161181E-03
  436.000000  4.96861658076392559E+04  4.34441727672436537E+04  3.30752292645650232E+03  2.81975000404307502E+03  6.88613957200537783E+01  4.49802864500023958E+01  5.66596132971916244E-01  3.09316666595375100E-01  2.51492640804739601E-03
  438.000000  4.91032558224293389E+04  4.30438862066379588E+04  3.14499857535935280E+03  2.80402642253699696E+03  6.49783814944946414E+01  4.45294703906812686E+01  5.30234819210640862E-01  3.04198488492973762E-01  2.33270215051566664E-03
  440.000000  4.84345678137857321E+04  4.25570326505239209E+04  2.99025703567377695E+03  2.78113434532934343E+03  6.13871307360482064E+01  4.39588106604256339E+01  4.97379433890422495E-01  2.98290333665739205E-01  2.17109465674065420E-03
  442.000000  4.76828230105560142E+04  4.19868363481451379E+04  2.84297737465823730E+03  2.75093198519728685E+03  5.80492802443304967E+01  4.32669566748881920E+01  4.67441689719575726E-01  2.91597697357421637E-01  2.02624905681548194E-03
  444.000000  4.68504802660631976E+04  4.13368692304826473E+04  2.70212880490521957E+03  2.71339202518672801E+03  5.49094953374166082E+01  4.24549730930593867E+01  4.39698834310512487E-01  2.84144393605822665E-01  1.89383021490979807E-03
  446.000000  4.59403247109808362E+04  4.06110061827572572E+04  2.56656448106484186E+03  2.66862144594304891E+03  5.19147704428665904E+01  4.15265906792492459E+01  4.13496621144654186E-01  2.75973413018804570E-01  1.77005941279955652E-03
  448.000000  4.49559545124975994E+04  3.98134225774276783E+04  2.43548525241459902E+03  2.61687258193716252E+03  4.90286398577305604E+01  4.04882714247186684E+01  3.88390634122299849E-01  2.67146406650924706E-01  1.65239493905099729E-03
  450.000000  4.39021159276962208E+04  3.89487575588362961E+04  2.30860454209405725E+03  2.55854608522755325E+03  4.62351908450214637E+01  3.93490926985344700E+01  3.64176489400341419E-01  2.57741879424672859E-01  1.53962593741254991E-03
  452.000000  4.27848622811247114E+04  3.80223769691458874E+04  2.18605514631496635E+03  2.49418485782995140E+03  4.35347326105317478E+01  3.81204578577111874E+01  3.40833580736609021E-01  2.47852252710194842E-01  1.43153220991472873E-03
  454.000000  4.16115390677249088E+04  3.70405833808294701E+04  2.06818834945987783E+03  2.42445801578620149E+03  4.09363203105271154E+01  3.68156532205787741E+01  3.18439649942610203E-01  2.37580052664594199E-01  1.32841565241404737E-03
  456.000000  4.03906197224681018E+04  3.60106670568893896E+04  1.95539108930555358E+03  2.35013567340981081E+03  3.84512478683602126E+01  3.54492914725322592E+01  2.97099221050035889E-01  2.27033579880693170E-01  1.23072153131826255E-03
  458.000000  3.91314311318271721E+04  3.49407813595771950E+04  1.84797242906772908E+03  2.27205722635693655E+03  3.60890577206583245E+01  3.40366970836142002E+01  2.76900737077731052E-01  2.16322466359205712E-01  1.13881760935274998E-03
  460.000000  3.78438140229573401E+04  3.38396872138024046E+04  1.74611639545336925E+03  2.19109677066539280E+03  3.38558449879112118E+01  3.25932928977383654E+01  2.57898739855563719E-01  2.05553505208538184E-01  1.05290546323757940E-03
  462.000000  3.65377621516493818E+04  3.27164305128585474E+04  1.64987842612311874E+03  2.10812922661699986E+03  3.17540347456894452E+01  3.11340395357439661E+01  2.40111697396878349E-01  1.94827059810578490E-01  9.73012073811770268E-04
  464.000000  3.52230776986702185E+04  3.15800096316452982E+04  1.55920353730976490E+03  2.02400002101491509E+03  2.97828829823096513E+01  2.96729651442483409E+01  2.23527304868257642E-01  1.84234250319986109E-01  8.99018476775939818E-04
  466.000000  3.39090706776586303E+04  3.04390739688485301E+04  1.47395167874618892E+03  1.93950021057242634E+03  2.79392168607303013E+01  2.82228068064371058E+01  2.08110122724176588E-01  1.73855002507513901E-01  8.30699088489774383E-04
  468.000000  3.26043195409115106E+04  2.93016777318202621E+04  1.39392257871261040E+03  1.85534796364791146E+03  2.62181632443632218E+01  2.67947698189709378E+01  1.93808962943937346E-01  1.63756945640911783E-01  7.67758812254389620E-04
  470.000000  3.13165002332814038E+04  2.81750994373284811E+04  1.31887686472578343E+03  1.77217650114502521E+03  2.46137632249579816E+01  2.53983989079891721E+01  1.80563013467637201E-01  1.53995072537243094E-01  7.09863161710243859E-04
  472.000000  3.00522828112529314E+04  2.70657275770651795E+04  1.24855266957838012E+03  1.69052799337018973E+03  2.31194489549700357E+01  2.40415470912532747E+01  1.68306503000891200E-01  1.44612029256797281E-01  6.56660702322845163E-04
  474.000000  2.88172889378293839E+04  2.59790063352539582E+04  1.18267803835549853E+03  1.61085252828286502E+03  2.17283939355342497E+01  2.27304232649222229E+01  1.56972055747949563E-01  1.35638882079744200E-01  6.07798778576060933E-04
  476.000000  2.76161001053405780E+04  2.49194315684886351E+04  1.12097984271620794E+03  1.53351108424654171E+03  2.04337596045151315E+01  2.14696981475126378E+01  1.46492992987178133E-01  1.27096210225274453E-01  5.62933954709561785E-04
  478.000000  2.64523050082753361E+04  2.38905858007778443E+04  1.06318995941641742E+03  1.45878141492457689E+03  1.92288620564253776E+01  2.02626491354872691E+01  1.36804838224734049E-01  1.18995387824844839E-01  5.21738535386665554E-04
  480.000000  2.53285745969404743E+04  2.28952010995754172E+04  1.00904938340059903E+03  1.38686583724558000E+03  1.81072795730106400E+01  1.91113270566288591E+01  1.27846243200344378E-01  1.11339941748823640E-01  4.83904293727896613E-04
  482.000000  2.42467544679087732E+04  2.19352398034666439E+04  9.58310820111849694E+02  1.31790006033862824E+03  1.70629174523351566E+01  1.80167309925276946E+01  1.19559504620134788E-01  1.04126897900916657E-01  4.49144270987217754E-04
  484.000000  2.32079659246171577E+04  2.10119846985263284E+04  9.10740179406471043E+02  1.25196236725488302E+03  1.60900426853140885E+01  1.69789806983804894E+01  1.11890798628287991E-01  9.73480538700416120E-02  4.17193282622624903E-04
  486.000000  2.22127089097777171E+04  2.01261320382441227E+04  8.66117289688428514E+02  1.18908263562337970E+03  1.51832977650653849E+01  1.59974792856602210E+01  1.04790225363284237E-01  9.09911381136672137E-02  3.87807584142294806E-04
  488.000000  2.12609618213572321E+04  1.92778825363385513E+04  8.24236068392525340E+02  1.12925084139554406E+03  1.43377003737137390E+01  1.50710615293516508E+01  9.82117294701862903E-02  8.50408340613061781E-02  3.60764014103140981E-04
  490.000000  2.03522748274885125E+04  1.84670269953455645E+04  7.84904321700177434E+02  1.07242482287220423E+03  1.35486337811086202E+01  1.41981253263066769E+01  9.21129428726845945E-02  7.94796614448552430E-02  3.35858832758239830E-04
  492.000000  1.94858546231904766E+04  1.76930245033011197E+04  7.47943298893533552E+02  1.01853718754201145E+03  1.28118313836111035E+01  1.33767454647683568E+01  8.64549819377612161E-02  7.42887170946324726E-02  3.12906404359303151E-04
  494.000000  1.86606396088325419E+04  1.69550721242125474E+04  7.13187091563928448E+02  9.67501323003314042E+02  1.21233577890805702E+01  1.26047700208314897E+01  8.12022210355060198E-02  6.94482839806019880E-02  2.91737821548323324E-04
  496.000000  1.78753652365911366E+04  1.62521657447757825E+04  6.80481942021559576E+02  9.19216528643273932E+02  1.14795881179259869E+01  1.18799004546100555E+01  7.63220573229381055E-02  6.49383211203914956E-02  2.72199535762404805E-04
  498.000000  1.71286198043061704E+04  1.55831522557425178E+04  6.49685506335706805E+02  8.73572320965124732E+02  1.08771866628630587E+01  1.11997569225922096E+01  7.17846765366966233E-02  6.07388487944555827E-02  2.54152033770063679E-04
  500.000000  1.64188913201399082E+04  1.49467735830028814E+04  6.20666103657052531E+02  8.30451986733817535E+02  1.03130856744304911E+01  1.05619305331854694E+01  6.75628260565070971E-02  5.68302438972181356E-02  2.37468584182744588E-04
  502.000000  1.57446062595039893E+04  1.43417032815251641E+04  5.93301973472276472E+02  7.89735468322135944E+02  9.78446477292996342E+00  9.96402431865996796E+00  6.36315990576995505E-02  5.31934596961165587E-02  2.22034066774352156E-04
  504.000000  1.51041611264264484E+04  1.37665765010619943E+04  5.67480555212132685E+02  7.51301668059381996E+02  9.28873129979275447E+00  9.40368463422137246E+00  5.99682318920764304E-02  4.98101831427147229E-02  2.07743890106213460E-04
  506.000000  1.44959477470101592E+04  1.32200141562349800E+04  5.43097799428738313E+02  7.15030255630069860E+02  8.82350178982497724E+00  8.87862456639956932E+00  5.65519156942666384E-02  4.66629414558711111E-02  1.94502998149793981E-04
  508.000000  1.39183731884181489E+04  1.27006421092999244E+04  5.20057516036708421E+02  6.80803056641620856E+02  8.38658465477452353E+00  8.38664076954296789E+00  5.33636224484914726E-02  4.37351681678024087E-02  1.82224963552331357E-04
  510.000000  1.33698751322882144E+04  1.22071061198822808E+04  4.98270762472522847E+02  6.48505092840689258E+02  7.97596410625636665E+00  7.92562497273708466E+00  5.03859452517216519E-02  4.10112373155571142E-02  1.70831163339396619E-04
  512.000000  1.28489334507260737E+04  1.17380832456152420E+04  4.77655272776530353E+02  6.18025336130357346E+02  7.58978530436076326E+00  7.49357122430501921E+00  4.76029521962544541E-02  3.84764730494745466E-02  1.60250031813000848E-04
  514.000000  1.23540786460043946E+04  1.12922903003877254E+04  4.58134927327988805E+02  5.89257230211362412E+02  7.22634069104546128E+00  7.08857977611980417E+00  4.50000531091241940E-02  3.61171406582048438E-02  1.50416384915998033E-04
  516.000000  1.18838977283583681E+04  1.08684898991034970E+04  4.39639262106328943E+02  5.62099025764831254E+02  6.88405745056612961E+00  6.70885836015175929E+00  4.25638782879552841E-02  3.39204238938226876E-02  1.41270810206679451E-04
  518.000000  1.14370380239882979E+04  1.04654945435068712E+04  4.22103015798133868E+02  5.36453967856599547E+02  6.56148602953519244E+00  6.35272147718579472E+00  4.02821683347269269E-02  3.18743925219814109E-02  1.32759116691285846E-04
  520.000000  1.10122093299354765E+04  1.00821691350962283E+04  4.05465712733112241E+02  5.12230367789400475E+02  6.25728964464159443E+00  6.01858820285358842E+00  3.81436741903109569E-02  2.99679632127043960E-02  1.24831839013104460E-04
  522.000000  1.06081847649773299E+04  9.71743223955015310E+03  3.89671279450944155E+02  4.89341585986596215E+02  5.97023470486745644E+00  5.70497891826396142E+00  3.61380664993175213E-02  2.81908562136867456E-02  1.17443790827396292E-04
  524.000000  1.02238006064509900E+04  9.37025637286034907E+03  3.74667692629367991E+02  4.67705947638003636E+02  5.69918207619889561E+00  5.41051129023577104E+00  3.42558534772747780E-02  2.65335496941686913E-02  1.10553662565121430E-04
  526.000000  9.85795535166915943E+03  9.03966753230379800E+03  3.60406656109416474E+02  4.47246608715357127E+02  5.44307911950845025E+00  5.13389575771911044E+00  3.24883065040324423E-02  2.49872331970411310E-02  1.04123659179382363E-04
  528.000000  9.50960819883461045E+03  8.72474415509044593E+03  3.46843304808766788E+02  4.27891386501721797E+02  5.20095243582402045E+00  4.87393072468325439E+00  3.08273927227131449E-02  2.35437612743097206E-02  9.81191738518822585E-05
  530.000000  9.17777710537470921E+03  8.42461565337082538E+03  3.33935933405471076E+02  4.09572565896706237E+02  4.97190125732034449E+00  4.62949761382130909E+00  2.92657139806945209E-02  2.21956080920223849E-02  9.25084940098358353E-05
  532.000000  8.86153655060078563E+03  8.13846064557527916E+03  3.21645747784342177E+02  3.92226690378611011E+02  4.75509142669386797E+00  4.39955589825497206E+00  2.77964515052896155E-02  2.09358235624724116E-02  8.72625363543227641E-05
  534.000000  8.56001510382996275E+03  7.86550498014173991E+03  3.09936637361164514E+02  3.75794344554768202E+02  4.54974991193076139E+00  4.18313819860728398E+00  2.64133157602300939E-02  1.97579913830218112E-02  8.23546079256240031E-05
  536.000000  8.27239287780849918E+03  7.60501962786976674E+03  2.98774966527993058E+02  3.60219933643459854E+02  4.35515980782504641E+00  3.97934550906083473E+00  2.51105009806784595E-02  1.86561892227611673E-02  7.77601905344934571E-05
  538.000000  7.99789892979696560E+03  7.35631850283204676E+03  2.88129383589286590E+02  3.45451463946875208E+02  4.17065577962857148E+00  3.78734259725860767E+00  2.38826439308348695E-02  1.76249511925748864E-02  7.34567461583158485E-05
  540.000000  7.73580865843086031E+03  7.11875625844295337E+03  2.77970645685274008E+02  3.31440327343556078E+02  3.99561990818845159E+00  3.60635360821986950E+00  2.27247864730202552E-02  1.66592326545396685E-02  6.94235411536307117E-05
  542.000000  7.48544123290000880E+03  6.89172609442499288E+03  2.68271458318814837E+02  3.18141092005194935E+02  3.82947789953151441E+00  3.43565789104300334E+00  2.16323415766453246E-02  1.57543773674532935E-02  6.56414873592822749E-05
  544.000000  7.24615708167167031E+03  6.67465760163997584E+03  2.59006328215302062E+02  3.05511300890399184E+02  3.67169562521333770E+00  3.27458605842606998E+00  2.06010624321597557E-02  1.49060869223991439E-02  6.20929983662444403E-05
  546.000000  7.01735546051032998E+03  6.46701466468768649E+03  2.50151428354006953E+02  2.93511279054690817E+02  3.52177596291271300E+00  3.12251628241170742E+00  1.96270143686684308E-02  1.41103923919812663E-02  5.87618594141922114E-05
  548.000000  6.79847211359951143E+03  6.26829343653091655E+03  2.41684474107894744E+02  2.82103950415797556E+02  3.37925590956522282E+00  2.97887082482703391E+00  1.87065493037052062E-02  1.33636280963917217E-02  5.56331095352761748E-05
  550.000000  6.58897703687107514E+03  6.07802039492228687E+03  2.33584609522498397E+02  2.71254664304257233E+02  3.24370394195489498E+00  2.84311279728581345E+00  1.78362824808990378E-02  1.26624073765096261E-02  5.26929347123002932E-05
  552.000000  6.38837234896030805E+03  5.89575048687178787E+03  2.25832302849783133E+02  2.60931031893508361E+02  3.11471760206194404E+00  2.71474314306206965E+00  1.70130712760161035E-02  1.20036002569681582E-02  4.99285709483541471E-05
  554.000000  6.19619027234623991E+03  5.72106536463348220E+03  2.18409250531252212E+02  2.51102772426519181E+02  2.99192128661472223E+00  2.59329783140286541E+00  1.62339958736214020E-02  1.13843128791346788E-02  4.73282162615171491E-05
  556.000000  6.01199122504219758E+03  5.55357171455241132E+03  2.11298288897223813E+02  2.41741569025401247E+02  2.87496422225506842E+00  2.47834525373596382E+00  1.54963416365979361E-02  1.08018685841028608E-02  4.48809507206852261E-05
  558.000000  5.83536202153973500E+03  5.39289967847831758E+03  2.04483312914526778E+02  2.32820933776590778E+02  2.76351860950104244E+00  2.36948381059745827E+00  1.47975830085719899E-02  1.02537905282182283E-02  4.25766637324138182E-05
  560.000000  5.66591418048327523E+03  5.23870136622994232E+03  1.97949201375163170E+02  2.24316081719537380E+02  2.65727792028181131E+00  2.26633967784115509E+00  1.41353688052021035E-02  9.73778571767856468E-03  4.04059878700892486E-05
  562.000000  5.50328233566068047E+03  5.09064945668740347E+03  1.91681747973452929E+02  2.16203813324486561E+02  2.55595533528279750E+00  2.16856474069748861E+00  1.35075087646811861E-02  9.25173035382976378E-03  3.83602386105453359E-05
  564.000000  5.34712274627605075E+03  4.94843588444516990E+03  1.85667597768626422E+02  2.08462405020179602E+02  2.45928230863310615E+00  2.07583468445557484E+00  1.29119612406548446E-02  8.79365638652915629E-03  3.64313594089532932E-05
  566.000000  5.19711190206808533E+03  4.81177060851898568E+03  1.79894188575532354E+02  2.01071507321038439E+02  2.36700724865446066E+00  1.98784723089120119E+00  1.23468219323050118E-02  8.36173917907568655E-03  3.46118716009585127E-05
  568.000000  5.05294521859336237E+03  4.68038045931545275E+03  1.74349696866869266E+02  1.94012050102001837E+02  2.27889430445172270E+00  1.90432051000723979E+00  1.18103135566650537E-02  7.95428619446497502E-03  3.28948286733975954E-05
  570.000000  4.91433581788512129E+03  4.55400805991839570E+03  1.69022987808143114E+02  1.87266154575563178E+02  2.19472224908628943E+00  1.82499155716275707E+00  1.13007763775517887E-02  7.56972661898019147E-03  3.12737744915227102E-05
  572.000000  4.78101338967961146E+03  4.43241081768123331E+03  1.63903569080031218E+02  1.80817051537135029E+02  2.11428345093736469E+00  1.74961492621079273E+00  1.08166595137996324E-02  7.20660184523089914E-03  2.97427051119442938E-05
  574.000000  4.65272312846799377E+03  4.31535998213197217E+03  1.58981548174092779E+02  1.74649005460718087E+02  2.03738292564760659E+00  1.67796140983004993E+00  1.03565129570311523E-02  6.86355674265396939E-03  2.82960338483204052E-05
  576.000000  4.52922474173837691E+03  4.20263976525750877E+03  1.54247592875109120E+02  1.68747244044785020E+02  1.96383746173265572E+00  1.60981685879770442E+00  9.91898023576529703E-03  6.53933164909319738E-03  2.69285592891587484E-05
  578.000000  4.41029152493128640E+03  4.09404652034545916E+03  1.49692894669228508E+02  1.63097892828361012E+02  1.89347481360103442E+00  1.54498109250991500E+00  9.50279166889031295E-03  6.23275502239553462E-03  2.56354359975412230E-05
  580.000000  4.29570949881014531E+03  3.98938797569542112E+03  1.45309134839894256E+02  1.57687914517953857E+02  1.82613295628019490E+00  1.48326689359616881E+00  9.10675815682107127E-03  5.94273669594128518E-03  2.44121476489089676E-05
  582.000000  4.18527660514392755E+03  3.88848251966476892E+03  1.41088453033879858E+02  1.52505052686985266E+02  1.76165939666790505E+00  1.42449907999247816E+00  8.72976546350803101E-03  5.66826168667664259E-03  2.32544823866863933E-05
  584.000000  4.07880195681114856E+03  3.79115853368408989E+03  1.37023418099683227E+02  1.47537779530466025E+02  1.69991053660974800E+00  1.36851364833397859E+00  8.37076894696542166E-03  5.40838450854609371E-03  2.21585101970361524E-05
  586.000000  3.97610513864366158E+03  3.69725377004882830E+03  1.33107001017014198E+02  1.42775247378093582E+02  1.64075108352113408E+00  1.31515698299398842E+00  8.02878869995475065E-03  5.16222394822163973E-03  2.11205621236533307E-05
  588.000000  3.87701555554150218E+03  3.60661477147037749E+03  1.29332549751558588E+02  1.38207243688855215E+02  1.58405350463464178E+00  1.26428512553562133E+00  7.70290506571892370E-03  4.92895826371634108E-03  2.01372111593486536E-05
  590.000000  3.78137182460276654E+03  3.51909632954743074E+03  1.25693765884309087E+02  1.33824149269405950E+02  1.52969752134400139E+00  1.21576309975437358E+00  7.39225449736458616E-03  4.70782076987731786E-03  1.92052546684141170E-05
  592.000000  3.68902120821263452E+03  3.43456097948819661E+03  1.22184682876422059E+02  1.29616899476557620E+02  1.47756964037942162E+00  1.16946428787150336E+00  7.09602573187712981E-03  4.49809577786595537E-03  1.83216982058391289E-05
  594.000000  3.59981908523654647E+03  3.35287852858387578E+03  1.18799645843588237E+02  1.25576948181553846E+02  1.42756271888165109E+00  1.12526985379525457E+00  6.81345625277588948E-03  4.29911485860278234E-03  1.74837406135673662E-05
  596.000000  3.51362845764950998E+03  3.27392561609480617E+03  1.15533292723174995E+02  1.21696234290001598E+02  1.37957556065123832E+00  1.08306820969595119E+00  6.54382901741670277E-03  4.11025340276973284E-03  1.66887602835019367E-05
  598.000000  3.43031949011365850E+03  3.19758530236390015E+03  1.12380536728446799E+02  1.17967150626551202E+02  1.33351254113187045E+00  1.04275452244588607E+00  6.28646942742686586E-03  3.93092745235957674E-03  1.59343024888425883E-05
  600.000000  3.34976908018890799E+03  3.12374668512220251E+03  1.09336549991943457E+02  1.14382515007781393E+02  1.28928325885276762E+00  1.00423025675679178E+00  6.04074252234146087E-03  3.76059078095060178E-03  1.52180676928511217E-05
  602.000000  3.27186045701923285E+03  3.05230454108657113E+03  1.06396748308875402E+02  1.10935543339911248E+02  1.24680221128791491E+00  9.67402752105848918E-01  5.80605037857144426E-03  3.59873220187877227E-03  1.45379007535710102E-05
  604.000000  3.19648280649268963E+03  2.98315899108541089E+03  1.03556776898196972E+02  1.07619824590506298E+02  1.20598849323122748E+00  9.32184830780799722E-01  5.58182969713471536E-03  3.44487308530306343E-03  1.38917809496398114E-05
  606.000000  3.12353092101079801E+03  2.91621518706700272E+03  1.00812497106110726E+02  1.04429297494679844E+02  1.16676551596761158E+00  8.98494434592526980E-01  5.36754956520420819E-03  3.29856506681509018E-03  1.32778127594507617E-05
  608.000000  3.05290487214155974E+03  2.85138301946658885E+03  9.81599739826242654E+01  1.01358228867159355E+02  1.12906074565466907E+00  8.66254288006373385E-01  5.16270937773292016E-03  3.15938793176168261E-03  1.26942173317845412E-05
  610.000000  2.98450970454873686E+03  2.78857684351103671E+03  9.55954646674519353E+01  9.84011934012658571E+01  1.09280545946418273E+00  8.35391585626477196E-01  4.96683690660479089E-03  3.02694766081994639E-03  1.21393245917091969E-05
  612.000000  2.91825514971075290E+03  2.72771522314599633E+03  9.31154075266100705E+01  9.55530548451628334E+01  1.05793451815020445E+00  8.05837702138141654E-01  4.77948650585415663E-03  2.90087462362392844E-03  1.16115659301875083E-05
  614.000000  2.85405535804652618E+03  2.66872069136123309E+03  9.07164119856402209E+01  9.28089484540470835E+01  1.02438615382010600E+00  7.77527922967487961E-01  4.60023744241005658E-03  2.78082190837954059E-03  1.11094674305359210E-05
  616.000000  2.79182864816906522E+03  2.61151952578070814E+03  8.83952490098879053E+01  9.01642646248584043E+01  9.92101771787722964E-01  7.50401194060819954E-01  4.42869234279167929E-03  2.66646377644833444E-03  1.06316435890595757E-05
  618.000000  2.73149727207830711E+03  2.55604153846379813E+03  8.61488421857445843E+01  8.76146336272066435E+01  9.61025765471173132E-01  7.24399889315816115E-01  4.26447574685977215E-03  2.55749423182411026E-03  1.01767914904495669E-05
  620.000000  2.67298719519195720E+03  2.50221987894039648E+03  8.39742593608429644E+01  8.51559113508678536E+01  9.31105343390605023E-01  6.99469594316282528E-01  4.10723276060886468E-03  2.45362569629051144E-03  9.74368540239500087E-06
  622.000000  2.61622789019364382E+03  2.44999084957411469E+03  8.18687048039115552E+01  8.27841659963457204E+01  9.02290367386386905E-01  6.75558905131756648E-01  3.95662780050922477E-03  2.35458778183265114E-03  9.33117175652651499E-06
  624.000000  2.56115214375075038E+03  2.39929373241165013E+03  7.98295118484845432E+01  8.04956656405778261E+01  8.74533201255454640E-01  6.52619241042966425E-01  3.81234342260518104E-03  2.26012615259024848E-03  8.93816448571933770E-06
  626.000000  2.50769587522441680E+03  2.35007062673874680E+03  7.78541359870026497E+01  7.82868666151182566E+01  8.47788569061871500E-01  6.30604670146402424E-01  3.67407923007718193E-03  2.17000146929289574E-03  8.56364069026126695E-06
  628.000000  2.45579796655676637E+03  2.30226629661806601E+03  7.59401483846270509E+01  7.61544026388597359E+01  8.22013422438232610E-01  6.09471746874830411E-01  3.54155085354413606E-03  2.08398840971095586E-03  8.20663660780342159E-06
  630.000000  2.40540010257981521E+03  2.25582802773696449E+03  7.40852297842685488E+01  7.40950746517879821E+01  7.97166816244964438E-01  5.89179360547766984E-01  3.41448899872874058E-03  2.00187475919680986E-03  7.86624386381533501E-06
  632.000000  2.35644662104532017E+03  2.21070549294160946E+03  7.22871647765140466E+01  7.21058413003235898E+01  7.73209792008082486E-01  5.69688594136509519E-01  3.29263855668988220E-03  1.92346056588625397E-03  7.54160598149001568E-06
  634.000000  2.30888437172434851E+03  2.16685062587768698E+03  7.05438364100239426E+01  7.01838100285095408E+01  7.50105268592372920E-01  5.50962592492619807E-01  3.17575777204323400E-03  1.84855735557795512E-03  7.23191513155244177E-06
  636.000000  2.26266258397326692E+03  2.12421750220043441E+03  6.88532211198069604E+01  6.83262287327863476E+01  7.27817939614791243E-01  5.32966439348382059E-01  3.06361746505634048E-03  1.77698740172174360E-03  6.93640910399130370E-06
  638.000000  2.21773274220510166E+03  2.08276222785404434E+03  6.72133839525143344E+01  6.65304779412311262E+01  7.06314177140724309E-01  5.15667042451780411E-01  2.95600030382513245E-03  1.70858304632064834E-03  6.65436848553430849E-06
  640.000000  2.17404846874560280E+03  2.04244283395663501E+03  6.56224740691078239E+01  6.47940634810769325E+01  6.85561941230011906E-01  4.99033026248427158E-01  2.85270012292113606E-03  1.64318606789369656E-03  6.38511402732084446E-06
  642.000000  2.13156541359030825E+03  2.00321917785918617E+03  6.40787205072162891E+01  6.31146096010063786E+01  6.65530694948278434E-01  4.83034631568560691E-01  2.75352128535401785E-03  1.58064709296037347E-03  6.12800418923870688E-06
  644.000000  2.09024115061296470E+03  1.96505284997791136E+03  6.25804281859984926E+01  6.14898525172031256E+01  6.46191324467274564E-01  4.67643621819112676E-01  2.65827808472208701E-03  1.52082504779228441E-03  5.88243284774613950E-06
  646.000000  2.05003507980742370E+03  1.92790708602676773E+03  6.11259741384352182E+01  5.99176343544148367E+01  6.27516063927452405E-01  4.52833195219323192E-01  2.56679418488242042E-03  1.46358664744008094E-03  5.64782715562357961E-06
  648.000000  2.01090833517434430E+03  1.89174668430365614E+03  5.97138039562311320E+01  5.83958974554020784E+01  6.09478424741806357E-01  4.38577902653735696E-01  2.47890209449475041E-03  1.40880591928194891E-03  5.42364554260830717E-06
  650.000000  1.97282369789185373E+03  1.85653792770805717E+03  5.83424284340919712E+01  5.69226790340968591E+01  5.92053129050665539E-01  4.24853570748911225E-01  2.39444267407869964E-03  1.35636375855939149E-03  5.20937584685256269E-06
  652.000000  1.93574551443255586E+03  1.82224851018864842E+03  5.70104204007778037E+01  5.54961061495403953E+01  5.75216047059341151E-01  4.11637229809715066E-01  2.31326467337416219E-03  1.30614751356506928E-03  5.00453356795071360E-06
  654.000000  1.89963961931534004E+03  1.78884746734274381E+03  5.57164117253545541E+01  5.41143909793995590E+01  5.58944138007527402E-01  3.98907046278995370E-01  2.23522429698290448E-03  1.25805059833289899E-03  4.80866023301414912E-06
  656.000000  1.86447326219935871E+03  1.75630511090603613E+03  5.44590904878133557E+01  5.27758263733134996E+01  5.43215394537170271E-01  3.86642259409105515E-01  2.16018479638438411E-03  1.21197213084650937E-03  4.62132186775702631E-06
  658.000000  1.83021503904920860E+03  1.72459296689071084E+03  5.32371983038322156E+01  5.14787816677805949E+01  5.28008790238352788E-01  3.74823121857284836E-01  2.08801608655422889E-03  1.16781659493754488E-03  4.44210756534788365E-06
  660.000000  1.79683482711791203E+03  1.69368371714518889E+03  5.20495277945001789E+01  5.02216987455671884E+01  5.13304230179825738E-01  3.63430843938092718E-01  2.01859438559795490E-03  1.12549352418604156E-03  4.27062814625526064E-06
  662.000000  1.76430372351219148E+03  1.66355114412528701E+03  5.08949201919447702E+01  4.90030883238490063E+01  4.99082504228024415E-01  3.52447541285842714E-01  1.95180187585755876E-03  1.08491720626510365E-03  4.10651490278568451E-06
  664.000000  1.73259398711986887E+03  1.63417007867960115E+03  4.97722630729906044E+01  4.78215264563825784E+01  4.85325242986711702E-01  3.41856185697987813E-01  1.88752638510621671E-03  1.04600640629057555E-03  3.94941842256942039E-06
  666.000000  1.70167898369412433E+03  1.60551635066585754E+03  4.86804882128809950E+01  4.66756512360467966E+01  4.72014876189862875E-01  3.31640558947149167E-01  1.82566108651385198E-03  1.00868410784605298E-03  3.79900748552809064E-06
  668.000000  1.67153313390334233E+03  1.57756674222695392E+03  4.76185695521269068E+01  4.55641596850436557E+01  4.59134593398509316E-01  3.21785209364862268E-01  1.76610421618043369E-03  9.72877270453925019E-04  3.65496802945728822E-06
  670.000000  1.64213186416737472E+03  1.55029894356638192E+03  4.65855212697913714E+01  4.44858048209144172E+01  4.46668306860944886E-01  3.12275411014232007E-01  1.70875880711705321E-03  9.38516602355248713E-04  3.51700217953919399E-06
  672.000000  1.61345156011374274E+03  1.52369151107419225E+03  4.55803959568847716E+01  4.34393928873673190E+01  4.34600616402790352E-01  3.03097125281912516E-01  1.65353243862211268E-03  9.05536347546497412E-04  3.38482733750458868E-06
  674.000000  1.58546952249750052E+03  1.49772382766350665E+03  4.46022828841339134E+01  4.24237807396415789E+01  4.22916776224878388E-01  2.94236964731767303E-01  1.60033700006764670E-03  8.73874086098914309E-04  3.25817532654153448E-06
  676.000000  1.55816392543869028E+03  1.47237606518693065E+03  4.36503063585506581E+01  4.14378733748358741E+01  4.11602663492900089E-01  2.85682159073742337E-01  1.54908846819853930E-03  8.43470546858141805E-04  3.13679158813616876E-06
  678.000000  1.53151377684150634E+03  1.44762914881105121E+03  4.27236241638729126E+01  4.04806215982915560E+01  4.00644748615569424E-01  2.77420523111908457E-01  1.49970669711091908E-03  8.14269431688479945E-04  3.02043442760961466E-06
  680.000000  1.50549888086745773E+03  1.42346472323488160E+03  4.18214260798727864E+01  3.95510198177088625E+01  3.90030067104871259E-01  2.69440426545045297E-01  1.45211522009164188E-03  7.86217250486492629E-04  2.90887430495327224E-06
  682.000000  1.48009980234288173E+03  1.39986512064484850E+03  4.09429324762568072E+01  3.86481039572214158E+01  3.79746192931477877E-01  2.61730765501918594E-01  1.40624106261227227E-03  7.59263166245143883E-04  2.80189316820217491E-06
  684.000000  1.45529783298965049E+03  1.37681333030699466E+03  4.00873929767748365E+01  3.77709494842001803E+01  3.69781213279992027E-01  2.54280935701712840E-01  1.36201456577044367E-03  7.33358849501773214E-04  2.69928382644546238E-06
  686.000000  1.43107495937395424E+03  1.35429296970198811E+03  3.92540851897823302E+01  3.69186695420031867E+01  3.60123704632812347E-01  2.47080807137461472E-01  1.31936921956574203E-03  7.08458341550654213E-04  2.60084936005753223E-06
  688.000000  1.40741383247533895E+03  1.33228825711549530E+03  3.84423135013742865E+01  3.60904131823550571E+01  3.50762710093321661E-01  2.40120700187347380E-01  1.27824150537861683E-03  6.84517925845126306E-04  2.50640256561705052E-06
  690.000000  1.38429773878423225E+03  1.31078398560154938E+03  3.76514079277624916E+01  3.52853636914489286E+01  3.41687717886651476E-01  2.33391363065289792E-01  1.23857074712350329E-03  6.61496007055372478E-04  2.41576543341854576E-06
  692.000000  1.36171057284156063E+03  1.28976549824148174E+03  3.68807230236111607E+01  3.45027370042368560E+01  3.32888640966127192E-01  2.26883950528095707E-01  1.20029897054260638E-03  6.39352997285122038E-04  2.32876865547854096E-06
  694.000000  1.33963681114006954E+03  1.26921866462643243E+03  3.61296368432280346E+01  3.37417802017529169E+01  3.24355797663591239E-01  2.20590003762162062E-01  1.16337077016104252E-03  6.18051208985890979E-04  2.24525116210211151E-06
  696.000000  1.31806148731107169E+03  1.24912985849500137E+03  3.53975499517539731E+01  3.30017700866187838E+01  3.16079893322791516E-01  2.14501431377689317E-01  1.12773318342979404E-03  5.97554754138934384E-04  2.16505968519914042E-06
  698.000000  1.29697016852609386E+03  1.22948593646279073E+03  3.46838844837078284E+01  3.22820118322196521E+01  3.08052002863061114E-01  2.08610491443363300E-01  1.09333557165076424E-03  5.77829449305612545E-04  2.08804834671461120E-06
  700.000000  1.27634893304604088E+03  1.21027421778338794E+03  3.39880832463237255E+01  3.15818377012972640E+01  3.00263554221500528E-01  2.02909774498700290E-01  1.06012950729653696E-03  5.58842726173953150E-04  2.01407827065598389E-06
  702.000000  1.25618434885543115E+03  1.19148246508495004E+03  3.33096088651496416E+01  3.09006058299963016E+01  2.92706312618171982E-01  1.97392187485459530E-01  1.02806866728709454E-03  5.40563547254460262E-04  1.94301721708639816E-06
  704.000000  1.23646345332285955E+03  1.17309886602930146E+03  3.26479429699658183E+01  3.02376990736414442E+01  2.85372365609836642E-01  1.92050938543437577E-01  9.97108731973131218E-04  5.22962326402963439E-04  1.87473923698744459E-06
  706.000000  1.21717373383203949E+03  1.15511201584388982E+03  3.20025854186293799E+01  2.95925239107532754E+01  2.78254108879957107E-01  1.86879522619349175E-01  9.67207289416433403E-04  5.06010853868837061E-04  1.80912434649137374E-06
  708.000000  1.19830310933151873E+03  1.13751090067994801E+03  3.13730535569417235E+01  2.89645094020330234E+01  2.71344232726823398E-01  1.81871707840944002E-01  9.38323744693155795E-04  4.89682225588194682E-04  1.74605821942946651E-06
  710.000000  1.17983991275366384E+03  1.12028488175246662E+03  3.07588815126931827E+01  2.83531062012362582E+01  2.64635709213854819E-01  1.77021522611483934E-01  9.10419233934374895E-04  4.73950776460007131E-04  1.68543189702130094E-06
  712.000000  1.16177287425762870E+03  1.10342368022129517E+03  3.01596195222306882E+01  2.77577856150713664E+01  2.58121779946947405E-01  1.72323243382743851E-01  8.83456542842397789E-04  4.58792017361148998E-04  1.62714151377708283E-06
  714.000000  1.14409110525179653E+03  1.08691736277374866E+03  2.95748332874543358E+01  2.71780387093958069E+01  2.51795944437696262E-01  1.67771383067075175E-01  8.57400029382453309E-04  4.44182575671516909E-04  1.57108803844075687E-06
  716.000000  1.12678408315580532E+03  1.07075632787238828E+03  2.90041033622819313E+01  2.66133754591842013E+01  2.45651949032430122E-01  1.63360680051889445E-01  8.32215550486321322E-04  4.30100139096908625E-04  1.51717702931113601E-06
  718.000000  1.10984163686289253E+03  1.05493129263312312E+03  2.84470245666378361E+01  2.60633239398674839E+01  2.39683776368539075E-01  1.59086087781941915E-01  8.07870392485783161E-04  4.16523402589957814E-04  1.46531840293575946E-06
  720.000000  1.09325393286675057E+03  1.03943328030142152E+03  2.79032054266619198E+01  2.55274295578082935E+01  2.33885635332218206E-01  1.54942764877154637E-01  7.84333205083952763E-04  4.03432018183315540E-04  1.41542621539966566E-06
  722.000000  1.07701146201870483E+03  1.02425360829571514E+03  2.73722676400368279E+01  2.50052543177988689E+01  2.28251951493637306E-01  1.50926065755647543E-01  7.61573938687816151E-04  3.90806547561186116E-04  1.36741845554775731E-06
  724.000000  1.06110502688232282E+03  1.00938387678875608E+03  2.68538455648376626E+01  2.44963761255856518E+01  2.22777357991234742E-01  1.47031531733445159E-01  7.39563784877644262E-04  3.78628417206039783E-04  1.32121684933723534E-06
  726.000000  1.04552572965598574E+03  9.94815957800189949E+02  2.63475857310654469E+01  2.40003881235695005E+01  2.17456686844244018E-01  1.43254882574276737E-01  7.18275119884913184E-04  3.66879875968812753E-04  1.27674667476485561E-06
  728.000000  1.03026496063380387E+03  9.80541984773959030E+02  2.58531463734631615E+01  2.35168980579061042E+01  2.12284960669139267E-01  1.39592008464285933E-01  6.97681450871014803E-04  3.55543954919496715E-04  1.23393658667300759E-06
  730.000000  1.01531438717857793E+03  9.66554342616699842E+02  2.53701969848300912E+01  2.30455276753646174E+01  2.07257384782653431E-01  1.36038962388211476E-01  6.77757364900065102E-04  3.44604429345194850E-04  1.19271845095508411E-06
  732.000000  1.00066594318044577E+03  9.52845658173663537E+02  2.48984178885700480E+01  2.25859121483707632E+01  2.02369339666233161E-01  1.32591952884800940E-01  6.58478480405516034E-04  3.34045782770050483E-04  1.15302718750884388E-06
  734.000000  9.86311818977741950E+02  9.39408791120891692E+02  2.44374998297583730E+01  2.21376995267776913E+01  1.97616373778817467E-01  1.29247337160785458E-01  6.39821401075212916E-04  3.23853172880522700E-04  1.11480062155032020E-06
  736.000000  9.72244451716771209E+02  9.26236825252810377E+02  2.39871435837002238E+01  2.17005502149695815E+01  1.92994196696677195E-01  1.26001614543782392E-01  6.21763671971211208E-04  3.14012399245689041E-04  1.07797934271373698E-06
  738.000000  9.58456516129032480E+02  9.13323060145899376E+02  2.35470595811992318E+01  2.12741364729947762E+01  1.88498672566125930E-01  1.22851420255785146E-01  6.04283737808359710E-04  3.04509872729997761E-04  1.04250657157526368E-06
  740.000000  9.44940915705617272E+02  9.00661003180223247E+02  2.31169675497366178E+01  2.08581419404978412E+01  1.84125813851918396E-01  1.19793519489942962E-01  5.87360903247431047E-04  2.95332586501707265E-04  1.00832803313076822E-06
  742.000000  9.31690774249381434E+02  8.88244361901458774E+02  2.26965961697186067E+01  2.04522611822880620E+01  1.79871775366065245E-01  1.16824801774354933E-01  5.70975295107420963E-04  2.86468088546507863E-04  9.75391836833324821E-07
  744.000000  9.18699427786539900E+02  8.76067036706741760E+02  2.22856827452519219E+01  2.00561992544422054E+01  1.75732848566102717E-01  1.13942275607548479E-01  5.55107826404233995E-04  2.77904455601278859E-04  9.43648362889382738E-07
  746.000000  9.05960416820637420E+02  8.64123113839201096E+02  2.18839728885852587E+01  1.96696712899131114E+01  1.71705456105870902E-01  1.11143063351232169E-01  5.39740162100064741E-04  2.69630268428096189E-04  9.13050154362323547E-07
  748.000000  8.93467478912320985E+02  8.52406858676139109E+02  2.14912202176999010E+01  1.92924021026599917E+01  1.67786146628607580E-01  1.08424396366716400E-01  5.24854686493947029E-04  2.61634588353588026E-04  8.83551814854181809E-07
  750.000000  8.81214541569513358E+02  8.40912709297125275E+02  2.11071860663205122E+01  1.89241258093789355E+01  1.63971589789429439E-01  1.05783610382206766E-01  5.10434472155220126E-04  2.53906935003139235E-04  8.55109911395699521E-07
  752.000000  8.69195715433511396E+02  8.29635270318803578E+02  2.07316392059698167E+01  1.85645854679624449E+01  1.60258571498008429E-01  1.03218141078912390E-01  4.96463250329988340E-04  2.46437265163817402E-04  8.27682882304926762E-07
  754.000000  8.57405287746532053E+02  8.18569306983633510E+02  2.03643555792280395E+01  1.82135327318533449E+01  1.56643989366380604E-01  1.00725519884527104E-01  4.82925382732932304E-04  2.39215952713626149E-04  8.01230949683344131E-07
  756.000000  8.45837716088367642E+02  8.07709739491205482E+02  2.00051180439941518E+01  1.78707275195264828E+01  1.53124848357955506E-01  9.83033699634446312E-02  4.69805834666414061E-04  2.32233769558804604E-04  7.75716036369116187E-07
  758.000000  8.34487622368922416E+02  7.97051637560467952E+02  1.96537161279716521E+01  1.75359376983477944E+01  1.49698256622980003E-01  9.59494023934991808E-02  4.57090149392637966E-04  2.25481867523941523E-04  7.51101687039658586E-07
  760.000000  8.23349787065187797E+02  7.86590215212375483E+02  1.93099457931230702E+01  1.72089387821174142E+01  1.46361421514175055E-01  9.36614125197027386E-02  4.44764423689525900E-04  2.18951761143130807E-04  7.27352993275458783E-07
  762.000000  8.12419143691352360E+02  7.76320825762942604E+02  1.89736092094914852E+01  1.68895136416369240E+01  1.43111645773003837E-01  9.14372764759710938E-02  4.32815284546005812E-04  2.12635311303548477E-04  7.04436522369970025E-07
  764.000000  8.01690773491322830E+02  7.66238957016900827E+02  1.86445145381079413E+01  1.65774522276710883E+01  1.39946323879805712E-01  8.92749478662924201E-02  4.21229866924072692E-04  2.06524709695384169E-04  6.82320249665472270E-07
  766.000000  7.91159900343487379E+02  7.56340226652957654E+02  1.83224757224327135E+01  1.62725513057122555E+01  1.36862938557395147E-01  8.71724545972884929E-02  4.09995792540553551E-04  2.00612464024980031E-04  6.60973494243437472E-07
  768.000000  7.80821885868375148E+02  7.46620377792103568E+02  1.80073122881022876E+01  1.59746142019897928E+01  1.33859057424575351E-01  8.51278958546004966E-02  3.99101149623331262E-04  1.94891383950521321E-04  6.40366857792837123E-07
  770.000000  7.70672224729802565E+02  7.37075274740633631E+02  1.76988491504619887E+01  1.56834505601882750E+01  1.30932329789322427E-01  8.31394392158706363E-02  3.88534473579497399E-04  1.89354567701774048E-04  6.20472166466814434E-07
  772.000000  7.60706540120947693E+02  7.27700898900040670E+02  1.73969164296864207E+01  1.53988761083702510E+01  1.28080483576609061E-01  8.12053178935353975E-02  3.78284728543790399E-04  1.83995389347785596E-04  6.01262415589438685E-07
  774.000000  7.50920579427162693E+02  7.18493344836531151E+02  1.71013492730287915E+01  1.51207124356288141E+01  1.25301322384926750E-01  7.93238281010214819E-02  3.68341289760158470E-04  1.78807486678471406E-04  5.82711717067714133E-07
  776.000000  7.41310210057697759E+02  7.09448816503019771E+02  1.68119876839904521E+01  1.48487867780148335E+01  1.22592722664753226E-01  7.74933265362496571E-02  3.58693926748695406E-04  1.73784749667845232E-04  5.64795249337059820E-07
  778.000000  7.31871415438842291E+02  7.00563623606863530E+02  1.65286763580931044E+01  1.45829318133080825E+01  1.19952631014989347E-01  7.57122279767028367E-02  3.49332787232736460E-04  1.68921309488637806E-04  5.47489209746179252E-07
  780.000000  7.22600291161326595E+02  6.91834178117022475E+02  1.62512645248304821E+01  1.43229854642241552E+01  1.17379061588124417E-01  7.39790029805948851E-02  3.40248381774807920E-04  1.64211528049597392E-04  5.30770769218016769E-07
  782.000000  7.13493041275533415E+02  6.83256990904608301E+02  1.59796057957827102E+01  1.40687907096731095E+01  1.14870093605044188E-01  7.22921756890291811E-02  3.31431569099948893E-04  1.59649988028543437E-04  5.14618029107866134E-07
  784.000000  7.04545974727827456E+02  6.74828668510987200E+02  1.57135580184138419E+01  1.38201954036981025E+01  1.12423868968669169E-01  7.06503217242181736E-02  3.22873542061075602E-04  1.55231483375552101E-04  4.99009980100761028E-07
  786.000000  6.95755501932053676E+02  6.66545910037971453E+02  1.54529831354280063E+01  1.35770521017474213E+01  1.10038589976622525E-01  6.90520661791785284E-02  3.14565814228131527E-04  1.50951010262285459E-04  4.83926463082396718E-07
  788.000000  6.87118131470364119E+02  6.58405504154900882E+02  1.51977470493820750E+01  1.33392178939477315E+01  1.07712517125229168E-01  6.74960816945027464E-02  3.06500207062136883E-04  1.46803758454647568E-04  4.69348131866438049E-07
  790.000000  6.78630466917908734E+02  6.50404326217623066E+02  1.49477194924040528E+01  1.31065542450638137E+01  1.05443967002493658E-01  6.59810866180632061E-02  2.98668837647862078E-04  1.42785103087262884E-04  4.55256417675789131E-07
  792.000000  6.70289203786020153E+02  6.42539335494588954E+02  1.47027739007398068E+01  1.28789268408445849E+01  1.03231310265897047E-01  6.45058432437140422E-02  2.91064106962237031E-04  1.38890596819479572E-04  4.41633495302246439E-07
  794.000000  6.62091126578980379E+02  6.34807572495609520E+02  1.44627872939598188E+01  1.26562054404717372E+01  1.01072969700767054E-01  6.30691561252590821E-02  2.83678688651362325E-04  1.35115962353678703E-04  4.28462250859379375E-07
  796.000000  6.54033105959546560E+02  6.27206156398936855E+02  1.42276401586216270E+01  1.24382637348400351E+01  9.89674183559842019E-02  6.16698704621466282E-02  2.76505518286627018E-04  1.31457085297679617E-04  4.15726251029287577E-07
  798.000000  6.46112096018702914E+02  6.19732282572573695E+02  1.39972163362099735E+01  1.22249792104120942E+01  9.69131777535466449E-02  6.03068705535391020E-02  2.69537783090971819E-04  1.27910007354150397E-04  4.03409713760190790E-07
  800.000000  6.38325131645247666E+02  6.12383220185880305E+02  1.37714029151497535E+01  1.20162330184021204E+01  9.49088161686677811E-02  5.89790783175616132E-02  2.62768912094928477E-04  1.24470919820638309E-04  3.91497480304202138E-07
  802.000000  6.30669325991246637E+02  6.05156309907788568E+02  1.35500901268497511E+01  1.18119098490577734E+01  9.29529469786327389E-02  5.76854518727290266E-02  2.56192566724675356E-04  1.21136157384995133E-04  3.79974988575549963E-07
  804.000000  6.23141868029101374E+02  5.98048961688047712E+02  1.33331712453333395E+01  1.16118978108154689E+01  9.10442270740588616E-02  5.64249841786478162E-02  2.49802631775983557E-04  1.17902192201456936E-04  3.68828247702886781E-07
  806.000000  6.15740020196799833E+02  5.91058652618053998E+02  1.31205424906785098E+01  1.14160883141205538E+01  8.91813553345853632E-02  5.51967017333010110E-02  2.43593206783099470E-04  1.14765628233762392E-04  3.58043813783168631E-07
  808.000000  6.08461116127532478E+02  5.84182924868113787E+02  1.29121029358201529E+01  1.12243759597101747E+01  8.73630711618328393E-02  5.39996633243021162E-02  2.37558597741421428E-04  1.11723195852120289E-04  3.47608766719283277E-07
  810.000000  6.01302558460343334E+02  5.77419383697991407E+02  1.27077544167146286E+01  1.10366584311683571E+01  8.55881530708068189E-02  5.28329588316817506E-02  2.31693309187614821E-04  1.08771746671782759E-04  3.37510688138177190E-07
  812.000000  5.94261816728492477E+02  5.70765695537783472E+02  1.25074014457031950E+01  1.08528363915694417E+01  8.38554173337199560E-02  5.16957080798408422E-02  2.25992036600543696E-04  1.05908248621368288E-04  3.27737640286640407E-07
  814.000000  5.87336425322407763E+02  5.64219586136320572E+02  1.23109511279177557E+01  1.06728133840375801E+01  8.21637166769436933E-02  5.05870597364773758E-02  2.20449659126558539E-04  1.03129781229969911E-04  3.18278145902845916E-07
  816.000000  5.80523981524349892E+02  5.57778838774399901E+02  1.21183130807234765E+01  1.04964957360568096E+01  8.05119390284873560E-02  4.95061902563658923E-02  2.15061232607056507E-04  1.00433531122456988E-04  3.09121168990305453E-07
  818.000000  5.73822143611722254E+02  5.51441292540277800E+02  1.19293993558664297E+01  1.03237924673723143E+01  7.88990063109123174E-02  4.84523028679661183E-02  2.09821982887745595E-04  9.78167877129712803E-05  3.00256096449913239E-07
  820.000000  5.67228629026547424E+02  5.45204840664937478E+02  1.17441243644805411E+01  1.01546152013344102E+01  7.73238732828102765E-02  4.74246266009821019E-02  2.04727299415434212E-04  9.52769390872552923E-05  2.91672720551046003E-07
  822.000000  5.60741212608245633E+02  5.39067428914794959E+02  1.15624048045783017E+01  9.98887807953937923E+00  7.57855264215433894E-02  4.64224153530168465E-02  1.99772729083491196E-04  9.28114680646864457E-05  2.83361222164218569E-07
  824.000000  5.54357724887480686E+02  5.33027054039611244E+02  1.13841595911628986E+01  9.82649767963257403E+00  7.42829828495344263E-02  4.54449469936277911E-02  1.94953970341714303E-04  9.04179484316731486E-05  2.75312154758618934E-07
  826.000000  5.48076050438499010E+02  5.27081762273423351E+02  1.12093097887047133E+01  9.66739293614133821E+00  7.28152893002691065E-02  4.44915225041166637E-02  1.90266867541437367E-04  8.80940413382214342E-05  2.67516429102901605E-07
  828.000000  5.41894126287763129E+02  5.21229647886484258E+02  1.10377785459273650E+01  9.51148506421419349E+00  7.13815211231655644E-02  4.35614651514952614E-02  1.85707405508443978E-04  8.58374918500296699E-05  2.59965298639014686E-07
  830.000000  5.35809940376735995E+02  5.15468851786208688E+02  1.08694910328801235E+01  9.35869748614672048E+00  6.99807813249689326E-02  4.26541196951328791E-02  1.81271704339946982E-04  8.36461256488694202E-05  2.52650345505485397E-07
  832.000000  5.29821530076657837E+02  5.09797560165274490E+02  1.07043743801070210E+01  9.20895576058089738E+00  6.86121996470809570E-02  4.17688516246674524E-02  1.76956014408894519E-04  8.15178458743018216E-05  2.45563467171604230E-07
  834.000000  5.23926980753289968E+02  5.04214003194959844E+02  1.05423576199191160E+01  9.06218751426748881E+00  6.72749316771820011E-02  4.09050464278202242E-02  1.72756711570994467E-04  7.94506301001797081E-05  2.38696863662975112E-07
  836.000000  5.18124424379892275E+02  4.98716453762239496E+02  1.03833716296187877E+01  8.91832237629181357E+00  6.59681579924691203E-02  4.00621088868354583E-02  1.68670292561390014E-04  7.74425274397074642E-05  2.32043025332244088E-07
  838.000000  5.12412038196445337E+02  4.93303226248763906E+02  1.02273490766621187E+01  8.77729191466042025E+00  6.46910833354343989E-02  3.92394624023110969E-02  1.64693370575976931E-04  7.54916557731289951E-05  2.25594721171953005E-07
  840.000000  5.06788043413318235E+02  4.87972675350105590E+02  1.00742243656815429E+01  8.63902957515334435E+00  6.34429358194171511E-02  3.84365483432408048E-02  1.60822671032802918E-04  7.35961990924219968E-05  2.19344987633479863E-07
  842.000000  5.01250703957967517E+02  4.82723194934097819E+02  9.92393358720871355E+00  8.50347062235673334E+00  6.22229661624216293E-02  3.76528254221710768E-02  1.57055027494088298E-04  7.17544049576372521E-05  2.13287117924172367E-07
  844.000000  4.95798325262734181E+02  4.77553216936335616E+02  9.77641446819812998E+00  8.37055208278223972E+00  6.10304469493608698E-02  3.68877690943833353E-02  1.53387377755029379E-04  6.99645820597955269E-05  2.07414651765132603E-07
  846.000000  4.90429253092455951E+02  4.72461210291882367E+02  9.63160632409632633E+00  8.24021268999694989E+00  5.98646719208613745E-02  3.61408709801127048E-02  1.49816760084974931E-04  6.82250978855351858E-05  2.01721365595357394E-07
  848.000000  4.85141872410297879E+02  4.67445679901555138E+02  9.48945001257897225E+00  8.11239283168047720E+00  5.87249552871220368E-02  3.54116383088100978E-02  1.46340309615907035E-04  6.65343764788688423E-05  1.96201263189653032E-07
  850.000000  4.79934606280356377E+02  4.62505165631620002E+02  9.34988788874966836E+00  7.98703449853517622E+00  5.76106310672914179E-02  3.46995933845406015E-02  1.42955254872710694E-04  6.48908962956983292E-05  1.90848566675008475E-07
  852.000000  4.74805914805810744E+02  4.57638241345714391E+02  9.21286376183576117E+00  7.86408123497751710E+00  5.65210524511768689E-02  3.40042730716256236E-02  1.39658914438296620E-04  6.32931881469241526E-05  1.85657707935411759E-07
  854.000000  4.69754294101219955E+02  4.52843513967752585E+02  9.07832285329110000E+00  7.74347809154115385E+00  5.54555911851110986E-02  3.33252282996992638E-02  1.36448693749240352E-04  6.17398332261861403E-05  1.80623320375477938E-07
  856.000000  4.64778275297711957E+02  4.48119622574679795E+02  8.94621175625895937E+00  7.62517157892412545E+00  5.44136369782328363E-02  3.26620235873566964E-02  1.33322082014081597E-04  6.02294612184508168E-05  1.75740231034582636E-07
  858.000000  4.59876423579935363E+02  4.43465237518078482E+02  8.81647839632304731E+00  7.50910962361893741E+00  5.33945969301273110E-02  3.20142365836442594E-02  1.30276649249888712E-04  5.87607484858695836E-05  1.71003453027003266E-07
  860.000000  4.55047337253578348E+02  4.38879059573436734E+02  8.68907199360441496E+00  7.39524152506272880E+00  5.23978949798742100E-02  3.13814576266538692E-02  1.27310043438354014E-04  5.73324163275113307E-05  1.66408178314121137E-07
  862.000000  4.50289646842400884E+02  4.34359819116334961E+02  8.56394302595665380E+00  7.28351791425180917E+00  5.14229713720905576E-02  3.07632893185157963E-02  1.24419987782677257E-04  5.59432293096594731E-05  1.61949770760106221E-07
  864.000000  4.45602014213651159E+02  4.29906275324281410E+02  8.44104319345268017E+00  7.17389071376176268E+00  5.04692821436388273E-02  3.01593461161264141E-02  1.21604278075784103E-04  5.45919936636263289E-05  1.57623759493438019E-07
  866.000000  4.40983131730868593E+02  4.25517215403493651E+02  8.32032538392711807E+00  7.06631309912186367E+00  4.95362986271845537E-02  2.95692539369693391E-02  1.18860780165765307E-04  5.32775557480978556E-05  1.53425832531527772E-07
  868.000000  4.36431721433225903E+02  4.21191453839745009E+02  8.20174363965569952E+00  6.96073946149334333E+00  4.86235069724651955E-02  2.89926497794264146E-02  1.16187427519525861E-04  5.19988005732273864E-05  1.49351830683516325E-07
  870.000000  4.31946534240239430E+02  4.16927831672281343E+02  8.08525312505100224E+00  6.85712537159969848E+00  4.77304076834183730E-02  2.84291813569782260E-02  1.13582218874159978E-04  5.07546503837384651E-05  1.45397741687958813E-07
  872.000000  4.27526349181226465E+02  4.12725215790171376E+02  7.97081009543249408E+00  6.75542754486556607E+00  4.68565151723181264E-02  2.78785067457602530E-02  1.11043215985078225E-04  4.95440632985747341E-05  1.41559694611102488E-07
  874.000000  4.23169972648322357E+02  4.08582498250124331E+02  7.85837186670247867E+00  6.65560380771516513E+00  4.60013573280309701E-02  2.73402940449107602E-02  1.08568541448911661E-04  4.83660320045350127E-05  1.37833954457487875E-07
  876.000000  4.18876237672577815E+02  4.04498595615215606E+02  7.74789678604533094E+00  6.55761306499146723E+00  4.51644751001937031E-02  2.68142210492318123E-02  1.06156376616888302E-04  4.72195825016985042E-05  1.34216917013816093E-07
  878.000000  4.14644003222083484E+02  4.00472448313676296E+02  7.63934420348770526E+00  6.46141526845154512E+00  4.43454220966639362E-02  2.62999749336503483E-02  1.03804959580453533E-04  4.61037728983272371E-05  1.30705103897709427E-07
  880.000000  4.10472153521458893E+02  3.96503020017069503E+02  7.53267444437498845E+00  6.36697138629956338E+00  4.35437641951814322E-02  2.57972519490245293E-02  1.01512583234159549E-04  4.50176922531789805E-05  1.27295157809943985E-07
  882.000000  4.06359597391906732E+02  3.92589297037200481E+02  7.42784878265413084E+00  6.27424337371876639E+00  4.27590791678612442E-02  2.53057571288426222E-02  9.92775934097903188E-05  4.39604594631963367E-05  1.23983837976549365E-07
  884.000000  4.02305267611317674E+02  3.88730287741181030E+02  7.32482941506611329E+00  6.18319414436793302E+00  4.19909563189528462E-02  2.48252040063969073E-02  9.70983870818721139E-05  4.29312221946747411E-05  1.20768015781103994E-07
  886.000000  3.98308120293379318E+02  3.84925021983878139E+02  7.22357943601121999E+00  6.09378754280324308E+00  4.12389961335141303E-02  2.43553143420012948E-02  9.49734106336679788E-05  4.19291558560093300E-05  1.17644670563692551E-07
  888.000000  3.94367134285425436E+02  3.81172550557314764E+02  7.12406281328305990E+00  6.00598831779633535E+00  4.05028099397164928E-02  2.38958178598901554E-02  9.29011581944727636E-05  4.09534626103592663E-05  1.14610885600349305E-07
  890.000000  3.90481310584176867E+02  3.77471944656371704E+02  7.02624436451257584E+00  5.91976209651331065E+00  3.97820195805785939E-02  2.34464519943955799E-02  9.08801700322227145E-05  4.00033704264735691E-05  1.11663844235598670E-07
  892.000000  3.86649671768754899E+02  3.73822295360237604E+02  6.93008973428609032E+00  5.83507535952448908E+00  3.90762570977533225E-02  2.30069616450599736E-02  8.89090310055814560E-05  3.90781321661174677E-05  1.08800826170022634E-07
  894.000000  3.82871261450553106E+02  3.70222713129119938E+02  6.83556537203795145E+00  5.75189541661588155E+00  3.83851644260243263E-02  2.25770989403385504E-02  8.69863690766669575E-05  3.81770247065936407E-05  1.06019203901357789E-07
  896.000000  3.79145143739187461E+02  3.66672327315665370E+02  6.74263851052548624E+00  5.67019038337215608E+00  3.77083930965418229E-02  2.21566230095485948E-02  8.51108538724045215E-05  3.72993480968483734E-05  1.03316439302249401E-07
  898.000000  3.75470402724185135E+02  3.63170285690646892E+02  6.65127714500832035E+00  5.58992915850554795E+00  3.70456039515205532E-02  2.17452997627694752E-02  8.32811953008722806E-05  3.64444247458149616E-05  1.00690080333203474E-07
  900.000000  3.71846141971731413E+02  3.59715753982361264E+02  6.56145001304370723E+00  5.51108140190218521E+00  3.63964668671992661E-02  2.13429016783709402E-02  8.14961422173566592E-05  3.56115986416439485E-05  9.81377578894664991E-08
