# Wavelength || Total || n=1 | n=2 | ...
  300.000000  2.28566807179629450E+03  2.06093899493629488E+03  1.17414391365541945E+02  1.06363163084489372E+02  7.71507663551185829E-01  1.79065963313262300E-01  8.97814904909339118E-04  5.07518064356104378E-05  2.16392177030408883E-07
  302.000000  2.41515883565602553E+03  2.18341741295057864E+03  1.21461771169852170E+02  1.09313020180703433E+02  7.86500283040826753E-01  1.79186672355433507E-01  8.94709281436294884E-04  4.94800763022832857E-05  2.10137573985635475E-07
  304.000000  2.55070704522674805E+03  2.31177936154244799E+03  1.25633397197675791E+02  1.12311574938913523E+02  8.02463525629645624E-01  1.79306876958939210E-01  8.92685744524519993E-04  4.82550212622794648E-05  2.04356184953856679E-07
  306.000000  2.69265235827592642E+03  2.44634617658562183E+03  1.29941537530959778E+02  1.15364725458868421E+02  8.19542247922331102E-01  1.79437328589365092E-01  8.91847005995568057E-04  4.70779146462635504E-05  1.99043264779826437E-07
  308.000000  2.84136086155523753E+03  2.58746381583411130E+03  1.34399808346946486E+02  1.18478811915853456E+02  8.37898259897208231E-01  1.79588749228000444E-01  8.92305135852805272E-04  4.59498692796240349E-05  1.94195558327035489E-07
  310.000000  2.99722740294627192E+03  2.73550494207300153E+03  1.39023374141635458E+02  1.21660661842380080E+02  8.57713708692370069E-01  1.79771934609201572E-01  8.94184249045757340E-04  4.48718928994886520E-05  1.89811719055578774E-07
  312.000000  3.16067817442411888E+03  2.89087120519063865E+03  1.43829190311174472E+02  1.24917644193105886E+02  8.79195201726182485E-01  1.79997872966085271E-01  8.97623670316453014E-04  4.38449440707640374E-05  1.85892764351326238E-07
  314.000000  3.33217357950428323E+03  3.05399574413352093E+03  1.48836298800359202E+02  1.28257733987161430E+02  9.02578865524412466E-01  1.80277883564996244E-01  9.02781719353031313E-04  4.28699902909809782E-05  1.82442589218952067E-07
  316.000000  3.51221142500751421E+03  3.22534593199305755E+03  1.54066190816190073E+02  1.31689589851652244E+02  9.28136597977927913E-01  1.80623780795138716E-01  9.09840302364670604E-04  4.19480704083789957E-05  1.79468565121850892E-07
  318.000000  3.70133048475373425E+03  3.40542638999774681E+03  1.59543255060279364E+02  1.35222647500992196E+02  9.56183855183821318E-01  1.81048071628942986E-01  9.19010556401073271E-04  4.10803641047146061E-05  1.76982258186057006E-07
  320.000000  3.90011449275500445E+03  3.59478229896169432E+03  1.65295336030895186E+02  1.38867233153437780E+02  9.87089428683540215E-01  1.81564197144624767E-01  9.30539876284953321E-04  4.02682721079058569E-05  1.75000311663324824E-07
  322.000000  4.10919663620578649E+03  3.79400303972090524E+03  1.71354435372805824E+02  1.42634702216613960E+02  1.02128782827151299E+00  1.82186832906388985E-01  9.44720771372689920E-04  3.95135121459864400E-05  0.00000000000000000E+00
  324.000000  4.32926463671105284E+03  4.00372619715412338E+03  1.77757601028067654E+02  1.46537610429777175E+02  1.05929510972257024E+00  1.82932268957756494E-01  9.61902166399119466E-04  3.88182376656035603E-05  0.00000000000000000E+00
  326.000000  4.56106652692468742E+03  4.22464196517475557E+03  1.84548065580010132E+02  1.50589927275478601E+02  1.10172930625538101E+00  1.83818898997016367E-01  9.82504001924195758E-04  3.81851893920818255E-05  0.00000000000000000E+00
  328.000000  4.80541726554145771E+03  4.45749799172141866E+03  1.91776718977999053E+02  1.54807305241939019E+02  1.14933708427194836E+00  1.84867861591661381E-01  1.00703634395775355E-03  3.76178945269150811E-05  0.00000000000000000E+00
  330.000000  5.06320636639231179E+03  4.70310470102900945E+03  1.99504035286516569E+02  1.59207424012872252E+02  1.20302892149995100E+00  1.86103896735910268E-01  1.03612474101833982E-03  3.71209358126797250E-05  0.00000000000000000E+00
  332.000000  5.33540677004070585E+03  4.96234111970689992E+03  2.07802623648084733E+02  1.63810436811066666E+02  1.26392611674771072E+00  1.87556513210944298E-01  1.07054437124010733E-03  3.67003246504596299E-05  0.00000000000000000E+00
  334.000000  5.62308523946242440E+03  5.23616119853261989E+03  2.16760648784185662E+02  1.68639558423990792E+02  1.33342447689941412E+00  1.89261613926947792E-01  1.11126677024605907E-03  3.63640320831918020E-05  0.00000000000000000E+00
  336.000000  5.92741459649611079E+03  5.52560052227515462E+03  2.26486479479272390E+02  1.73721853374242272E+02  1.41328190827382705E+00  1.91263811498768255E-01  1.15952490469290446E-03  3.61227643050511171E-05  0.00000000000000000E+00
  338.000000  6.24968803474581273E+03  5.83178301300208204E+03  2.37115095614969619E+02  1.79089312512232624E+02  1.50574091081881201E+00  1.93619809060683545E-01  1.21690552439500214E-03  3.59911250434964125E-05  0.00000000000000000E+00
  340.000000  6.59133519281528061E+03  6.15592636268916976E+03  2.48817047202735495E+02  1.84780354905368995E+02  1.61370308203783663E+00  1.96403463775498638E-01  1.28548279117095526E-03  3.59894011906636681E-05  0.00000000000000000E+00
  342.000000  6.95393731529251272E+03  6.49934208311591101E+03  2.61811154076429375E+02  1.90841977529366545E+02  1.74098285138754894E+00  1.99713558333044855E-01  1.36801472666437502E-03  3.61463583273436296E-05  0.00000000000000000E+00
  344.000000  7.33922975143093481E+03  6.86341622276518501E+03  2.76382694165065971E+02  1.97332959117853648E+02  1.89268470427168434E+00  2.03685943788459389E-01  1.46823115372651781E-03  3.65036165092662380E-05  0.00000000000000000E+00
  346.000000  7.74905182225426688E+03  7.24952726336598698E+03  2.92909613723732093E+02  2.04329027397325547E+02  2.07577700933042575E+00  2.08512417079863982E-01  1.59121877238042886E-03  3.71220394261664548E-05  0.00000000000000000E+00
  348.000000  8.18516589726660914E+03  7.65881632472316687E+03  3.11901351995858363E+02  2.11931989517425791E+02  2.29998182421650688E+00  2.14467423939067564E-01  1.74369416344773761E-03  3.80878392141600273E-05  0.00000000000000000E+00
  350.000000  8.64894858350026152E+03  8.09179793324516049E+03  3.34062260711404576E+02  2.20285372930555639E+02  2.57911911725723808E+00  2.21923790460863524E-01  1.93420514170428094E-03  3.95002803131326346E-05  0.00000000000000000E+00
  352.000000  9.14103591520669033E+03  8.54786639527680200E+03  3.60403368317054742E+02  2.29599848550692030E+02  2.93289508262947374E+00  2.31188710846040979E-01  2.17796212214024483E-03  4.13065437141441768E-05  0.00000000000000000E+00
  354.000000  9.66317445302072883E+03  9.02689986619001684E+03  3.92463799757749484E+02  2.40175962289108242E+02  3.39002320059464068E+00  2.42257920003116550E-01  2.50037950073534604E-03  4.32837576512732345E-05  0.00000000000000000E+00
  356.000000  1.02177552481253224E+04  9.52873541632203523E+03  4.32666494290134267E+02  2.52108063458563663E+02  3.98637279197762195E+00  2.55930796772992797E-01  2.92394137910925202E-03  4.65244601581122068E-05  0.00000000000000000E+00
  358.000000  1.07945923873166230E+04  1.00393419567971796E+04  4.85064380541662388E+02  2.65191376948296863E+02  4.72190896331097676E+00  2.69319558116804636E-01  3.39427031365048754E-03  5.02377444005328805E-05  0.00000000000000000E+00
  360.000000  1.14272313381103104E+04  1.05842620916603773E+04  5.56604139590611567E+02  2.80548283006863016E+02  5.53158515355146729E+00  2.81457058549228534E-01  3.72967327194909668E-03  5.19670857712957790E-05  0.00000000000000000E+00
  362.000000  1.21671911434510803E+04  1.12034917136093754E+04  6.57012523079583048E+02  2.99697246654827779E+02  6.68971299156630650E+00  2.95691070263886635E-01  4.20424069301161135E-03  5.18047683633553503E-05  0.00000000000000000E+00
  364.000000  1.29981174955684783E+04  1.18595956199167067E+04  8.04161265007661882E+02  3.25370498354376821E+02  8.66373488439145412E+00  3.21054594396792348E-01  5.26880839431917523E-03  5.40025502156494115E-05  0.00000000000000000E+00
  366.000000  1.39197780777492244E+04  1.25120663493507727E+04  1.03205034688272303E+03  3.63422371027209522E+02  1.18629171703182799E+01  3.68935880347973366E-01  7.09594523357645439E-03  6.14926218117884337E-05  0.00000000000000000E+00
  368.000000  1.49497223608655331E+04  1.31102698789957394E+04  1.39710217452923303E+03  4.24890764924683253E+02  1.69943562639892427E+01  4.55088676728065911E-01  1.00207575265961520E-02  7.67176327600345724E-05  0.00000000000000000E+00
  370.000000  1.61033320268637635E+04  1.35998404548829203E+04  1.95232627192303403E+03  5.25765235851220837E+02  2.47844677274949561E+01  6.01087332053666601E-01  1.44061804234716668E-02  1.02966615902140706E-04  0.00000000000000000E+00
  372.000000  1.73674809593663631E+04  1.41173038567861640E+04  2.56484168182929216E+03  6.50776852268131620E+02  3.37563856604498298E+01  7.82638409362426568E-01  1.94089898170691708E-02  1.35423143430047049E-04  0.00000000000000000E+00
  374.000000  1.83920466372767150E+04  1.48932940505510942E+04  2.75320194206777478E+03  7.07221970716121632E+02  3.74322719984085452E+01  8.74855388319904725E-01  2.13936275617204429E-02  1.52927439398883077E-04  0.00000000000000000E+00
  376.000000  1.87473527813627334E+04  1.57728930041228668E+04  2.32889590548436854E+03  6.13547777391967543E+02  3.12506932615743658E+01  7.47594460744551714E-01  1.76757193182880343E-02  1.30921894214550296E-04  0.00000000000000000E+00
  378.000000  1.90118688417613266E+04  1.68045871594661694E+04  1.72678999956253301E+03  4.58744307162626455E+02  2.12364410018866181E+01  4.99074496151642288E-01  1.17760084104683409E-02  8.40635527223438847E-05  0.00000000000000000E+00
  380.000000  1.96688534621554718E+04  1.80016308832355608E+04  1.28535230213995396E+03  3.67864930782869010E+02  1.36663776855447754E+01  3.31537801532373944E-01  7.37956180583603742E-03  5.09482073628544883E-05  0.00000000000000000E+00
  382.000000  2.06287793325225794E+04  1.92681764788848232E+04  1.01849761284918065E+03  3.32820579394239871E+02  9.02968030984787084E+00  2.50220716246871311E-01  4.72630951577317389E-03  3.40587301228204093E-05  0.00000000000000000E+00
  384.000000  2.17646924849852476E+04  2.05719941814829763E+04  8.62307296015325505E+02  3.23922630819573783E+02  6.25264612918495111E+00  2.12544685080413742E-01  3.16017948162445033E-03  2.56736282955560508E-05  0.00000000000000000E+00
  386.000000  2.30138239329029093E+04  2.19126367200788300E+04  7.70101837023370877E+02  3.26353926944122065E+02  4.53439123733480276E+00  1.94831698087158278E-01  2.20464453023114845E-03  2.12766300742329181E-05  0.00000000000000000E+00
  388.000000  2.43466907938586737E+04  2.32938700925256308E+04  7.15298244243456111E+02  3.33909910001186631E+02  3.42437468763881370E+00  1.86557974900776385E-01  1.59561530128481685E-03  1.88105607972276062E-05  0.00000000000000000E+00
  390.000000  2.57468055030362921E+04  2.47169467175505233E+04  6.83099546126475389E+02  3.43897808531323619E+02  2.67724407013491961E+00  1.82978423416644664E-01  1.19100109463056458E-03  1.73333212234371098E-05  0.00000000000000000E+00
  392.000000  2.72019260464241161E+04  2.61795715711655139E+04  6.64981409719610724E+02  3.55034454763031761E+02  2.15587352302739355E+00  1.81808616161176523E-01  9.12248927017771300E-04  1.63878435653219797E-05  0.00000000000000000E+00
  394.000000  2.87002764593775682E+04  2.76759175512607471E+04  6.55768807402900848E+02  3.66627021500332205E+02  1.78048735554637472E+00  1.81861985306554202E-01  7.14135236346741947E-04  1.57375008463724442E-05  0.00000000000000000E+00
  396.000000  3.02288117296318014E+04  2.91967584139715000E+04  6.52127319605500247E+02  3.78240220067812743E+02  1.50271906487159179E+00  1.82472140554625073E-01  5.69529509316936433E-04  1.52520540383447072E-05  0.00000000000000000E+00
  398.000000  3.17724231828551892E+04  3.07296230460818369E+04  6.51770424465655765E+02  3.89553906995583475E+02  1.29209464480138325E+00  1.83234286885479714E-01  4.61524651659126449E-04  1.48557733447081085E-05  0.00000000000000000E+00
  400.000000  3.33136827106139244E+04  3.22590364078812054E+04  6.53032683185990436E+02  4.00300605229032385E+02  1.12873708813873108E+00  1.83883506406779001E-01  3.79220643696511720E-04  1.45025123455226149E-05  0.00000000000000000E+00
  402.000000  3.48329880644758014E+04  3.37669278782541587E+04  6.54636832395444912E+02  4.10239523659133283E+02  9.99279310527589892E-01  1.84235479776444722E-01  3.15376761237472279E-04  0.00000000000000000E+00  0.00000000000000000E+00
  404.000000  3.63090626373818086E+04  3.52332666441717811E+04  6.55568270739097784E+02  4.19148807667379458E+02  8.94492354729350847E-01  1.84157393473989295E-01  2.65055349040623433E-04  0.00000000000000000E+00  0.00000000000000000E+00
  406.000000  3.77197769545508418E+04  3.66369464350465205E+04  6.55011332306526128E+02  4.26827544164419862E+02  8.07864137121986237E-01  1.83554084794304323E-01  2.24811455948482908E-04  0.00000000000000000E+00  0.00000000000000000E+00
  408.000000  3.90432345353296259E+04  3.79568928516269152E+04  6.52321507311416553E+02  4.33102899709505664E+02  7.34722556707665619E-01  1.82361931564448049E-01  1.92193520281616382E-04  0.00000000000000000E+00  0.00000000000000000E+00
  410.000000  4.02590208479860594E+04  3.91733117335994102E+04  6.47017464715283268E+02  4.37839258648513578E+02  6.71679223110843049E-01  1.80546372769785579E-01  1.65426970212812283E-04  0.00000000000000000E+00  0.00000000000000000E+00
  412.000000  4.13494703136608587E+04  4.02689472341782966E+04  6.38781729218041846E+02  4.40946840226279903E+02  6.16266226874644607E-01  1.78100602886149373E-01  1.43208480685613141E-04  0.00000000000000000E+00  0.00000000000000000E+00
  414.000000  4.23007789336761998E+04  4.12301874750110728E+04  6.27461898977387136E+02  4.42387700179850754E+02  5.66691010653920246E-01  1.75043928331089310E-01  1.24568905254624439E-04  0.00000000000000000E+00  0.00000000000000000E+00
  416.000000  4.31037938386894311E+04  4.20478563192283036E+04  6.13066744471474294E+02  4.42177582849124860E+02  5.21664413751492528E-01  1.71418946931431670E-01  1.08779845356073374E-04  0.00000000000000000E+00  0.00000000000000000E+00
  418.000000  4.37543518138403451E+04  4.27175673063398572E+04  5.95753978593562124E+02  4.40382871519117316E+02  4.80274825332728195E-01  1.67287273883305720E-01  9.52885924919211799E-05  0.00000000000000000E+00  0.00000000000000000E+00
  420.000000  4.42531110843179194E+04  4.32395846093618893E+04  5.75808970047050593E+02  4.37112804816681773E+02  4.41892407591902792E-01  1.62724012734257822E-01  8.36719684715172348E-05  0.00000000000000000E+00  0.00000000000000000E+00
  422.000000  4.46049078806586695E+04  4.36182199975262192E+04  5.53615903499360115E+02  4.32508000252584964E+02  4.06094259607690578E-01  1.57811517804098828E-01  7.36030923002453750E-05  0.00000000000000000E+00  0.00000000000000000E+00
  424.000000  4.48177496138648130E+04  4.38608728609827231E+04  5.29624497685220717E+02  4.26726951581570745E+02  3.72605617567725422E-01  1.52633170491039888E-01  6.48272499771841698E-05  0.00000000000000000E+00  0.00000000000000000E+00
  426.000000  4.49016103801722929E+04  4.39768732725324953E+04  5.04316116667837832E+02  4.19932411400781405E+02  3.41254543481357087E-01  1.47267883333710103E-01  5.71443604977049167E-05  0.00000000000000000E+00  0.00000000000000000E+00
  428.000000  4.48672114966289228E+04  4.39763053920053790E+04  4.78172914105767120E+02  4.12279415680618115E+02  3.11938557035892461E-01  1.41785883804651958E-01  5.03963184127012180E-05  0.00000000000000000E+00  0.00000000000000000E+00
  430.000000  4.47249506986785054E+04  4.38689708505799499E+04  4.51652712946106590E+02  4.03906242978819478E+02  2.84601636993661422E-01  1.36246078715165586E-01  4.44579176697831849E-05  0.00000000000000000E+00  0.00000000000000000E+00
  432.000000  4.44840983888581613E+04  4.36636085195241685E+04  4.25170935611755567E+02  3.94928980312996373E+02  2.59219146184185567E-01  1.30695032846342929E-01  3.92302147240833647E-05  0.00000000000000000E+00  0.00000000000000000E+00
  434.000000  4.41523218189119070E+04  4.33674317062454429E+04  3.99089378236827031E+02  3.85439745656967148E+02  2.35786766399700282E-01  1.25167371107980929E-01  3.46351585818259914E-05  0.00000000000000000E+00  0.00000000000000000E+00
  436.000000  4.37355414330594795E+04  4.29859889764172840E+04  3.73710321167691973E+02  3.75508109321497329E+02  2.14308277499270949E-01  1.19687265203725232E-01  3.06102975517962583E-05  0.00000000000000000E+00  0.00000000000000000E+00
  438.000000  4.32380774145328614E+04  4.25233095335603284E+04  3.49273882344315552E+02  3.65184923090587972E+02  1.94777834362957536E-01  1.14270600523284110E-01  2.71027482369435403E-05  0.00000000000000000E+00  0.00000000000000000E+00
  440.000000  4.26630142564029884E+04  4.19822633519402807E+04  3.25957178037402343E+02  3.54507617645778907E+02  1.77157291273993683E-01  1.08927425521605142E-01  2.40627248154808631E-05  0.00000000000000000E+00  0.00000000000000000E+00
  442.000000  4.20126981707896120E+04  4.13650514668733085E+04  3.03875621336313657E+02  3.43506039948488308E+02  1.61356849877632824E-01  1.03664343210338919E-01  2.14384090712751315E-05  0.00000000000000000E+00  0.00000000000000000E+00
  444.000000  4.12892830309428755E+04  4.06737412079841451E+04  2.83088062589201513E+02  3.32208023636282121E+02  1.47230970137094852E-01  9.84865887205479823E-02  1.91743922787386736E-05  0.00000000000000000E+00  0.00000000000000000E+00
  446.000000  4.04952492274202741E+04  3.99107705033743987E+04  2.63606648427404195E+02  3.20644064229779360E+02  1.34594546422668188E-01  9.33996280056896416E-02  1.72142642774452899E-05  0.00000000000000000E+00  0.00000000000000000E+00
  448.000000  3.96338325309256470E+04  3.90793605061882408E+04  2.45409672595804835E+02  3.08850675166024359E+02  1.23251270751792333E-01  8.84101994687808979E-02  1.55053591997159018E-05  0.00000000000000000E+00  0.00000000000000000E+00
  450.000000  3.87093175859068142E+04  3.81837947872309524E+04  2.28454017854893095E+02  2.96872220403021686E+02  1.13019616598939263E-01  8.35267986374181315E-02  1.40027081551864030E-05  0.00000000000000000E+00  0.00000000000000000E+00
  452.000000  3.77271736414066545E+04  3.72295452755998922E+04  2.12684606957324661E+02  2.84761239529888940E+02  1.03746977328673246E-01  7.87596716731769619E-02  1.26705521145093480E-05  0.00000000000000000E+00  0.00000000000000000E+00
  454.000000  3.66940347205239377E+04  3.62232474670479642E+04  1.98040339962662529E+02  2.72577469831405722E+02  9.53117706205608844E-02  7.41204296444819971E-02  1.14816407282812503E-05  0.00000000000000000E+00  0.00000000000000000E+00
  456.000000  3.56175468648449241E+04  3.51725463097691609E+04  1.84457408015683569E+02  2.60385896689316439E+02  8.76185376421317330E-02  6.96214176861306849E-02  1.04154363246780866E-05  0.00000000000000000E+00  0.00000000000000000E+00
  458.000000  3.45061179767632930E+04  3.40858467495830773E+04  1.71871132490699040E+02  2.48254219193924314E+02  8.05910666652556867E-02  6.52749727266810492E-02  9.45620457350386406E-06  0.00000000000000000E+00  0.00000000000000000E+00
  460.000000  3.33686108500292758E+04  3.29720083496470616E+04  1.60217122730833609E+02  2.36250110006022396E+02  7.41663680384008761E-02  6.10926858356263397E-02  8.59147696233732822E-06  0.00000000000000000E+00  0.00000000000000000E+00
  462.000000  3.22140185888129054E+04  3.18400224759897719E+04  1.49432135986230548E+02  2.24438593896020933E+02  6.82903727106118491E-02  5.70847571889049263E-02  7.81098302635974706E-06  0.00000000000000000E+00  0.00000000000000000E+00
  464.000000  3.10511556281994890E+04  3.06987048879547110E+04  1.39454771638752248E+02  2.12879786788753762E+02  6.29152116936199796E-02  5.32594996061107537E-02  7.10597116477536573E-06  0.00000000000000000E+00  0.00000000000000000E+00
  466.000000  2.98883889282702512E+04  2.95564281301205083E+04  1.30226026463971891E+02  2.01627144576644014E+02  5.79976244229439206E-02  4.96230159069672577E-02  6.46879699815268121E-06  0.00000000000000000E+00  0.00000000000000000E+00
  468.000000  2.87334244352341266E+04  2.84209087571433956E+04  1.21689711629894873E+02  1.90726283450744006E+02  5.34980676833975641E-02  4.61790497305392469E-02  5.89267729821929932E-06  0.00000000000000000E+00  0.00000000000000000E+00
  470.000000  2.75931550625478194E+04  2.72990556509741109E+04  1.13792735570760499E+02  1.80214361423062428E+02  4.93802173876365449E-02  4.29289909541932524E-02  5.37153948477070747E-06  0.00000000000000000E+00  0.00000000000000000E+00
  472.000000  2.64735692254163478E+04  2.61968785129156822E+04  1.06485265666277328E+02  1.70119959257192761E+02  4.56106714618993089E-02  3.98720058085958659E-02  4.89992373278129937E-06  0.00000000000000000E+00  0.00000000000000000E+00
  474.000000  2.53797138211601086E+04  2.51194504962955252E+04  9.97207876298189291E+01  1.60463368758884684E+02  4.21587456024979032E-02  3.70052573634136461E-02  4.47291322694008491E-06  0.00000000000000000E+00  0.00000000000000000E+00
  476.000000  2.43157024996975124E+04  2.40709159069902926E+04  9.34560835296391019E+01  1.51257184602730746E+02  3.89963060474830051E-02  3.43241827210333111E-02  4.08607941640816444E-06  0.00000000000000000E+00  0.00000000000000000E+00
  478.000000  2.32847588251782727E+04  2.30545326543794981E+04  8.76511485083499196E+01  1.42507098144194885E+02  3.60976135318560529E-02  3.18227972624009411E-02  3.73543556432615819E-06  0.00000000000000000E+00  0.00000000000000000E+00
  480.000000  2.22892840534835705E+04  2.20727392499188754E+04  8.22690638434196870E+01  1.34212803133288986E+02  3.34391685426414786E-02  2.94940020456694596E-02  3.41739535356899784E-06  0.00000000000000000E+00  0.00000000000000000E+00
  482.000000  2.13309402747511413E+04  2.11272371616635392E+04  7.72758409821661161E+01  1.26368939544223949E+02  3.09995557680500626E-02  2.73298767089740387E-02  3.12873507931121058E-06  0.00000000000000000E+00  0.00000000000000000E+00
  484.000000  2.04107411814833576E+04  2.02190808297442964E+04  7.26402481763288961E+01  1.18966019461095925E+02  2.87592889630951948E-02  2.53219461148819110E-02  2.86655880676012617E-06  0.00000000000000000E+00  0.00000000000000000E+00
  486.000000  1.95291443996943708E+04  1.93487693105682411E+04  6.83336286329086704E+01  1.11991295792441790E+02  2.67006585099138286E-02  2.34614140041933053E-02  2.62826624325629432E-06  0.00000000000000000E+00  0.00000000000000000E+00
  488.000000  1.86861409415630551E+04  1.85163351262218166E+04  6.43297168046311043E+01  1.05429549180246042E+02  2.48075839415909417E-02  2.17393608973597899E-02  2.41152321079196335E-06  0.00000000000000000E+00  0.00000000000000000E+00
  490.000000  1.78813387719547936E+04  1.77214273195398164E+04  6.06044575800777423E+01  9.92637802410149419E+01  2.30654732605867462E-02  2.01469063890940756E-02  2.21423463564652275E-06  0.00000000000000000E+00  0.00000000000000000E+00
  492.000000  1.71140386666506238E+04  1.69633868933506637E+04  5.71358316637563277E+01  9.34758031734083801E+01  2.14610903335895643E-02  1.86753379398041583E-02  2.03451996059256408E-06  0.00000000000000000E+00  0.00000000000000000E+00
  494.000000  1.63833014651205376E+04  1.62413137322509574E+04  5.39036893045369894E+01  8.80467430537796361E+01  1.99824311280971424E-02  1.73162094459161989E-02  1.87069086255586583E-06  0.00000000000000000E+00  0.00000000000000000E+00
  496.000000  1.56880065033122464E+04  1.55541247846531569E+04  5.08895936770861539E+01  8.29574432381945570E+01  1.86186091272552701E-02  1.60614134516929193E-02  1.72123113789478327E-06  0.00000000000000000E+00  0.00000000000000000E+00
  498.000000  1.50269014861392552E+04  1.49006037553218812E+04  4.80766745897332513E+01  7.81887916619169800E+01  1.73597499299204365E-02  1.49032310161561453E-02  1.58477860321955374E-06  0.00000000000000000E+00  0.00000000000000000E+00
  500.000000  1.43986443646625085E+04  1.42794428632936397E+04  4.54494927354255367E+01  7.37219759154173886E+01  1.61968948046150793E-02  1.38343631123562360E-02  1.46010885256683755E-06  0.00000000000000000E+00  0.00000000000000000E+00
  502.000000  1.38018379581027730E+04  1.36892773953561791E+04  4.29939143800508532E+01  6.95386771604933074E+01  1.51219128039752782E-02  1.28479471245871724E-02  1.34612071081936808E-06  0.00000000000000000E+00  0.00000000000000000E+00
  504.000000  1.32350581403221950E+04  1.31287138653959682E+04  4.06969961622065597E+01  6.56212125396465069E+01  1.41274209443830595E-02  1.19375616056449710E-02  1.24182322707739445E-06  0.00000000000000000E+00  0.00000000000000000E+00
  506.000000  1.26968764229764474E+04  1.25963526033984526E+04  3.85468795347856741E+01  6.19526349629675721E+01  1.32067118990257856E-02  1.10972220194280567E-02  1.14632405881484714E-06  0.00000000000000000E+00  0.00000000000000000E+00
  508.000000  1.21858777359524192E+04  1.20908055673409162E+04  3.65326942916343143E+01  5.85167982026570357E+01  1.23536886294378159E-02  1.03213697627984689E-02  1.05881910688130855E-06  0.00000000000000000E+00  0.00000000000000000E+00
  510.000000  1.17006741472794311E+04  1.16107101138556372E+04  3.46444705767370991E+01  5.52983942067336187E+01  1.15628053808943740E-02  9.60485635827134504E-03  9.78583271794886660E-07  0.00000000000000000E+00  0.00000000000000000E+00
  512.000000  1.12399151919443921E+04  1.11547393918041689E+04  3.28730587569332542E+01  5.22829685394960251E+01  1.08290144832754488E-02  8.94292434835590802E-03  9.04962212604806779E-07  0.00000000000000000E+00  0.00000000000000000E+00
  514.000000  1.08022954008695724E+04  1.07216099456679949E+04  3.12100565435464112E+01  4.94569189161320963E+01  1.01477184256255903E-02  8.33118610847632078E-03  8.37365000400946865E-07  0.00000000000000000E+00  0.00000000000000000E+00
  516.000000  1.03865595434980478E+04  1.03100870386794177E+04  2.96477427666016418E+01  4.68074809485360745E+01  9.51472670538780659E-03  7.76560152851796855E-03  7.75257568974406943E-07  0.00000000000000000E+00  0.00000000000000000E+00
  518.000000  9.99150602370070737E+03  9.91898813260709721E+03  2.81790172327517716E+01  4.43227044704213142E+01  8.92621698921790795E-03  7.24245529051294364E-03  7.18156874983694417E-07  0.00000000000000000E+00  0.00000000000000000E+00
  520.000000  9.61598880117827503E+03  9.54718489418361787E+03  2.67973461310744234E+01  4.19914231635095234E+01  8.37870015932661895E-03  6.75833428749717316E-03  6.65625689141065652E-07  0.00000000000000000E+00  0.00000000000000000E+00
  522.000000  9.25891815010408573E+03  9.19360403824793138E+03  2.54967124867387014E+01  3.98032196577106276E+01  7.86898885593283193E-03  6.31010558110400768E-03  6.17267948342592841E-07  0.00000000000000000E+00  0.00000000000000000E+00
  524.000000  8.91926051379361888E+03  8.85722726513805173E+03  2.42715711996190073E+01  3.77483878188826338E+01  7.39416916180122164E-03  5.89489517799899731E-03  5.72724606322200575E-07  0.00000000000000000E+00  0.00000000000000000E+00
  526.000000  8.59603766836656905E+03  8.53709050439284511E+03  2.31168082416466802E+01  3.58178935574865775E+01  6.95157510828733199E-03  5.51006781290628439E-03  5.31669927324184598E-07  0.00000000000000000E+00  0.00000000000000000E+00
  528.000000  8.28832536927632827E+03  8.23228263800630339E+03  2.20277036224040934E+01  3.40033351802453794E+01  6.53876571356392690E-03  5.15320785441755313E-03  4.93808173504317424E-07  0.00000000000000000E+00  0.00000000000000000E+00
  530.000000  7.99525162154919144E+03  7.94194384366350823E+03  2.09998977665341684E+01  3.22969040545903496E+01  6.15350429256918390E-03  4.82210139514464755E-03  4.58870642330044937E-07  0.00000000000000000E+00  0.00000000000000000E+00
  532.000000  7.71599468687325407E+03  7.66526367085593483E+03  2.00293609785133704E+01  3.06913461528413762E+01  5.79373980464468943E-03  4.51471954676245426E-03  4.26613015207178712E-07  0.00000000000000000E+00  0.00000000000000000E+00
  534.000000  7.44978091768597005E+03  7.40147893991417277E+03  1.91123657002667251E+01  2.91799248817594972E+01  5.45759002892849676E-03  4.22920293036478049E-03  3.96812982971206742E-07  0.00000000000000000E+00  0.00000000000000000E+00
  536.000000  7.19588248939865935E+03  7.14987153508522624E+03  1.82454612946884680E+01  2.77563854757650326E+01  5.14332637937676973E-03  3.96384733097048404E-03  3.69268117794517986E-07  0.00000000000000000E+00  0.00000000000000000E+00
  538.000000  6.95361508630426943E+03  6.90976614726359821E+03  1.74254511135218166E+01  2.64149211326959872E+01  4.84936019098047063E-03  3.71709047011272191E-03  3.43793964529220855E-07  0.00000000000000000E+00  0.00000000000000000E+00
  540.000000  6.72233558401216760E+03  6.68052800933621256E+03  1.66493716313074209E+01  2.51501409942586633E+01  4.57423032646843506E-03  3.48749984069603516E-03  3.20222327576429706E-07  0.00000000000000000E+00  0.00000000000000000E+00
  542.000000  6.50143976093332276E+03  6.46156065681843029E+03  1.59144734482474171E+01  2.39570400147338631E+01  4.31659196868789622E-03  3.27376154246443408E-03  2.98399732088157077E-07  0.00000000000000000E+00  0.00000000000000000E+00
  544.000000  6.29036006303851445E+03  6.25230373818212229E+03  1.52182039840875873E+01  2.28309707175879524E+01  4.07520647810916646E-03  3.07467005354066522E-03  2.78186040709623464E-07  0.00000000000000000E+00  0.00000000000000000E+00
  546.000000  6.08856343944935907E+03  6.05223089262903886E+03  1.45581917025306673E+01  2.17676168072548109E+01  3.84893220764505198E-03  2.88911887278170323E-03  2.59453209191354012E-07  0.00000000000000000E+00  0.00000000000000000E+00
  548.000000  5.89554926112725298E+03  5.86084770777540962E+03  1.39322317214643032E+01  2.07629685801479020E+01  3.63671617837131545E-03  2.71609196855962650E-03  2.42084166076102078E-07  0.00000000000000000E+00  0.00000000000000000E+00
  550.000000  5.71084733073862208E+03  5.67768976552873482E+03  1.33382726785176473E+01  1.98133000628961184E+01  3.43758652990608284E-03  2.55465597154562333E-03  2.25971803322511931E-07  0.00000000000000000E+00  0.00000000000000000E+00
  552.000000  5.53401598849208403E+03  5.50232078115277727E+03  1.27744047342901066E+01  1.89151477952782443E+01  3.25064566828117858E-03  2.40395305179170711E-03  2.11018066192151719E-07  0.00000000000000000E+00  0.00000000000000000E+00
  554.000000  5.36464031620036258E+03  5.33433083796850042E+03  1.22388486071642433E+01  1.80652911690989910E+01  3.07506404223879511E-03  2.26319442359771859E-03  1.97133132021379136E-07  0.00000000000000000E+00  0.00000000000000000E+00
  556.000000  5.20233043986667053E+03  5.17333471817825466E+03  1.17299455440223763E+01  1.72607342312478309E+01  2.91007448610576839E-03  2.13165442511247753E-03  1.84234668644693659E-07  0.00000000000000000E+00  0.00000000000000000E+00
  558.000000  5.04671992961759497E+03  5.01897032881399537E+03  1.12461481405478292E+01  1.64986888586073626E+01  2.75496707383701472E-03  2.00866512319563401E-03  1.72247164249272353E-07  0.00000000000000000E+00  0.00000000000000000E+00
  560.000000  4.89746429471732699E+03  4.87089722071344295E+03  1.07860119332297302E+01  1.57765592137201089E+01  2.60908443456606218E-03  1.89361139765376290E-03  1.61101321337391786E-07  0.00000000000000000E+00  0.00000000000000000E+00
  562.000000  4.75423957060411885E+03  4.72879519762406562E+03  1.03481876927559320E+01  1.50919273926158635E+01  2.47181748512071038E-03  1.78592646247399071E-03  1.50733508267636121E-07  0.00000000000000000E+00  0.00000000000000000E+00
  564.000000  4.61674099434121763E+03  4.59236301197591092E+03  9.93141435529104122E+00  1.44425401796062243E+01  2.34260153953272767E-03  1.68508778506260785E-03  1.41085262549684618E-07  0.00000000000000000E+00  0.00000000000000000E+00
  566.000000  4.48468176451896852E+03  4.46131714349860431E+03  9.53451253427314604E+00  1.38262968278608707E+01  2.22091275965097213E-03  1.59061336771830334E-03  1.32102840691741874E-07  0.00000000000000000E+00  0.00000000000000000E+00
  568.000000  4.35779188142901785E+03  4.33539065663222573E+03  9.15637856086090274E+00  1.32412377889214579E+01  2.10626491460908687E-03  1.50205835860325139E-03  1.23736809953435916E-07  0.00000000000000000E+00  0.00000000000000000E+00
  570.000000  4.23581706323620801E+03  4.21433213257690113E+03  8.79597900612714767E+00  1.26855343188549821E+01  1.99820642015202492E-03  1.41901196231502104E-03  1.15941677848810512E-07  0.00000000000000000E+00  0.00000000000000000E+00
  572.000000  4.11851773385803153E+03  4.09790467180123869E+03  8.45234564254118936E+00  1.21574788933211089E+01  1.89631763173187971E-03  1.34109462279831024E-03  1.08675555680863361E-07  0.00000000000000000E+00  0.00000000000000000E+00
  574.000000  4.00566807832493032E+03  3.98588496288449687E+03  8.12457080631430628E+00  1.16554763683973519E+01  1.80020836788679782E-03  1.26795545377813364E-03  1.01899852777820891E-07  0.00000000000000000E+00  0.00000000000000000E+00
  576.000000  3.89705516148639663E+03  3.87806241365111100E+03  7.81180312577295055E+00  1.11780358283968297E+01  1.70951564273823264E-03  1.19926989413801036E-03  9.55789984467280131E-08  0.00000000000000000E+00  0.00000000000000000E+00
  578.000000  3.79247810607373822E+03  3.77423834069450731E+03  7.51324358419409943E+00  1.07237630662001067E+01  1.62390158852677362E-03  1.13473756773108678E-03  8.96801889679635103E-08  0.00000000000000000E+00  0.00000000000000000E+00
  580.000000  3.69174732628897618E+03  3.67422521353878119E+03  7.22814188846493444E+00  1.02913536456767893E+01  1.54305155097154804E-03  1.07408032899698768E-03  8.41731572285080180E-08  0.00000000000000000E+00  0.00000000000000000E+00
  582.000000  3.59468381326375356E+03  3.57784594985472586E+03  6.95579311756598440E+00  9.87958649961212032E+00  1.46667234190793168E-03  1.01704047747855613E-03  7.90299628363210457E-08  0.00000000000000000E+00  0.00000000000000000E+00
  584.000000  3.50111846892253607E+03  3.48493325833109520E+03  6.69553462727080539E+00  9.48731802018444448E+00  1.39449063516052527E-03  9.63379125902798054E-04  7.42248007765704671E-08  0.00000000000000000E+00  0.00000000000000000E+00
  586.000000  3.41089148497111091E+03  3.39532902598315786E+03  6.44674318960000914E+00  9.11347660241813351E+00  1.32625149295134497E-03  9.12874707916766373E-04  6.97338268653110961E-08  0.00000000000000000E+00  0.00000000000000000E+00
  588.000000  3.32385176392062431E+03  3.30888374686476254E+03  6.20883234750978996E+00  8.75705760419267953E+00  1.26171701135271768E-03  8.65321612865566732E-04  6.55349984304276704E-08  0.00000000000000000E+00  0.00000000000000000E+00
  590.000000  3.23985637924892853E+03  3.22545598933691781E+03  5.98124996705722722E+00  8.41711868933478513E+00  1.20066507438133948E-03  8.20528936177726542E-04  6.16079288055455598E-08  0.00000000000000000E+00  0.00000000000000000E+00
  592.000000  3.15877007197771582E+03  3.14491189921835439E+03  5.76347597086219654E+00  8.09277552302303427E+00  1.14288820730476547E-03  7.78319334988589141E-04  5.79337543619779440E-08  0.00000000000000000E+00  0.00000000000000000E+00
  594.000000  3.08046478112421846E+03  3.06712473631983585E+03  5.55502023812749535E+00  7.78319779126020705E+00  1.08819252061228091E-03  7.38527979600486773E-04  5.44950129287616374E-08  0.00000000000000000E+00  0.00000000000000000E+00
  596.000000  3.00481920565334440E+03  2.99197444202748193E+03  5.35542065777657594E+00  7.48760551848148559E+00  1.03639673689326947E-03  7.01001592253754210E-04  5.12755325627748163E-08  0.00000000000000000E+00  0.00000000000000000E+00
  598.000000  2.93171839571453302E+03  2.91934723575547650E+03  5.16424132243924650E+00  7.20526565949736142E+00  9.87331293578643313E-04  6.65597565474709677E-04  4.82603297313261810E-08  0.00000000000000000E+00  0.00000000000000000E+00
  600.000000  2.86105337110548180E+03  2.84913523824333606E+03  4.98107085209382561E+00  6.93548894394765636E+00  9.40837515146522260E-04  6.32183152985681552E-04  4.54355160598502316E-08  0.00000000000000000E+00  0.00000000000000000E+00
  602.000000  2.79272076504040251E+03  2.78123611980568649E+03  4.80552083712480194E+00  6.67762695322762667E+00  8.96766848971194464E-04  6.00634726809317547E-04  4.27882128781737765E-08  0.00000000000000000E+00  0.00000000000000000E+00
  604.000000  2.72662249144440239E+03  2.71555277178386768E+03  4.63722439144928433E+00  6.43106941152416756E+00  8.54980159521586563E-04  5.70837094788834371E-04  4.03064728717625724E-08  0.00000000000000000E+00  0.00000000000000000E+00
  606.000000  2.66266543411295697E+03  2.65199299956378536E+03  4.47583480714533088E+00  6.19524167409743320E+00  8.15347076086652398E-04  5.42682873275273552E-04  3.79792082096834286E-08  0.00000000000000000E+00  0.00000000000000000E+00
  608.000000  2.60076115620385599E+03  2.59046923565064662E+03  4.32102430275535720E+00  5.96960239735786047E+00  7.77745389636435680E-04  5.16071910215646561E-04  3.57961245800846425E-08  0.00000000000000000E+00  0.00000000000000000E+00
  610.000000  2.54082562862989744E+03  2.53089827139027875E+03  4.17248285808002795E+00  5.75364137654191854E+00  7.42060494812866143E-04  4.90910754309053479E-04  3.37476606169562098E-08  0.00000000000000000E+00  0.00000000000000000E+00
  612.000000  2.48277897603185420E+03  2.47320100603612445E+03  4.02991712888899656E+00  5.54687753797603467E+00  7.08184873397351019E-04  4.67112166293167763E-04  3.18249322498719801E-08  0.00000000000000000E+00  0.00000000000000000E+00
  614.000000  2.42654523910083708E+03  2.41730221194904925E+03  3.89304943550989968E+00  5.34885707397345467E+00  6.76017615919473846E-04  4.44594668778745957E-04  3.00196815514985274E-08  0.00000000000000000E+00  0.00000000000000000E+00
  616.000000  2.37205215211373570E+03  2.36313031481014059E+03  3.76161681976120610E+00  5.15915170939958756E+00  6.45463978360432257E-04  4.23282131373585381E-04  2.83242296966524942E-08  0.00000000000000000E+00  0.00000000000000000E+00
  618.000000  2.31923093462445513E+03  2.31061718780439514E+03  3.63537016514063582E+00  4.97735708982860281E+00  6.16434971166279029E-04  4.03103388128941292E-04  2.67314336818236198E-08  0.00000000000000000E+00  0.00000000000000000E+00
  620.000000  2.26801609633200269E+03  2.25969795881027176E+03  3.51407337559580091E+00  4.80309128203772140E+00  5.88846978023948903E-04  3.83991884606533997E-04  2.52346464858701525E-08  0.00000000000000000E+00  0.00000000000000000E+00
  622.000000  2.21834525421828221E+03  2.21031082970078251E+03  3.39750260858045250E+00  4.63599337833717673E+00  5.62621402069230251E-04  3.65885352104410608E-04  2.38276803813484080E-08  0.00000000000000000E+00  0.00000000000000000E+00
  624.000000  2.17015896111301117E+03  2.16239690692530303E+03  3.28544555844158648E+00  4.47572219691763706E+00  5.37684337392127444E-04  3.48725506797254749E-04  2.25047731319116263E-08  0.00000000000000000E+00  0.00000000000000000E+00
  626.000000  2.12340054490607599E+03  2.11590004260325168E+03  3.17770078649843102E+00  4.32195507102975895E+00  5.13966263884002247E-04  3.32457771744456025E-04  2.12605568347883267E-08  0.00000000000000000E+00  0.00000000000000000E+00
  628.000000  2.07801595768303423E+03  2.07076668541531717E+03  3.07407709446055222E+00  4.17438672038344372E+00  4.91401763633379871E-04  3.17031019898052289E-04  2.00900291886433653E-08  0.00000000000000000E+00  0.00000000000000000E+00
  630.000000  2.03395363411218250E+03  2.02694574062982360E+03  2.97439293809425642E+00  4.03272819868275167E+00  4.69929257225559002E-04  3.02397336405366385E-04  1.89885269864769472E-08  0.00000000000000000E+00  0.00000000000000000E+00
  632.000000  1.99116435846075751E+03  1.98438843865026388E+03  2.87847587828851692E+00  3.89670591169641289E+00  4.49490758436455981E-04  2.88511798648806190E-04  1.79517016507432210E-08  0.00000000000000000E+00  0.00000000000000000E+00
  634.000000  1.94960113966151630E+03  1.94304821151302758E+03  2.78616206689017032E+00  3.76606070070443932E+00  4.30031645933945264E-04  2.75332272599290836E-04  1.69754966437692407E-08  0.00000000000000000E+00  0.00000000000000000E+00
  636.000000  1.90921909389361554E+03  1.90288057680643465E+03  2.69729576488062017E+00  3.64054698656901765E+00  4.11500450712787757E-04  2.62819224181841512E-04  1.60561266010183377E-08  0.00000000000000000E+00  0.00000000000000000E+00
  638.000000  1.86997533417952263E+03  1.86384302851942971E+03  2.61172889065159186E+00  3.51993197004850167E+00  3.93848658091685503E-04  2.50935544462626170E-04  1.51900580478531902E-08  0.00000000000000000E+00  0.00000000000000000E+00
  640.000000  1.83182886653551577E+03  1.82589493436360863E+03  2.52932059630716166E+00  3.40399488431529473E+00  3.77030523194907252E-04  2.39646387567719118E-04  1.43739915723921018E-08  0.00000000000000000E+00  0.00000000000000000E+00
  642.000000  1.79474049224574310E+03  1.78899743914419491E+03  2.44993687007416394E+00  3.29252629594975410E+00  3.61002898926697697E-04  2.28919020335500599E-04  1.36048453378966664E-08  0.00000000000000000E+00  0.00000000000000000E+00
  644.000000  1.75867271586101106E+03  1.75311337378635335E+03  2.37345016304818435E+00  3.18532745097148506E+00  3.45725075525058552E-04  2.18722682788420391E-04  1.28797398280099766E-08  0.00000000000000000E+00  0.00000000000000000E+00
  646.000000  1.72358965855057363E+03  1.71820716964992585E+03  2.29973903863188767E+00  3.08220966273037833E+00  3.31158630853432931E-04  2.09028458585838349E-04  1.21959837271497074E-08  0.00000000000000000E+00  0.00000000000000000E+00
  648.000000  1.68945697646224289E+03  1.68424477779237714E+03  2.22868784314494883E+00  2.98299373872416318E+00  3.17267290654472587E-04  1.99809154689262387E-04  1.15510608465548083E-08  0.00000000000000000E+00  0.00000000000000000E+00
  650.000000  1.65624178377027579E+03  1.65119359286351801E+03  2.16018639619647157E+00  2.88750944363121853E+00  3.04016798050548115E-04  1.91039189534614862E-04  1.09426180139498516E-08  0.00000000000000000E+00  0.00000000000000000E+00
  652.000000  1.62391258011089712E+03  1.61902238133568858E+03  2.09412969951066508E+00  2.79559499604865813E+00  2.91374791630403379E-04  1.82694489063749089E-04  1.03684538515901824E-08  0.00000000000000000E+00  0.00000000000000000E+00
  654.000000  1.59243918212940730E+03  1.58770121379688453E+03  2.03041766299542825E+00  2.70709659661946311E+00  2.79310691512795655E-04  1.74752390020579441E-04  9.82650837367876686E-09  0.00000000000000000E+00  0.00000000000000000E+00
  656.000000  1.56179265887862016E+03  1.55720140104983648E+03  1.96895484692632938E+00  2.62186798539954680E+00  2.67795592823788628E-04  1.67191549965004248E-04  9.31485333979698003E-09  0.00000000000000000E+00  0.00000000000000000E+00
  658.000000  1.53194527082828654E+03  1.52749543377974510E+03  1.90965021920162359E+00  2.53977002647848060E+00  2.56802166067455942E-04  1.59991863502084486E-04  8.83168330618301219E-09  0.00000000000000000E+00  0.00000000000000000E+00
  660.000000  1.50287041226046426E+03  1.49855692556843269E+03  1.85241692669622537E+00  2.46067031801196778E+00  2.46304563908892650E-04  1.53134384264076587E-04  8.37530732141492941E-09  0.00000000000000000E+00  0.00000000000000000E+00
  662.000000  1.47454255684191048E+03  1.47036055904860655E+03  1.79717207981272109E+00  2.38444282596074597E+00  2.36278333924532533E-04  1.46601252219852400E-04  7.94414121738633414E-09  0.00000000000000000E+00  0.00000000000000000E+00
  664.000000  1.44693720617776967E+03  1.44288203500492818E+03  1.74383654938875399E+00  2.31096753995312243E+00  2.26700336907933824E-04  1.40375625919843662E-04  7.53670045041337977E-09  0.00000000000000000E+00  0.00000000000000000E+00
  666.000000  1.42003084116482478E+03  1.41609802424239865E+03  1.69233477518019559E+00  2.24013014980453917E+00  2.17548670349718414E-04  1.34441619315608273E-04  7.15159345093482036E-09  0.00000000000000000E+00  0.00000000000000000E+00
  668.000000  1.39380087597421402E+03  1.38998612205406198E+03  1.64259458519262358E+00  2.17182174133219075E+00  2.08802596738523976E-04  1.28784242821338753E-04  6.78751544358000430E-09  0.00000000000000000E+00  0.00000000000000000E+00
  670.000000  1.36822561450454009E+03  1.36452480513088881E+03  1.59454702518315061E+00  2.10593851020003386E+00  2.00442476355559601E-04  1.23389348310529732E-04  6.44324270241050254E-09  0.00000000000000000E+00  0.00000000000000000E+00
  672.000000  1.34328420915802872E+03  1.33969339076830533E+03  1.54812619770255089E+00  2.04238149262119784E+00  1.92449704259506425E-04  1.18243577764895930E-04  6.11762720892950905E-09  0.00000000000000000E+00  0.00000000000000000E+00
  674.000000  1.31895662180079080E+03  1.31547199823210008E+03  1.50326911008873387E+00  1.98105631182605579E+00  1.84806651180199449E-04  1.13334315314320724E-04  5.80959168299565489E-09  0.00000000000000000E+00  0.00000000000000000E+00
  676.000000  1.29522358677755960E+03  1.29184151215564702E+03  1.45991553086262660E+00  1.92187293928125214E+00  1.77496608059947604E-04  1.08649642426649038E-04  5.51812495911542560E-09  0.00000000000000000E+00  0.00000000000000000E+00
  678.000000  1.27206657586036044E+03  1.26878354784935618E+03  1.41800785401507667E+00  1.86474546971705801E+00  1.70503734000160176E-04  1.04178296024578241E-04  5.24227768273725999E-09  0.00000000000000000E+00  0.00000000000000000E+00
  680.000000  1.24946776501803674E+03  1.24628041841062645E+03  1.37749097070698912E+00  1.80959190908549394E+00  1.63813007388091073E-04  9.99096293237583294E-05  4.98115830313796845E-09  0.00000000000000000E+00  0.00000000000000000E+00
  682.000000  1.22741000290006946E+03  1.22431510352901341E+03  1.33831214793586506E+00  1.75633397463115637E+00  1.57410179994563469E-04  9.58335752016632660E-05  4.73392934129412775E-09  0.00000000000000000E+00  0.00000000000000000E+00
  684.000000  1.20587678093654017E+03  1.20287121988962645E+03  1.30042091375272695E+00  1.70489690631542468E+00  1.51281733848303458E-04  9.19406119212144821E-05  4.49980391280039014E-09  0.00000000000000000E+00  0.00000000000000000E+00
  686.000000  1.18485220496061038E+03  1.18193299308223732E+03  1.26376894863927891E+00  1.65520928888399843E+00  1.45414840706123113E-04  8.82217310461162827E-05  4.27804248741555687E-09  0.00000000000000000E+00  0.00000000000000000E+00
  688.000000  1.16432096826695397E+03  1.16148523093055587E+03  1.22830998268115965E+00  1.60720288391769173E+00  1.39797323950810177E-04  8.46684073970512712E-05  4.06794986822344501E-09  0.00000000000000000E+00  0.00000000000000000E+00
  690.000000  1.14426832602473451E+03  1.14151329816122438E+03  1.19399969819690721E+00  1.56081247125068789E+00  1.34417622760314655E-04  8.12725709089957008E-05  3.86887237468619666E-09  0.00000000000000000E+00  0.00000000000000000E+00
  692.000000  1.12468007096843235E+03  1.12200309233672897E+03  1.16079563750324155E+00  1.51597569918115549E+00  1.29264758402576038E-04  7.80265802601290507E-05  3.68019521505270883E-09  0.00000000000000000E+00  0.00000000000000000E+00
  694.000000  1.10554251029521788E+03  1.10294102098175858E+03  1.12865711551878500E+00  1.47263294293855274E+00  1.24328302520375768E-04  7.49231981523266604E-05  3.50134003468101980E-09  0.00000000000000000E+00  0.00000000000000000E+00
  696.000000  1.08684244370137571E+03  1.08431397983629563E+03  1.09754513692623479E+00  1.43072717090665602E+00  1.19598347279870689E-04  7.19555681318886730E-05  3.33176262783624153E-09  0.00000000000000000E+00  0.00000000000000000E+00
  698.000000  1.06856714249511379E+03  1.06610933217350544E+03  1.06742231763173079E+00  1.39020381813538374E+00  1.15065477265077757E-04  6.91171928472474712E-05  3.17095080145655540E-09  0.00000000000000000E+00  0.00000000000000000E+00
  700.000000  1.05070432972587741E+03  1.04831488912322334E+03  1.03825281027515359E+00  1.35101066670374870E+00  1.10720743008503814E-04  6.64019136477516828E-05  3.01842238022959086E-09  0.00000000000000000E+00  0.00000000000000000E+00
  702.000000  1.03324216127518002E+03  1.03091889094669023E+03  1.01000223356203334E+00  1.31309773252653694E+00  1.06555636055576791E-04  6.38038914345589266E-05  2.87372334311311106E-09  0.00000000000000000E+00  0.00000000000000000E+00
  704.000000  1.01616920785634738E+03  1.01390998921053335E+03  9.82637605200876063E-01  1.27641715822251678E+00  1.02562065467360670E-04  6.13175886809350085E-05  2.73642608215812553E-09  0.00000000000000000E+00  0.00000000000000000E+00
  706.000000  9.99474437874142495E+02  9.97277229811517373E+02  9.56127278243452672E-01  1.24092311168725611E+00  9.87323356724115545E-05  5.89377525451389585E-05  2.60612777516269163E-09  0.00000000000000000E+00  0.00000000000000000E+00
  708.000000  9.83147201098162441E+02  9.81010036806480912E+02  9.30440880638140788E-01  1.20657169003644182E+00  9.50591255845666165E-05  5.66593990044771982E-05  2.48244886430374600E-09  0.00000000000000000E+00  0.00000000000000000E+00
  710.000000  9.67177213106082831E+02  9.65098197004027270E+02  9.05549257817328535E-01  1.17332082860636810E+00  9.15354689088882233E-05  5.44777979440794709E-05  2.36503163346310958E-09  0.00000000000000000E+00  0.00000000000000000E+00
  712.000000  9.51554540456706718E+02  9.49531845278386868E+02  8.81424418152107148E-01  1.14113021471965026E+00  8.81547355632516215E-05  5.23884591386565587E-05  2.25353887749503575E-09  0.00000000000000000E+00  0.00000000000000000E+00
  714.000000  9.36269586553677186E+02  9.34301450566739391E+02  8.58039481115984715E-01  1.10996120594093317E+00  8.49106141476410121E-05  5.03871190696926268E-05  2.14765265716526278E-09  0.00000000000000000E+00  0.00000000000000000E+00
  716.000000  9.21313078163748969E+02  9.19397802514302612E+02  8.35368628009854675E-01  1.07977675256555927E+00  8.17970953977218025E-05  4.84697285245439679E-05  2.04707313394413419E-09  0.00000000000000000E+00  0.00000000000000000E+00
  718.000000  9.06676052555456636E+02  9.04811998733398696E+02  8.13387055108834134E-01  1.05054132410004297E+00  7.88084565633773366E-05  4.66324409275756368E-05  1.95151747925162513E-09  0.00000000000000000E+00  0.00000000000000000E+00
  720.000000  8.92349845226376146E+02  8.90535432645058336E+02  7.92070929100363585E-01  1.02222083950861165E+00  7.59392466567155661E-05  4.48716013568990622E-05  1.86071885313829554E-09  0.00000000000000000E+00  0.00000000000000000E+00
  722.000000  8.78326078188328438E+02  8.76559781872841882E+02  7.71397344690066822E-01  9.94782601013244006E-01  7.31842725176033688E-05  4.31837362033892359E-05  1.77442544773976417E-09  0.00000000000000000E+00  0.00000000000000000E+00
  724.000000  8.64596648781681665E+02  8.62876997160353085E+02  7.51344284259208850E-01  9.68195231247801047E-01  7.05385856480899545E-05  4.15655434316014079E-05  1.69239959117338145E-09  0.00000000000000000E+00  0.00000000000000000E+00
  726.000000  8.51153718992560925E+02  8.49479291786548060E+02  7.31890579465043323E-01  9.42428613580160723E-01  6.79974697702340447E-05  4.00138834049679768E-05  1.61441690785109270E-09  0.00000000000000000E+00  0.00000000000000000E+00
  728.000000  8.37989705246704034E+02  8.36359131452857923E+02  7.13015874680730244E-01  9.17453835425828146E-01  6.55564290646611542E-05  3.85257702401054693E-05  1.54026553146326352E-09  0.00000000000000000E+00  0.00000000000000000E+00
  730.000000  8.25097268656603319E+02  8.23509224619025872E+02  6.94700592178215781E-01  8.93243134388790216E-01  6.32111770499420647E-05  3.70983636574716044E-05  1.46974536715131205E-09  0.00000000000000000E+00  0.00000000000000000E+00
  732.000000  8.12469305698724497E+02  8.10922513264698068E+02  6.76925898962488448E-01  8.69769847073960767E-01  6.09576260652953220E-05  3.57289612977340491E-05  1.40266739962827731E-09  0.00000000000000000E+00  0.00000000000000000E+00
  734.000000  8.00098939299823883E+02  7.98592164056018873E+02  6.59673675171357776E-01  8.47008360425953399E-01  5.87918773215607635E-05  3.44149914752782678E-05  1.33885304423216939E-09  0.00000000000000000E+00  0.00000000000000000E+00
  736.000000  7.87979510311927356E+02  7.86511559897015104E+02  6.42926483959373019E-01  8.24934065456819021E-01  5.67102114874955366E-05  3.31540063421293174E-05  1.27813353810411761E-09  0.00000000000000000E+00  0.00000000000000000E+00
  738.000000  7.76104569356716070E+02  7.74674291846717665E+02  6.26667542789217435E-01  8.03523313233678427E-01  5.47090797805195668E-05  3.19436754373188031E-05  1.22034936887701724E-09  0.00000000000000000E+00  0.00000000000000000E+00
  740.000000  7.64467869021496313E+02  7.63074151384392280E+02  6.10880696058446748E-01  7.82753373005098618E-01  5.27850955329368032E-05  3.07817795983642332E-05  1.16534973843987656E-09  0.00000000000000000E+00  0.00000000000000000E+00
  742.000000  7.53063356389726778E+02  7.51705123006036843E+02  5.95550388993443369E-01  7.62602392352053071E-01  5.09350262064385418E-05  2.96662052130366240E-05  1.11299205950898267E-09  0.00000000000000000E+00  0.00000000000000000E+00
  744.000000  7.41885165889396490E+02  7.40561377135607927E+02  5.80661642745598616E-01  7.43049359255274933E-01  4.91557858293446023E-05  2.85949387909750297E-05  1.06314148289103872E-09  0.00000000000000000E+00  0.00000000000000000E+00
  746.000000  7.30927612444641227E+02  7.29637263336527894E+02  5.66200030629603668E-01  7.24074065978376646E-01  4.74444278326109880E-05  2.75660618360649990E-05  1.01567045346766873E-09  0.00000000000000000E+00  0.00000000000000000E+00
  748.000000  7.20185184915552099E+02  7.18927303808581087E+02  5.52151655445748735E-01  7.05657074670637097E-01  4.57981382620702067E-05  2.65777460016736732E-05  9.70458293062937115E-10  0.00000000000000000E+00  0.00000000000000000E+00
  750.000000  7.09652539812863552E+02  7.08426187157026220E+02  5.38503127832276274E-01  6.87779684599818308E-01  4.42142293457488137E-05  2.56282485120061659E-05  9.27390808479765418E-10  0.00000000000000000E+00  0.00000000000000000E+00
  752.000000  6.99324495274366768E+02  6.98128762420912835E+02  5.25241545596316417E-01  6.70423900929982053E-01  4.26901333963668010E-05  2.47159078338891177E-05  8.86359923106138456E-10  0.00000000000000000E+00  0.00000000000000000E+00
  754.000000  6.89196025290425837E+02  6.88030033348103416E+02  5.12354473974541480E-01  6.53572404963908338E-01  4.12233970302804394E-05  2.38391395842715229E-05  8.47263330597608602E-10  0.00000000000000000E+00  0.00000000000000000E+00
  756.000000  6.79262254167606898E+02  6.78125152906135099E+02  4.99829926778161071E-01  6.37208525775261214E-01  3.98116756853398823E-05  2.29964326596905433E-05  8.10004169244479864E-10  0.00000000000000000E+00  0.00000000000000000E+00
  758.000000  6.69518451218825703E+02  6.68409418017440316E+02  4.87656348378354698E-01  6.21316213158656594E-01  3.84527284210687401E-05  2.21863455747680175E-05  7.74490715721689298E-10  0.00000000000000000E+00  0.00000000000000000E+00
  760.000000  6.59960025669620904E+02  6.58878264508642701E+02  4.75822596491101035E-01  6.05880011830460585E-01  3.71444129856128525E-05  2.14075029976298251E-05  7.40636097007274850E-10  0.00000000000000000E+00  0.00000000000000000E+00
  762.000000  6.50582521770869789E+02  6.49527262264348224E+02  4.64317925722655123E-01  5.90885036816987008E-01  3.58846811348148144E-05  2.06585924708952044E-05  7.08358019334583750E-10  0.00000000000000000E+00  0.00000000000000000E+00
  764.000000  6.41381614108118811E+02  6.40352110575697452E+02  4.53131971838516223E-01  5.76316949969725378E-01  3.46715741896079499E-05  1.99383613075640247E-05  6.77578513117899981E-10  0.00000000000000000E+00  0.00000000000000000E+00
  766.000000  6.32353103098790029E+02  6.31348633675037149E+02  4.42254736721110930E-01  5.62161937551057256E-01  3.35032188187562335E-05  1.92456136518016952E-05  6.48223692860662761E-10  0.00000000000000000E+00  0.00000000000000000E+00
  768.000000  6.23492910668847912E+02  6.22512776448376712E+02  4.31676573983225398E-01  5.48406688836973966E-01  3.23778230347024823E-05  1.85792076952334850E-05  6.20223531120094845E-10  0.00000000000000000E+00  0.00000000000000000E+00
  770.000000  6.14797076100670779E+02  6.13840600317460371E+02  4.21388175205627047E-01  5.35038375685911616E-01  3.12936723910016960E-05  1.79380530399173814E-05  5.93511645662055756E-10  0.00000000000000000E+00  0.00000000000000000E+00
  772.000000  6.06261752044456330E+02  6.05328279283858706E+02  4.11380556769240679E-01  5.22044633025825933E-01  3.02491263704849428E-05  1.73211081997124808E-05  5.68025098995903075E-10  0.00000000000000000E+00  0.00000000000000000E+00
  774.000000  5.97883200685975680E+02  5.96972096127970872E+02  4.01645047253723686E-01  5.09413540214238458E-01  2.92426149539125760E-05  1.67273782322565273E-05  5.43704209531844034E-10  0.00000000000000000E+00  0.00000000000000000E+00
  776.000000  5.89657790063825473E+02  5.88768438756152932E+02  3.92173275375796271E-01  4.97133603228435694E-01  2.82726353594866850E-05  1.61559124942382615E-05  5.20492373651798235E-10  0.00000000000000000E+00  0.00000000000000000E+00
  778.000000  5.81581990529271138E+02  5.80713796689134597E+02  3.82957158441776302E-01  4.85193737644979251E-01  2.73377489440969146E-05  1.56058025130745489E-05  4.98335898029698064E-10  0.00000000000000000E+00  0.00000000000000000E+00
  780.000000  5.73652371342755373E+02  5.72804757685859272E+02  3.73988891290447656E-01  4.73583252370339436E-01  2.64365782577426493E-05  1.50761799685316537E-05  4.77183841580543259E-10  0.00000000000000000E+00  0.00000000000000000E+00
  782.000000  5.65865597400931733E+02  5.65038004496666190E+02  3.65260935703399070E-01  4.62291834086166531E-01  2.55678042430257909E-05  1.45662147782007066E-05  4.56987866456217391E-10  0.00000000000000000E+00  0.00000000000000000E+00
  784.000000  5.58218426088661090E+02  5.57410311740310590E+02  3.56766010261155786E-01  4.51309532374774391E-01  2.47301635720733552E-05  1.40751132811029631E-05  4.37702097543404219E-10  0.00000000000000000E+00  0.00000000000000000E+00
  786.000000  5.50707704250410188E+02  5.49918542899311774E+02  3.48497080624486755E-01  4.40626745492083305E-01  2.39224461136876499E-05  1.36021165140331488E-05  4.19282989953242381E-10  0.00000000000000000E+00  0.00000000000000000E+00
  788.000000  5.43330365276169573E+02  5.42559647428798144E+02  3.40447350221463108E-01  4.30234206757253157E-01  2.31434925239023303E-05  1.31464985755736123E-05  4.01689204024664475E-10  0.00000000000000000E+00  0.00000000000000000E+00
  790.000000  5.36083426296774405E+02  5.35330657973781513E+02  3.32610251321615480E-01  4.20122971529518385E-01  2.23921919535368482E-05  1.27075650729976799E-05  3.84881487393185162E-10  0.00000000000000000E+00  0.00000000000000000E+00
  792.000000  5.28963985484057957E+02  5.28228687690333572E+02  3.24979436479562900E-01  4.10284404744465647E-01  2.16674798666580583E-05  1.22846516475662381E-05  3.68822563705149538E-10  0.00000000000000000E+00  0.00000000000000000E+00
  794.000000  5.21969219451472441E+02  5.21250927666345547E+02  3.17548770331436414E-01  4.00710168983439419E-01  2.09683359642269312E-05  1.18771225739805133E-05  3.53477027583629301E-10  0.00000000000000000E+00  0.00000000000000000E+00
  796.000000  5.15096380750824324E+02  5.14394644437554916E+02  3.10312321728059559E-01  3.91392213050968607E-01  2.02937822075108777E-05  1.14843694299960452E-05  3.38811245476651150E-10  0.00000000000000000E+00  0.00000000000000000E+00
  798.000000  5.08342795461181822E+02  5.07657177594939924E+02  3.03264356189804241E-01  3.82322761036518688E-01  1.96428809361303472E-05  1.11058098324351553E-05  3.24793262041230048E-10  0.00000000000000000E+00  0.00000000000000000E+00
  800.000000  5.01705860866072157E+02  5.01035937479634697E+02  2.96399328668696227E-01  3.73494301838031784E-01  1.90147330759087919E-05  1.07408862360496535E-05  3.11392711738351565E-10  0.00000000000000000E+00  0.00000000000000000E+00
  802.000000  4.95183043215367604E+02  4.94528402961797781E+02  2.89711876604092256E-01  3.64899579125897600E-01  1.84084764319461178E-05  1.03890647918889696E-05  2.98580735333846304E-10  0.00000000000000000E+00  0.00000000000000000E+00
  804.000000  4.88771875568306370E+02  4.88132119299915871E+02  2.83196813258860647E-01  3.56531581727002833E-01  1.78232840625822827E-05  1.00498342620168347E-05  2.86329901018909655E-10  0.00000000000000000E+00  0.00000000000000000E+00
  806.000000  4.82469955714267087E+02  4.81844696077191600E+02  2.76849121323613057E-01  3.48383534409543505E-01  1.72583627301614757E-05  9.72270498759860716E-06  2.74614129881593375E-10  0.00000000000000000E+00  0.00000000000000000E+00
  808.000000  4.76274944168345883E+02  4.75663805212095326E+02  2.70663946777356945E-01  3.40448889050434023E-01  1.67129514247193316E-05  9.40720790755450451E-06  2.63408625476942569E-10  0.00000000000000000E+00  0.00000000000000000E+00
  810.000000  4.70184562238371939E+02  4.69587179039744967E+02  2.64636592993068076E-01  3.32721316167671644E-01  1.61863199569329072E-05  9.10289362512104670E-06  2.52689807258839270E-10  0.00000000000000000E+00  0.00000000000000000E+00
  812.000000  4.64196590160724554E+02  4.63612608461503953E+02  2.58762515077693933E-01  3.25194696801292871E-01  1.56777676168531099E-05  8.80933151982217017E-06  2.42435247650909970E-10  0.00000000000000000E+00  0.00000000000000000E+00
  814.000000  4.58308865302137917E+02  4.57737941160011019E+02  2.53037314436292071E-01  3.17863114727162166E-01  1.51866218951536686E-05  8.52610890248645260E-06  2.32623612547550227E-10  0.00000000000000000E+00  0.00000000000000000E+00
  816.000000  4.52519280424657779E+02  4.51961079876828023E+02  2.47456733550556612E-01  3.10720848988498832E-01  1.47122372637608411E-05  8.25283021107346867E-06  2.23234605048308127E-10  0.00000000000000000E+00  0.00000000000000000E+00
  818.000000  4.46825782011590320E+02  4.46279980750572008E+02  2.42016650962599750E-01  3.03762366731167133E-01  1.42539940129485144E-05  7.98911624520799301E-06  2.14248912241197390E-10  0.00000000000000000E+00  0.00000000000000000E+00
  820.000000  4.41226368651634857E+02  4.40692651712744635E+02  2.36713076455036364E-01  2.96982316328938956E-01  1.38112971420821446E-05  7.73460343742180049E-06  2.05648154861098600E-10  0.00000000000000000E+00  0.00000000000000000E+00
  822.000000  4.35719089479192291E+02  4.35197150939271353E+02  2.31542146419020378E-01  2.90375520786046282E-01  1.33835753013872128E-05  7.48894315922538611E-06  1.97414839660161139E-10  0.00000000000000000E+00  0.00000000000000000E+00
  824.000000  4.30302042668483239E+02  4.29791585355406028E+02  2.26500119402230665E-01  2.83936971404660343E-01  1.29702797822288241E-05  7.25180106022628549E-06  1.89532314336519325E-10  0.00000000000000000E+00  0.00000000000000000E+00
  826.000000  4.24973373979433177E+02  4.24474109191976368E+02  2.21583371829120634E-01  2.77661821705697975E-01  1.25708835535308781E-05  7.02285643861269184E-06  1.81984724877079625E-10  0.00000000000000000E+00  0.00000000000000000E+00
  828.000000  4.19731275353295359E+02  4.19242922590960632E+02  2.16788393886183345E-01  2.71545381591818402E-01  1.21848803420878586E-05  6.80180164140930343E-06  1.74756975178382240E-10  0.00000000000000000E+00  0.00000000000000000E+00
  830.000000  4.14573983556130145E+02  4.14096270258529728E+02  2.12111785565243544E-01  2.65583111742083766E-01  1.18117837546317115E-05  6.58834149300158707E-06  1.67834688817804309E-10  0.00000000000000000E+00  0.00000000000000000E+00
  832.000000  4.09499778868205112E+02  4.09032440163638398E+02  2.07550252858151457E-01  2.59770618228152173E-01  1.14511264396339629E-05  6.38219275050180585E-06  1.61204172854698302E-10  0.00000000000000000E+00  0.00000000000000000E+00
  834.000000  4.04506983817535399E+02  4.04049762280398795E+02  2.03100604096507514E-01  2.54103647342387995E-01  1.11024592869212863E-05  6.18308358460899794E-06  1.54852383548227987E-10  0.00000000000000000E+00  0.00000000000000000E+00
  836.000000  3.99593961956112651E+02  3.99146607372800702E+02  1.98759746430476253E-01  2.48578080628921089E-01  1.07653506632910453E-05  5.99075308469085781E-06  1.48766893885392495E-10  0.00000000000000000E+00  0.00000000000000000E+00
  838.000000  3.94759116676933843E+02  3.94321385819904833E+02  1.94524682440814362E-01  2.43189930108745928E-01  1.04393856823938058E-05  5.80495078687532840E-06  1.42935862818674535E-10  0.00000000000000000E+00  0.00000000000000000E+00
  840.000000  3.90000890070225125E+02  3.89572546479916980E+02  1.90392506878548251E-01  2.37935333690544787E-01  1.01241655072415381E-05  5.62543622400794058E-06  1.37348006118768165E-10  0.00000000000000000E+00  0.00000000000000000E+00
  842.000000  3.85317761817917528E+02  3.84898575592213433E+02  1.86360403527330631E-01  2.32810550759632057E-01  9.81930668380152351E-06  5.45197849639945776E-06  1.31992568753483199E-10  0.00000000000000000E+00  0.00000000000000000E+00
  844.000000  3.80708248124138095E+02  3.80297995715094942E+02  1.82425642182997061E-01  2.27811957936981113E-01  9.52444050417661335E-06  5.28435586232647439E-06  1.26859298708615733E-10  0.00000000000000000E+00  0.00000000000000000E+00
  846.000000  3.76170900681089847E+02  3.75769364698652680E+02  1.78585575745939140E-01  2.22936045001573602E-01  9.23921239799139231E-06  5.12235534732343295E-06  1.21938422171950507E-10  0.00000000000000000E+00  0.00000000000000000E+00
  848.000000  3.71704305668612392E+02  3.71311274691051040E+02  1.74837637421474956E-01  2.18179410968954934E-01  8.96328135063847958E-06  4.96577237133940166E-06  1.17220620005701736E-10  0.00000000000000000E+00  0.00000000000000000E+00
  850.000000  3.67307082786203182E+02  3.66922351177017447E+02  1.71179338023834865E-01  2.13538760319465809E-01  8.69631934712817308E-06  4.81441039288736825E-06  1.12697005437171590E-10  0.00000000000000000E+00  0.00000000000000000E+00
  852.000000  3.62977884316485927E+02  3.62601252047536434E+02  1.67608263379686789E-01  2.09010899369996589E-01  8.43801084033664041E-06  4.66808056936079830E-06  1.08359102901392478E-10  0.00000000000000000E+00  0.00000000000000000E+00
  854.000000  3.58715394218825452E+02  3.58346666699457273E+02  1.64122071827098009E-01  2.04592732783202530E-01  8.18805224251411235E-06  4.52660143273129278E-06  1.04198827973266720E-10  0.00000000000000000E+00  0.00000000000000000E+00
  856.000000  3.54518327251961864E+02  3.54157315163897067E+02  1.60718491806099761E-01  2.00281260208474560E-01  7.94615143896522249E-06  4.38979857988280222E-06  1.00208468330257795E-10  0.00000000000000000E+00  0.00000000000000000E+00
  858.000000  3.50385428124793123E+02  3.50031947262578456E+02  1.57395319537265155E-01  1.96073573049314609E-01  7.71202732287566163E-06  4.25750437687922030E-06  9.63806656901204915E-11  0.00000000000000000E+00  0.00000000000000000E+00
  860.000000  3.46315470673967866E+02  3.45969341790771693E+02  1.54150416784655298E-01  1.91966851351742962E-01  7.48540935029771575E-06  4.12955767649200885E-06  9.27083986711345425E-11  0.00000000000000000E+00  0.00000000000000000E+00
  862.000000  3.42307257067806177E+02  3.41968305726367305E+02  1.50981708699997108E-01  1.87958360809041269E-01  7.26603711437533907E-06  4.00580354835849695E-06  8.91849665254772180E-11  0.00000000000000000E+00  0.00000000000000000E+00
  864.000000  3.38359617035022666E+02  3.38027673463561541E+02  1.47887181744612489E-01  1.84045449877755923E-01  7.05365993790659943E-06  3.88609302116105139E-06  8.58039736989233017E-11  0.00000000000000000E+00  0.00000000000000000E+00
  866.000000  3.34471407117806734E+02  3.34146306070717969E+02  1.44864881686230823E-01  1.80225547000685160E-01  6.84803648341701106E-06  3.77028283626057330E-06  8.25593151728521804E-11  0.00000000000000000E+00  0.00000000000000000E+00
  868.000000  3.30641509948291002E+02  3.30323090571441810E+02  1.41912911667711028E-01  1.76496157932442860E-01  6.64893437993278685E-06  3.65823521223947084E-06  7.94451625469561258E-11  0.00000000000000000E+00  0.00000000000000000E+00
  870.000000  3.26868833547400698E+02  3.26556939247868627E+02  1.39029430344737887E-01  1.72854863163373396E-01  6.45612986569369386E-06  3.54981761983665801E-06  7.64559508233004391E-11  0.00000000000000000E+00  0.00000000000000000E+00
  872.000000  3.23152310645566274E+02  3.22846788965654696E+02  1.36212650089976517E-01  1.69299315437993814E-01  6.26940744608235253E-06  3.44490256678781691E-06  7.35863658546823678E-11  0.00000000000000000E+00  0.00000000000000000E+00
  874.000000  3.19490898024269711E+02  3.19191600519646954E+02  1.33460835260922589E-01  1.65827237364038260E-01  6.08855956607741257E-06  3.34336739210268657E-06  7.08313324221724691E-11  0.00000000000000000E+00  0.00000000000000000E+00
  876.000000  3.15883575877894543E+02  3.15590357999708203E+02  1.30772300529139213E-01  1.62436419108594576E-01  5.91338629657284017E-06  3.24509406933984279E-06  6.81860029087789992E-11  0.00000000000000000E+00  0.00000000000000000E+00
  878.000000  3.12329347195123034E+02  3.12042068175947065E+02  1.28145409268399318E-01  1.59124716177828918E-01  5.74369503394329214E-06  3.14996901845822531E-06  6.56457465379368142E-11  0.00000000000000000E+00  0.00000000000000000E+00
  880.000000  3.08827237159017500E+02  3.08545759902557961E+02  1.25578571999495681E-01  1.55890047276932259E-01  5.57930021225079758E-06  3.05788292584530392E-06  0.00000000000000000E+00  0.00000000000000000E+00  0.00000000000000000E+00
  882.000000  3.05376292565705455E+02  3.05100483539815116E+02  1.23070244889583749E-01  1.52730392247204916E-01  5.42002302753589613E-06  2.96873057214438311E-06  0.00000000000000000E+00  0.00000000000000000E+00  0.00000000000000000E+00
  884.000000  3.01975581259974433E+02  3.01705310393491459E+02  1.20618928303920028E-01  1.49643790077191585E-01  5.26569117364601794E-06  2.88241066751937982E-06  0.00000000000000000E+00  0.00000000000000000E+00  0.00000000000000000E+00
  886.000000  2.98624191588473764E+02  2.98359332171116478E+02  1.18223165408025216E-01  1.46628336984964497E-01  5.11613858908893267E-06  2.79882569401437714E-06  0.00000000000000000E+00  0.00000000000000000E+00  0.00000000000000000E+00
  888.000000  2.95321231868933808E+02  2.95061660454459741E+02  1.15881540818336112E-01  1.43682184568757199E-01  4.97120521442199479E-06  2.71788175468156119E-06  0.00000000000000000E+00  0.00000000000000000E+00  0.00000000000000000E+00
  890.000000  2.92065829875377290E+02  2.91811426187829113E+02  1.13592679299567331E-01  1.40803538023349245E-01  4.83073675970976640E-06  2.63948842916873590E-06  0.00000000000000000E+00  0.00000000000000000E+00  0.00000000000000000E+00
  892.000000  2.88857132338580470E+02  2.88607779181510864E+02  1.11355244506937262E-01  1.37990654419586384E-01  4.69458448160523961E-06  2.56355863547019930E-06  0.00000000000000000E+00  0.00000000000000000E+00  0.00000000000000000E+00
  894.000000  2.85694304461288880E+02  2.85449887629859177E+02  1.09167937771646656E-01  1.35241841044595745E-01  4.56260496962912173E-06  2.49000849756033061E-06  0.00000000000000000E+00  0.00000000000000000E+00  0.00000000000000000E+00
  896.000000  2.82576529447769360E+02  2.82336937643623799E+02  1.07029496927936008E-01  1.32555453800403261E-01  4.43465994124555944E-06  2.41875721864388401E-06  0.00000000000000000E+00  0.00000000000000000E+00  0.00000000000000000E+00
  898.000000  2.79503008047196943E+02  2.79268132796015038E+02  1.04938695180226887E-01  1.29929895658686428E-01  4.31061604534782512E-06  2.34972695976817311E-06  0.00000000000000000E+00  0.00000000000000000E+00  0.00000000000000000E+00
  900.000000  2.76472958110249635E+02  2.76242693681884077E+02  1.02894340008749391E-01  1.27363615169445582E-01  4.19034467378407223E-06  2.28284272355418026E-06  0.00000000000000000E+00  0.00000000000000000E+00  0.00000000000000000E+00
