# Wavelength | Total | n= 1 | ...
  300.000000  1.98297386227085781E+03  1.54668735956339719E+03  3.77875020552895421E+02  5.55310646813899496E+01  2.79390370552847900E+00  8.44104810870875133E-02  2.07842366760779135E-03  2.45128525243330649E-05  3.50039219202130280E-07
  302.000000  2.08888344633371935E+03  1.63670772109974837E+03  3.92017158156675407E+02  5.72440646360474474E+01  2.82774471546524708E+00  8.46788068162056401E-02  2.05463904461971247E-03  2.39421208619791083E-05  3.37800825686382186E-07
  304.000000  2.19982198372128687E+03  1.73129645829085143E+03  4.06584964835238281E+02  5.89910207842180867E+01  2.86253489813804540E+00  8.49490032963432090E-02  2.03218709943917388E-03  2.33961925310169955E-05  3.26253524796531491E-07
  306.000000  2.31610533725150981E+03  1.83073179505861776E+03  4.21613110233081613E+02  6.07746414227233203E+01  2.89853081673052193E+00  8.52256347665804187E-02  2.01120994765825256E-03  2.28756426848579963E-05  0.00000000000000000E+00
  308.000000  2.43807468468131901E+03  1.93531367097990051E+03  4.37139676822681622E+02  6.25978037468422457E+01  2.93600558143001145E+00  8.55133192757470961E-02  1.99185015207314344E-03  2.23810361761031166E-05  0.00000000000000000E+00
  310.000000  2.56609890282070000E+03  2.04536570983914953E+03  4.53206562283025789E+02  6.44635653330948912E+01  2.97525241457396161E+00  8.58167844388508932E-02  1.97425345657750197E-03  2.19129604184512596E-05  0.00000000000000000E+00
  312.000000  2.70057724324286573E+03  2.16123740320851130E+03  4.69859952847630723E+02  6.63751773040675346E+01  3.01658890543069269E+00  8.61409333800276789E-02  1.95857178455196646E-03  2.14720606522111253E-05  0.00000000000000000E+00
  314.000000  2.84194233772739426E+03  2.28330653666969329E+03  4.87150882500719433E+02  6.83360994899165917E+01  3.06036211733450791E+00  8.64909240576285654E-02  1.94496659369429578E-03  2.10590791162114793E-05  0.00000000000000000E+00
  316.000000  2.99066358721658480E+03  2.41198189098939793E+03  5.05135896891183052E+02  7.03500180243593007E+01  3.10695475772920204E+00  8.68722663098345088E-02  1.93361270423219591E-03  2.06749000631242876E-05  0.00000000000000000E+00
  318.000000  3.14725099711672419E+03  2.54770625637605372E+03  5.23877846098742111E+02  7.24208659908854884E+01  3.15679268512428601E+00  8.72909425648734777E-02  1.92470275068779332E-03  2.03206031803918832E-05  0.00000000000000000E+00
  320.000000  3.31225953678679707E+03  2.69095980526311996E+03  5.43446837405359815E+02  7.45528479959069301E+01  3.21035411198193410E+00  8.77535604485870507E-02  1.91845245212750011E-03  1.99975288806348623E-05  0.00000000000000000E+00
  322.000000  3.48629412034463439E+03  2.84226387839258814E+03  5.63921388678667427E+02  7.67504699326473769E+01  3.26818097758409465E+00  8.82675488307750611E-02  1.91510695665921991E-03  1.97073602461156221E-05  0.00000000000000000E+00
  324.000000  3.67001533160962435E+03  3.00218525103921775E+03  5.85389835852732858E+02  7.90185757809567519E+01  3.33089312218183986E+00  8.88414137077326305E-02  1.91494859973635940E-03  1.94522283678037792E-05  0.00000000000000000E+00
  326.000000  3.86414605063660429E+03  3.17134096199495889E+03  6.07952065740283047E+02  8.13623941714328822E+01  3.39920611098533643E+00  8.94850775609676297E-02  1.91830653250963626E-03  1.92348507592732978E-05  0.00000000000000000E+00
  328.000000  4.06947918649836993E+03  3.35040380869724459E+03  6.31721670176410271E+02  8.37875988002422929E+01  3.47395386009169149E+00  9.02103368225296021E-02  1.92556884141616277E-03  1.90587170295158532E-05  0.00000000000000000E+00
  330.000000  4.28688678564552083E+03  3.54010863900021968E+03  6.56828652491061121E+02  8.63003888932094299E+01  3.55611764559946186E+00  9.10314890714753883E-02  1.93719801708022092E-03  1.89283430181763418E-05  0.00000000000000000E+00
  332.000000  4.51733087339465692E+03  3.74125960423366723E+03  6.83422867418495230E+02  8.89075992416470484E+01  3.64686369183620185E+00  9.19662084078839842E-02  1.95375097777057650E-03  1.88496257978307769E-05  0.00000000000000000E+00
  334.000000  4.76187650302469046E+03  3.95473857621112029E+03  7.11678448238985879E+02  9.16168546201812575E+01  3.74759242793294156E+00  9.30367907450388165E-02  1.97590537435979492E-03  1.88303502348435693E-05  0.00000000000000000E+00
  336.000000  5.02170762762418872E+03  4.18151495491997503E+03  7.41799581651746621E+02  9.44367918915844058E+01  3.86000382283863441E+00  9.42719624009178137E-02  2.00449471395355069E-03  1.88809284900224656E-05  0.00000000000000000E+00
  338.000000  5.29814652241383283E+03  4.42265703237815706E+03  7.74028148825432254E+02  9.73773868654783854E+01  3.98618520584790126E+00  9.57095672570772854E-02  2.04055615349635041E-03  1.90155069426855532E-05  0.00000000000000000E+00
  340.000000  5.59267732657498527E+03  4.67934466018364037E+03  8.08653984427277123E+02  1.00450445553188203E+02  4.12873109821379636E+00  9.74006619281279767E-02  2.08539706757396564E-03  1.92536702847182155E-05  0.00000000000000000E+00
  342.000000  5.90697281968669085E+03  4.95288113581970629E+03  8.46028839522416888E+02  1.03670358369375052E+02  4.29090972100727974E+00  9.94159404325583307E-02  2.14069060052728263E-03  1.96231514777512933E-05  0.00000000000000000E+00
  344.000000  6.24291674608734866E+03  5.24469490260970906E+03  8.86585561027509357E+02  1.07055297293006191E+02  4.47690020011125345E+00  1.01856174551374579E-01  2.20861814770768319E-03  2.01643144425262182E-05  0.00000000000000000E+00
  346.000000  6.60259083951376670E+03  5.55629780807361567E+03  9.30864443969703302E+02  1.10629259650505560E+02  4.69214472801278060E+00  1.04870064553832021E-01  2.29208943614510503E-03  2.09379391569811497E-05  0.00000000000000000E+00
  348.000000  6.98816126713523863E+03  5.88913079639212083E+03  9.79549714160118697E+02  1.14425738590767637E+02  4.94391257507147142E+00  1.08688284273256469E-01  2.39509305897765224E-03  2.20398261217743182E-05  0.00000000000000000E+00
  350.000000  7.40166293196547304E+03  6.24428709382432680E+03  1.03352443606057454E+03  1.18492841370149065E+02  5.24230643523133644E+00  1.13706773863119906E-01  2.52384935528460674E-03  2.36519736383612741E-05  0.00000000000000000E+00
  352.000000  7.84474618261585692E+03  6.62216383729847348E+03  1.09396053856787557E+03  1.22896177067153616E+02  5.60227362498452042E+00  1.20638454760908842E-01  2.69139270385865010E-03  2.62099062972097845E-05  0.00000000000000000E+00
  354.000000  8.31998484263671708E+03  7.02358169566098968E+03  1.16250301562271670E+03  1.27718523300291736E+02  6.04858931229321861E+00  1.30070736384396951E-01  2.91778108393951413E-03  3.02229603369210554E-05  0.00000000000000000E+00
  356.000000  8.82977489795388647E+03  7.44874671865857181E+03  1.24139917419943026E+03  1.32849359521587644E+02  6.63526907029455426E+00  1.41095258386198158E-01  3.24579374387565537E-03  3.54518719004497375E-05  0.00000000000000000E+00
  358.000000  9.36181969137869055E+03  7.88284498251797868E+03  1.33346133057333532E+03  1.37864396498921678E+02  7.49629270814726301E+00  1.48856707316118692E-01  3.79284831819037523E-03  3.95246747559715794E-05  0.00000000000000000E+00
  360.000000  9.93574560181106972E+03  8.33899699827865334E+03  1.44367044928482028E+03  1.44152907031654479E+02  8.76858631416593504E+00  1.52008924499409226E-01  4.61331208852884533E-03  3.86651870955367596E-05  0.00000000000000000E+00
  362.000000  1.06112167649720705E+04  8.86533590272546098E+03  1.58145678392586456E+03  1.53910807457691590E+02  1.03447445345458959E+01  1.62971005528121382E-01  5.51796258513203262E-03  3.73603938678003687E-05  0.00000000000000000E+00
  364.000000  1.13875909463105309E+04  9.44815790300127446E+03  1.75831494542012001E+03  1.68560200436857684E+02  1.23593988916993833E+01  1.91827915806325994E-01  6.62846109366325119E-03  4.21836790629450477E-05  0.00000000000000000E+00
  366.000000  1.22435976307095698E+04  1.00475132695727443E+04  1.98701701356526905E+03  1.93676154526539221E+02  1.51326762489206672E+01  2.50251958042141620E-01  8.20919940673747218E-03  5.56386482507307623E-05  0.00000000000000000E+00
  368.000000  1.31256907621612027E+04  1.05910023012469337E+04  2.27325285753079834E+03  2.42447562895861438E+02  1.86163012279641151E+01  3.61417299535332526E-01  1.02404014546388835E-02  8.15586574010205911E-05  0.00000000000000000E+00
  370.000000  1.38976430148854015E+04  1.09205650200065265E+04  2.61862515599453263E+03  3.35710223567405762E+02  2.21824942892488650E+01  5.47810502976799452E-01  1.21885696228219206E-02  1.21955086290300867E-04  0.00000000000000000E+00
  372.000000  1.44627463324477030E+04  1.10124655294626027E+04  2.96805005875280949E+03  4.55867001783044884E+02  2.56158313308863477E+01  7.33902033606386728E-01  1.38521595265414764E-02  1.55552326670632430E-04  1.37290236966726316E-06
  374.000000  1.48453494198421704E+04  1.13582839964996183E+04  2.95602800691615948E+03  5.04576216331948160E+02  2.56920859422944758E+01  7.55173696825850893E-01  1.37882155177409711E-02  1.50899249354749569E-04  1.34055505509742196E-06
  376.000000  1.51116868035932330E+04  1.21332468839894136E+04  2.50262349921413852E+03  4.55267534888319403E+02  1.99161830220154528E+01  6.22005199181071777E-01  1.05791885915015472E-02  1.18091572036089617E-04  0.00000000000000000E+00
  378.000000  1.56010276935023940E+04  1.31219856133905123E+04  2.08520810309567969E+03  3.80329838471426740E+02  1.30433421615530492E+01  4.54053141605795352E-01  6.66251141144017477E-03  8.07302081628691386E-05  0.00000000000000000E+00
  380.000000  1.64275219634472414E+04  1.41822962250087730E+04  1.90453782991456728E+03  3.31737482109567679E+02  8.60875332852341657E+00  3.37568516620100234E-01  4.04961673365270523E-03  5.49524561382693525E-05  0.00000000000000000E+00
  382.000000  1.74730329171276426E+04  1.52710117720236376E+04  1.88771401809967574E+03  3.07754461845134756E+02  6.27930168674295519E+00  2.70715560630829521E-01  2.60788337426124490E-03  4.00284469408598680E-05  0.00000000000000000E+00
  384.000000  1.86515202753299091E+04  1.63889414674213513E+04  1.95981705522276388E+03  2.97388886253688327E+02  5.13886163960528197E+00  2.32138766218665221E-01  1.83472565659314785E-03  3.13006203901510034E-05  0.00000000000000000E+00
  386.000000  1.99272027352200530E+04  1.75439261216601517E+04  2.08414598727741031E+03  2.94286333436139898E+02  4.63414128644800183E+00  2.08708700170174843E-01  1.41696973761965667E-03  2.58899986468226687E-05  0.00000000000000000E+00
  388.000000  2.12872000239794834E+04  1.87414592605193866E+04  2.24576288334133596E+03  2.95295892255613808E+02  4.48702958098927507E+00  1.93742376076777301E-01  1.19357920264406901E-03  2.23268846439105239E-05  0.00000000000000000E+00
  390.000000  2.27272453347347691E+04  1.99836429764727291E+04  2.44008146672926659E+03  2.98775035391281904E+02  4.56098366616526363E+00  1.83769692232761545E-01  1.08293190758436430E-03  1.98511898961828951E-05  0.00000000000000000E+00
  392.000000  2.42459760061916022E+04  2.12694317288719540E+04  2.66779595265407443E+03  3.03780911712811985E+02  4.78947892210294501E+00  1.76873299972848702E-01  1.04268280919939398E-03  1.80478788863068499E-05  0.00000000000000000E+00
  394.000000  2.58427329043914069E+04  2.25948745196189739E+04  2.93283338738989642E+03  3.09709806577439622E+02  5.14220388693256414E+00  1.71919799394613854E-01  1.05044202819264284E-03  1.66767371343494445E-05  0.00000000000000000E+00
  396.000000  2.75167673276701607E+04  2.39532562457281310E+04  3.24160265029416405E+03  3.16129982417043038E+02  5.60914458279931427E+00  1.68194565125887596E-01  1.09449177430547950E-03  1.55911241193157167E-05  0.00000000000000000E+00
  398.000000  2.92670523509349805E+04  2.53352245951456898E+04  3.60276813349562553E+03  3.22700389160602356E+02  6.19282967645113747E+00  1.65219594859899399E-01  1.16916447802747079E-03  1.46972735951529486E-05  0.00000000000000000E+00
  400.000000  3.10923125871932425E+04  2.67290004283967319E+04  4.02711366709182266E+03  3.29130433202000233E+02  6.90411379484647370E+00  1.62658394527042754E-01  1.27238044952700247E-03  1.39328654154821926E-05  0.00000000000000000E+00
  402.000000  3.29908951840838563E+04  2.81207537361198483E+04  4.52705964011651122E+03  3.35161224993478470E+02  7.75890083508414818E+00  1.60264658029780988E-01  1.40410566204391025E-03  1.32552348741274842E-05  0.00000000000000000E+00
  404.000000  3.49598328531739244E+04  2.94952030774479135E+04  5.11513759730528545E+03  3.40559106838810976E+02  8.77363979860512977E+00  1.57854171753718298E-01  1.56497691836837358E-03  1.26346384331262521E-05  0.00000000000000000E+00
  406.000000  3.69919182234447071E+04  3.08364624841828190E+04  5.80022511868558377E+03  3.45116612694077389E+02  9.95695186043534264E+00  1.55289512716283523E-01  1.75445879597902225E-03  1.20502788204343715E-05  0.00000000000000000E+00
  408.000000  3.90690190819199852E+04  3.21291147754595731E+04  6.57979797348091142E+03  3.48657790325404619E+02  1.12940914220009301E+01  1.52471839381766283E-01  1.96790484111803365E-03  1.14878746536333172E-05  0.00000000000000000E+00
  410.000000  4.11502077285045598E+04  3.33594371940590063E+04  7.42685132315304600E+03  3.51045487205985523E+02  1.27221845353051393E+01  1.49336389399309044E-01  2.19222371982243525E-03  1.09380987366550360E-05  0.00000000000000000E+00
  412.000000  4.31571714136287774E+04  3.45166523328082694E+04  8.27408012357355437E+03  3.52188466787296989E+02  1.41022291818964138E+01  1.45849525863200435E-01  2.40135639713019277E-03  1.03954938993945046E-05  0.00000000000000000E+00
  414.000000  4.49696342623785749E+04  3.55940353258885079E+04  9.00819469772282719E+03  3.52046458575191366E+02  1.52132083022334541E+01  1.42005929733745040E-01  2.55610245029241380E-03  9.85763752227614780E-06  0.00000000000000000E+00
  416.000000  4.64535064034427705E+04  3.65896863703785057E+04  9.49723787077895577E+03  3.50631645959557545E+02  1.58100666725843055E+01  1.37825104034890622E-01  2.61522470347432239E-03  9.32442696140458180E-06  0.00000000000000000E+00
  418.000000  4.75278035677281150E+04  3.75067778864725260E+04  9.65713276041778954E+03  3.48005702511538800E+02  1.57513049349485872E+01  1.33346841953287554E-01  2.55775193185833792E-03  8.79742552937192243E-06  0.00000000000000000E+00
  420.000000  4.82237806367419180E+04  3.83530997093489714E+04  9.51117440092298602E+03  3.44272214717825307E+02  1.51032782525108349E+01  1.28625723982673773E-01  2.39949639467924641E-03  8.27925374430440204E-06  0.00000000000000000E+00
  422.000000  4.86729675424868110E+04  3.91397371696212940E+04  9.17943219300973033E+03  3.39565011220257816E+02  1.41072507969331227E+01  1.23725012206778145E-01  2.18505334761815708E-03  7.77303734381599892E-06  0.00000000000000000E+00
  424.000000  4.90336588216183009E+04  3.98787121730966537E+04  8.80775315975039121E+03  3.34033391730326230E+02  1.30394167098601557E+01  1.18710466491504046E-01  1.96258263954542794E-03  7.28193442316307644E-06  0.00000000000000000E+00
  426.000000  4.94244545788996911E+04  4.05794084058098306E+04  8.50500844443919050E+03  3.27825448250307488E+02  1.20968641263368841E+01  1.13644614993839627E-01  1.76485027481577397E-03  6.80876235643252992E-06  0.00000000000000000E+00
  428.000000  4.99000105008244500E+04  4.12436620053736187E+04  8.32379787573186150E+03  3.21070718724282870E+02  1.13697069513947575E+01  1.08581915866625453E-01  1.60577169282070053E-03  6.35573601933934542E-06  0.00000000000000000E+00
  430.000000  5.04541283258174662E+04  4.18597033751676863E+04  8.26959068613463569E+03  3.13863660684829995E+02  1.08655471179065497E+01  1.03565137582791331E-01  1.48565051437602141E-03  5.92431832255681272E-06  0.00000000000000000E+00
  432.000000  5.10280721793495613E+04  4.23959536382852530E+04  8.31522654635975232E+03  3.06250380603451958E+02  1.05415880759155041E+01  9.86232646561905901E-02  1.39724535761349229E-03  5.51517757047691417E-06  0.00000000000000000E+00
  434.000000  5.15173674923596918E+04  4.27971788270691613E+04  8.41154339283964873E+03  2.98222945972200478E+02  1.03272201572130502E+01  9.37713491440878427E-02  1.32984407715379979E-03  5.12824578744704583E-06  0.00000000000000000E+00
  436.000000  5.17827630306737992E+04  4.29871882234345831E+04  8.49561799043270184E+03  2.89727488100041739E+02  1.01390393814187920E+01  8.90128401612668152E-02  1.27172201110302288E-03  4.76287340371669654E-06  0.00000000000000000E+00
  438.000000  5.16740866580175862E+04  4.28822610392265706E+04  8.50115392404297381E+03  2.80691095193339493E+02  9.89503845286450456E+00  8.43446277133753919E-02  1.21205605424351678E-03  4.41806625923607973E-06  0.00000000000000000E+00
  440.000000  5.10688683611152810E+04  4.24151476565683552E+04  8.37304418083012024E+03  2.71064434588735878E+02  9.53117829564462937E+00  7.97639087382548823E-02  1.14283091762877901E-03  4.09275992022589214E-06  0.00000000000000000E+00
  442.000000  4.99134883562623800E+04  4.15610136894106981E+04  8.08251789098889640E+03  2.60863700302841437E+02  9.01673700723054417E+00  7.52743707260438294E-02  1.06039593942798202E-03  3.78604724002770273E-06  0.00000000000000000E+00
  444.000000  4.82446206660562966E+04  4.03508679309391591E+04  7.63513179617442711E+03  2.50188572679657113E+02  8.36050824611891130E+00  7.08886705696258612E-02  9.65849092034633890E-04  3.49727374378880759E-06  0.00000000000000000E+00
  446.000000  4.61764889739352948E+04  3.88633249791928174E+04  7.06628881138620636E+03  2.39204484121924139E+02  7.60320606034830337E+00  6.66260899365407055E-02  8.63858076747400761E-04  3.22598204631021099E-06  0.00000000000000000E+00
  448.000000  4.38615963042771255E+04  3.71997372768961577E+04  6.42689467803476236E+03  2.28100919349109773E+02  6.80015918037853595E+00  6.25073305287251607E-02  7.60514415800901743E-04  2.97177532014804645E-06  0.00000000000000000E+00
  450.000000  4.14479436020910289E+04  3.54573503885327082E+04  5.76747971404988220E+03  2.17050469480048037E+02  6.00381619475694972E+00  5.85497619881222217E-02  6.61337440130887045E-04  2.73419839326576591E-06  0.00000000000000000E+00
  452.000000  3.90515144928702284E+04  3.37122761172315659E+04  5.12774394193064018E+03  2.06185919154973192E+02  5.25317673130443019E+00  5.47651363593271226E-02  5.70172711421691280E-04  2.51268874147780644E-06  0.00000000000000000E+00
  454.000000  3.67481449865413088E+04  3.20147331039976998E+04  4.53319218061488937E+03  1.95596853185819242E+02  4.57119773781502392E+00  5.11596829180807414E-02  4.89015578538963568E-04  2.30658868684133274E-06  0.00000000000000000E+00
  456.000000  3.45785038235737447E+04  3.03924794099495593E+04  3.99667117073903137E+03  1.85337801287608869E+02  3.96728568066754361E+00  4.77354233131487352E-02  4.18378377663080182E-04  2.11518386717193087E-06  0.00000000000000000E+00
  458.000000  3.25580798874600514E+04  2.88572856165603298E+04  3.52186839123199388E+03  1.75439489984770717E+02  3.44153828703649944E+00  4.44916465723637078E-02  3.57811609760434507E-04  1.93773991082307274E-06  0.00000000000000000E+00
  460.000000  3.06868838362207789E+04  2.74111255216620339E+04  3.10680951261884047E+03  1.65918390905745838E+02  2.98867865613775896E+00  4.14260209035387725E-02  3.06357118397102609E-04  0.00000000000000000E+00  0.00000000000000000E+00
  462.000000  2.89567573049503226E+04  2.60507907369004715E+04  2.74654371732933760E+03  1.56783122657824947E+02  2.60092994812699008E+00  3.85352511263230627E-02  2.62863431866357244E-04  0.00000000000000000E+00  0.00000000000000000E+00
  464.000000  2.73561041908956540E+04  2.47708448342548254E+04  2.43491544303731098E+03  1.48038049130469858E+02  2.26982290999494207E+00  3.58153893015316221E-02  2.26173749291976777E-04  0.00000000000000000E+00  0.00000000000000000E+00
  466.000000  2.58726076514932138E+04  2.35652954807393180E+04  2.16560655600265181E+03  1.39684961303056582E+02  1.98719628173777152E+00  3.32619441567849478E-02  1.95222297817983676E-04  0.00000000000000000E+00  0.00000000000000000E+00
  468.000000  2.44946037507583678E+04  2.24284213607525417E+04  1.93268201077606591E+03  1.31723669167839802E+02  1.74567108413005756E+00  3.08699042564386933E-02  1.69073534833570361E-04  0.00000000000000000E+00  0.00000000000000000E+00
  470.000000  2.32116502620448009E+04  2.13551002954317119E+04  1.73083028259174466E+03  1.24152087725124019E+02  1.53881562147412598E+00  2.86337453382549539E-02  1.46929405079381024E-04  0.00000000000000000E+00  0.00000000000000000E+00
  472.000000  2.20146568194804859E+04  2.03408719162552043E+04  1.55543091676595463E+03  1.16966165878459137E+02  1.36114500440633757E+00  2.65474557646540807E-02  1.28120700457513213E-04  0.00000000000000000E+00  0.00000000000000000E+00
  474.000000  2.08958017294342681E+04  1.93818768380514011E+04  1.40253229707191554E+03  1.10159835541994710E+02  1.20804208686974701E+00  2.46045902520900493E-02  1.12091832922187759E-04  0.00000000000000000E+00  0.00000000000000000E+00
  476.000000  1.98483637068922399E+04  1.84747517307293165E+04  1.26878838013723043E+03  1.03725050615012279E+02  1.07564867763953353E+00  2.27983490340175413E-02  9.83840050390310400E-05  0.00000000000000000E+00  0.00000000000000000E+00
  478.000000  1.88665360095582982E+04  1.76165207839553623E+04  1.15138133899728564E+03  9.76519257203871831E+01  9.60752592041473008E-01  2.11216740139560724E-02  8.66192071542312876E-05  0.00000000000000000E+00  0.00000000000000000E+00
  480.000000  1.79452548254531212E+04  1.68045015044654247E+04  1.04794403829450266E+03  9.19289561714074495E+01  8.60682683421848282E-01  1.95673523072530040E-02  7.64860532451917157E-05  0.00000000000000000E+00  0.00000000000000000E+00
  482.000000  1.70800541179286629E+04  1.60362305697141364E+04  9.56488844930371897E+02  8.65432907873348967E+01  7.73216650369315639E-01  1.81281187193377061E-02  6.77277294521380673E-05  0.00000000000000000E+00  0.00000000000000000E+00
  484.000000  1.62669490227874285E+04  1.53094093975262294E+04  8.75345236446642843E+02  8.14810293074433361E+01  6.96502624341344134E-01  1.67967507957962267E-02  6.01319745773979674E-05  0.00000000000000000E+00  0.00000000000000000E+00
  486.000000  1.55023452192815785E+04  1.46218665009463530E+04  8.03106584036966296E+02  7.67275208827597055E+01  6.28993740326417083E-01  1.55661523112356984E-02  5.35228638083380166E-05  0.00000000000000000E+00  0.00000000000000000E+00
  488.000000  1.47829699703931528E+04  1.39715329556391353E+04  7.38585497081808739E+02  7.22676463337275834E+01  5.69394161319929037E-01  1.44294230345441022E-02  4.77541247084626834E-05  0.00000000000000000E+00  0.00000000000000000E+00
  490.000000  1.41058202975990425E+04  1.33564274690217007E+04  6.80776718220807879E+02  6.80860728946739329E+01  5.16614843981937466E-01  1.33799141556131922E-02  4.27037227213855259E-05  0.00000000000000000E+00  0.00000000000000000E+00
  492.000000  1.34681242070159606E+04  1.27746480788234185E+04  6.28826465978905162E+02  6.41674752636056240E+01  4.69737410684048673E-01  1.24112698604333278E-02  3.82694826549891795E-05  0.00000000000000000E+00  0.00000000000000000E+00
  494.000000  1.28673115800934811E+04  1.22243681457576749E+04  5.82007177134819017E+02  6.04967206999769118E+01  4.27984679217998820E-01  1.15174562474512736E-02  3.43655480016490032E-05  0.00000000000000000E+00  0.00000000000000000E+00
  496.000000  1.23009920622450682E+04  1.17038349053697166E+04  5.39696717858113743E+02  5.70590187009675915E+01  3.90696617589219308E-01  1.06927791658061582E-02  3.09195144425159166E-05  0.00000000000000000E+00  0.00000000000000000E+00
  498.000000  1.17669379272844653E+04  1.12113693523689581E+04  5.01361266849447986E+02  5.38400376030321510E+01  3.57310700214323596E-01  9.93189270731651037E-03  2.78701045618829108E-05  0.00000000000000000E+00  0.00000000000000000E+00
  500.000000  1.12630704292767459E+04  1.07453666332447083E+04  4.66541203733681812E+02  5.08259915052293962E+01  3.27345827776936882E-01  9.22980007275530506E-03  2.51652767777685140E-05  0.00000000000000000E+00  0.00000000000000000E+00
  502.000000  1.07874485739783595E+04  1.03042964263939521E+04  4.34839452450484316E+02  4.80037013935290702E+01  3.00389131292935041E-01  8.58184841847796018E-03  2.27606828919843060E-05  0.00000000000000000E+00  0.00000000000000000E+00
  504.000000  1.03382595616893523E+04  9.88670300840435448E+03  4.05911829401774753E+02  4.53606344334885492E+01  2.76085112211220007E-01  7.98371911761779421E-03  2.06184059809313118E-05  0.00000000000000000E+00  0.00000000000000000E+00
  506.000000  9.91381038934796561E+03  9.49120485750149055E+03  3.79459029817960527E+02  4.28849252304197606E+01  2.54126677496002762E-01  7.43141467338738655E-03  1.87059242209452973E-05  0.00000000000000000E+00  0.00000000000000000E+00
  508.000000  9.51252026963394019E+03  9.11649374638865447E+03  3.55219954755409333E+02  4.05653825361204881E+01  2.34247715176260862E-01  6.92124332221376922E-03  1.69952572838261535E-05  0.00000000000000000E+00  0.00000000000000000E+00
  510.000000  9.13291364437939046E+03  8.76133334033002575E+03  3.32966137374662821E+02  3.83914844849261385E+01  2.16216925338974825E-01  6.44980217548541367E-03  1.54622606956354200E-05  0.00000000000000000E+00  0.00000000000000000E+00
  512.000000  8.77361365162275251E+03  8.42455735314461526E+03  3.12497072734747007E+02  3.63533650206190160E+01  1.99832677154504118E-01  6.01395957774431781E-03  1.40860404913382439E-05  0.00000000000000000E+00  0.00000000000000000E+00
  514.000000  8.43333596055684029E+03  8.10506733223725223E+03  2.93636292163516885E+02  3.44417937634358537E+01  1.84918706959797313E-01  5.61083721029598421E-03  1.28484659894190044E-05  0.00000000000000000E+00  0.00000000000000000E+00
  516.000000  8.11088292422142331E+03  7.80183015004716981E+03  2.76228052957491116E+02  3.26481511827317092E+01  1.71320507924379806E-01  5.23779234236196323E-03  1.17337628681847631E-05  0.00000000000000000E+00  0.00000000000000000E+00
  518.000000  7.80513802200433474E+03  7.51387527789027627E+03  2.60134538098648420E+02  3.09644005965062341E+01  1.58902290203930846E-01  4.89240052687787801E-03  1.07281721812813342E-05  0.00000000000000000E+00  0.00000000000000000E+00
  520.000000  7.51506057715829866E+03  7.24029191229113530E+03  2.45233479977188040E+02  2.93830582181525166E+01  1.47544413206726482E-01  4.57243895222155406E-03  9.81966370173284159E-06  0.00000000000000000E+00  0.00000000000000000E+00
  522.000000  7.23968074164656082E+03  6.98022601566353842E+03  2.31416137691670002E+02  2.78971622132438846E+01  1.37141209821649429E-01  4.27587059261381932E-03  8.99769417730003580E-06  0.00000000000000000E+00  0.00000000000000000E+00
  524.000000  6.97809474394772678E+03  6.73287732411441903E+03  2.18585570101188381E+02  2.65002415127624182E+01  1.27599137107423710E-01  4.00082924594457115E-03  8.25300283495252870E-06  0.00000000000000000E+00  0.00000000000000000E+00
  526.000000  6.72946039638781804E+03  6.49749636603903036E+03  2.06655157016366218E+02  2.51862849497271739E+01  1.18835199749905807E-01  3.74560550612173604E-03  7.57743787915849633E-06  0.00000000000000000E+00  0.00000000000000000E+00
  528.000000  6.49299285819906163E+03  6.27338152664833433E+03  1.95547329211538255E+02  2.39497111395558129E+01  1.10775602136923015E-01  3.50863368542962770E-03  6.96380886104983433E-06  0.00000000000000000E+00  0.00000000000000000E+00
  530.000000  6.26796064946857587E+03  6.05987618588898476E+03  1.85192474695434271E+02  2.27853394060841268E+01  1.03354592633537232E-01  3.28847967896842572E-03  6.40576070933799942E-06  0.00000000000000000E+00  0.00000000000000000E+00
  532.000000  6.05368190982814758E+03  5.85636595047819628E+03  1.75527994192014631E+02  2.16883619605970672E+01  9.65134699265370460E-02  3.08382974638264813E-03  5.89766595304167226E-06  0.00000000000000000E+00  0.00000000000000000E+00
  534.000000  5.84952089446266291E+03  5.66227599505630678E+03  1.66497483298434815E+02  2.06543174667833789E+01  9.01997264315231861E-02  2.89348017433613703E-03  5.43453226761493964E-06  0.00000000000000000E+00  0.00000000000000000E+00
  536.000000  5.65488469886231815E+03  5.47706852265483030E+03  1.58050022493330260E+02  1.96790660665121635E+01  8.43663079463726068E-02  2.71632777553766505E-03  5.01192296413625468E-06  0.00000000000000000E+00  0.00000000000000000E+00
  538.000000  5.46922020281227742E+03  5.30024035073623236E+03  1.50139559219962877E+02  1.87587658968472901E+01  7.89709721711555068E-02  2.55136117542998763E-03  4.62588844274721630E-06  0.00000000000000000E+00  0.00000000000000000E+00
  540.000000  5.29201122343284351E+03  5.13132062589203542E+03  1.42724368788319879E+02  1.78898510952037633E+01  7.39757315418004963E-02  2.39765283541263675E-03  4.27290695788582698E-06  0.00000000000000000E+00  0.00000000000000000E+00
  542.000000  5.12277586661841633E+03  4.96986866775813814E+03  1.35766582925780938E+02  1.70690112647458285E+01  6.93463681568056572E-02  2.25435176085846426E-03  3.94983331342759060E-06  0.00000000000000000E+00  0.00000000000000000E+00
  544.000000  4.96106406598810099E+03  4.81547194075460357E+03  1.29231776537947724E+02  1.62931723543469822E+01  6.50520105062003390E-02  2.12067684290461345E-03  3.65385432765346420E-06  0.00000000000000000E+00  0.00000000000000000E+00
  546.000000  4.80645529840074869E+03  4.66774415076613968E+03  1.23088604682950532E+02  1.55594788951099154E+01  6.10647633132593085E-02  1.99591078452369996E-03  3.38245009213055237E-06  0.00000000000000000E+00  0.00000000000000000E+00
  548.000000  4.65855646518901358E+03  4.52632346278415844E+03  1.17308482966371841E+02  1.48652775274263593E+01  5.73593831320831082E-02  1.87939456359676707E-03  3.13336020095427196E-06  0.00000000000000000E+00  0.00000000000000000E+00
  550.000000  4.51699992849079445E+03  4.39087083475094460E+03  1.11865305571613874E+02  1.42081017478361655E+01  5.39129934562173826E-02  1.77052238821987580E-03  2.90455425381528877E-06  0.00000000000000000E+00  0.00000000000000000E+00
  552.000000  4.38144169237627375E+03  4.26106846232188673E+03  1.06735195986316171E+02  1.35856578027393198E+01  5.07048340238933429E-02  1.66873710226784068E-03  2.69420604224357202E-06  0.00000000000000000E+00  0.00000000000000000E+00
  554.000000  4.25155971886426778E+03  4.13661832894482086E+03  1.01896286197280176E+02  1.29958116557074419E+01  4.77160397862244623E-02  1.57352600207990895E-03  2.50067091678146328E-06  0.00000000000000000E+00  0.00000000000000000E+00
  556.000000  4.12705236936578603E+03  4.01724085549750953E+03  9.73285207268991854E+01  1.24365769562224528E+01  4.49294456613191576E-02  1.48441702801240232E-03  2.32246590716333325E-06  0.00000000000000000E+00  0.00000000000000000E+00
  558.000000  4.00763696256870935E+03  3.90267364368965400E+03  9.30134823920118379E+01  1.19061039397423727E+01  4.23294137510577054E-02  1.40097529739012733E-03  2.15825223017187176E-06  0.00000000000000000E+00  0.00000000000000000E+00
  560.000000  3.89304844027851595E+03  3.79267030750287813E+03  8.89342370969212652E+01  1.14026691917840495E+01  3.99016801654905467E-02  1.32279994809733994E-03  2.00681987212606103E-06  0.00000000000000000E+00  0.00000000000000000E+00
  562.000000  3.78303813322988526E+03  3.68699938707230194E+03  8.50751953383198867E+01  1.09246662119287237E+01  3.76332189965799119E-02  1.24952126461597124E-03  1.86707397771399481E-06  0.00000000000000000E+00  0.00000000000000000E+00
  564.000000  3.67737261938505571E+03  3.58544333959874211E+03  8.14219884117491972E+01  1.04705967171606442E+01  3.55121213200347355E-02  1.18079806074387460E-03  1.73802281436739830E-06  0.00000000000000000E+00  0.00000000000000000E+00
  566.000000  3.57583266772966908E+03  3.48779760210498671E+03  7.79613575756311832E+01  1.00390626275970423E+01  3.35274873910254845E-02  1.11631529546134061E-03  1.61876711341213499E-06  0.00000000000000000E+00  0.00000000000000000E+00
  568.000000  3.47821226105046981E+03  3.39386972109154840E+03  7.46810546567587039E+01  9.62875868132720925E+00  3.16693304444351995E-02  1.05578190054819048E-03  1.50849061636672746E-06  0.00000000000000000E+00  0.00000000000000000E+00
  570.000000  3.38431769163983881E+03  3.30347854440846686E+03  7.15697527766893415E+01  9.23846562871057131E+00  2.99284907198002458E-02  9.98928800455149268E-04  1.40645167799697042E-06  0.00000000000000000E+00  0.00000000000000000E+00
  572.000000  3.29396672430540366E+03  3.21645347092136171E+03  6.86169660464473878E+01  8.86704396000131290E+00  2.82965585105689893E-02  9.45507106742199659E-04  1.31197579745869616E-06  0.00000000000000000E+00  0.00000000000000000E+00
  574.000000  3.20698782148413420E+03  3.13263375382261665E+03  6.58129772218315168E+01  8.51342812357460588E+00  2.67658051915945841E-02  8.95286471011477345E-04  1.22444896597070477E-06  0.00000000000000000E+00  0.00000000000000000E+00
  576.000000  3.12321942564233268E+03  3.05186785369252220E+03  6.31487724363703009E+01  8.17662119523492770E+00  2.53291213113945382E-02  8.48053581768928367E-04  1.14331173380285660E-06  0.00000000000000000E+00  0.00000000000000000E+00
  578.000000  3.04250929451587763E+03  2.97401283767677296E+03  6.06159822371526502E+01  7.85568996215619109E+00  2.39799609502162024E-02  8.03610792004969161E-04  1.06805391207332456E-06  0.00000000000000000E+00  0.00000000000000000E+00
  580.000000  2.96471388508587142E+03  2.89893382139095183E+03  5.82068282423363570E+01  7.54976038786436554E+00  2.27122916438309286E-02  7.61774865513921602E-04  9.98209835453827574E-07  0.00000000000000000E+00  0.00000000000000000E+00
  582.000000  2.88969778250224545E+03  2.82650345039607782E+03  5.59140748203755891E+01  7.25801342734865607E+00  2.15205492585518673E-02  7.22375831122372457E-04  9.33354121319045279E-07  0.00000000000000000E+00  0.00000000000000000E+00
  584.000000  2.81733317046851153E+03  2.75660141831653164E+03  5.37309852617779242E+01  6.97968116389202198E+00  2.03995972772442226E-02  6.85255934985094729E-04  8.73097868792653272E-07  0.00000000000000000E+00  0.00000000000000000E+00
  586.000000  2.74749933987382383E+03  2.68911401888076625E+03  5.16512819757482831E+01  6.71404324152130449E+00  1.93446900206073538E-02  6.50268682064852584E-04  8.17085248157508252E-07  0.00000000000000000E+00  0.00000000000000000E+00
  588.000000  2.68008223271295174E+03  2.62393372936365631E+03  4.96691102978433250E+01  6.46042356911945159E+00  1.83514393841205034E-02  6.17277958726446924E-04  7.64990437130844376E-07  0.00000000000000000E+00  0.00000000000000000E+00
  590.000000  2.61497401857389877E+03  2.56095882309936633E+03  4.77790055418385151E+01  6.21818727422940487E+00  1.74157847200377761E-02  5.86157229151991889E-04  7.16514865743067350E-07  0.00000000000000000E+00  0.00000000000000000E+00
  592.000000  2.55207270118585257E+03  2.50009300890363238E+03  4.59758629701094677E+01  5.98673788639046034E+00  1.65339655365437377E-02  5.56788798955158552E-04  6.71384736105043886E-07  0.00000000000000000E+00  0.00000000000000000E+00
  594.000000  2.49128175272409271E+03  2.44124509541032285E+03  4.42549103930232874E+01  5.76551473153458360E+00  1.57024967235827838E-02  5.29063140007436932E-04  6.29348787310993442E-07  0.00000000000000000E+00  0.00000000000000000E+00
  596.000000  2.43250977375176490E+03  2.38432867847720172E+03  4.26116831395612010E+01  5.55399052050721398E+00  1.49181460476530987E-02  5.02878271040969947E-04  5.90176279316218691E-07  0.00000000000000000E+00  0.00000000000000000E+00
  598.000000  2.37567017684676102E+03  2.32926184995473386E+03  4.10420011693093230E+01  5.35166911618710461E+00  1.41779136865912200E-02  4.78139189101898566E-04  5.53655172440789916E-07  0.00000000000000000E+00  0.00000000000000000E+00
  600.000000  2.32068089212247241E+03  2.27596692624628395E+03  3.95419481206629655E+01  5.15808346498686632E+00  1.34790136006691704E-02  4.54757347389144926E-04  5.19590482051130360E-07  0.00000000000000000E+00  0.00000000000000000E+00
  602.000000  2.26746409298832987E+03  2.22437019520238073E+03  3.81078521117243696E+01  4.97279367968806518E+00  1.28188565585320331E-02  4.32650175422390996E-04  4.87802790143303969E-07  0.00000000000000000E+00  0.00000000000000000E+00
  604.000000  2.21594594063500654E+03  2.17440168001019674E+03  3.67362681297197824E+01  4.79538526166893231E+00  1.21950346561546675E-02  4.11740637866654094E-04  4.58126897616342102E-07  0.00000000000000000E+00  0.00000000000000000E+00
  606.000000  2.16605634584264635E+03  2.12599491883500741E+03  3.54239618616556697E+01  4.62546745156020567E+00  1.16053071842516370E-02  3.91956828665300549E-04  4.30410602939825262E-07  0.00000000000000000E+00  0.00000000000000000E+00
  608.000000  2.11772874682965494E+03  2.07908675907337556E+03  3.41678948341598314E+01  4.46267169829341270E+00  1.10475877149185612E-02  3.73231597453310964E-04  4.04513594308511609E-07  0.00000000000000000E+00  0.00000000000000000E+00
  610.000000  2.07089990195372820E+03  2.03361716515788430E+03  3.29652107437195383E+01  4.30665023732083707E+00  1.05199322917852531E-02  3.55502205492684933E-04  3.80306443980671569E-07  0.00000000000000000E+00  0.00000000000000000E+00
  612.000000  2.02550969617688475E+03  1.98952903894047608E+03  3.18132228705482021E+01  4.15707476956213728E+00  1.00205286199800715E-02  3.38710008617633829E-04  3.57669694571190157E-07  0.00000000000000000E+00  0.00000000000000000E+00
  614.000000  1.98150096028706503E+03  1.94676805175109303E+03  3.07094024798333862E+01  4.01363523331779959E+00  9.54768616284482410E-03  3.22800164916735744E-04  3.36493028249604029E-07  0.00000000000000000E+00  0.00000000000000000E+00
  616.000000  1.93881930195204905E+03  1.90528248730127575E+03  2.96513681236363382E+01  3.87603866203533398E+00  9.09982706181112176E-03  3.07721365069090033E-04  3.16674510710003019E-07  0.00000000000000000E+00  0.00000000000000000E+00
  618.000000  1.89741294775060442E+03  1.86502309466260522E+03  2.86368757651020793E+01  3.74400812138958194E+00  8.67547780425543917E-03  2.93425583447459335E-04  2.98119902681878927E-07  0.00000000000000000E+00  0.00000000000000000E+00
  620.000000  1.85723259539349760E+03  1.82594295060946956E+03  2.76638096541925051E+01  3.61728171967362178E+00  8.27326157164852069E-03  2.79867848266645289E-04  2.80742032454480581E-07  0.00000000000000000E+00  0.00000000000000000E+00
  622.000000  1.81823127540829637E+03  1.78799733066971112E+03  2.67301738909047693E+01  3.49561168598403160E+00  7.89189120701828430E-03  2.67006029206656866E-04  2.64460223602005574E-07  0.00000000000000000E+00  0.00000000000000000E+00
  624.000000  1.78036422161681685E+03  1.75114358827514116E+03  2.58340846179600980E+01  3.37876351112786466E+00  7.53016274668532118E-03  2.54800641077276401E-04  2.49199772675962045E-07  0.00000000000000000E+00  0.00000000000000000E+00
  626.000000  1.74358874978671338E+03  1.71534104145072251E+03  2.49737627903824269E+01  3.26651514658834596E+00  7.18694946659312762E-03  2.43214662221393559E-04  2.34891472171500614E-07  0.00000000000000000E+00  0.00000000000000000E+00
  628.000000  1.70786414388511912E+03  1.68055086652239061E+03  2.41475274742348809E+01  3.15865625725770682E+00  6.86119639831722812E-03  2.32213366460934996E-04  2.21471174530110760E-07  0.00000000000000000E+00  0.00000000000000000E+00
  630.000000  1.67315154940582170E+03  1.64673599836235780E+03  2.33537896311553723E+01  3.05498752398752726E+00  6.55191527411156088E-03  2.21764167498417669E-04  2.08879393407422844E-07  0.00000000000000000E+00  0.00000000000000000E+00
  632.000000  1.63941387328182213E+03  1.61386103672683157E+03  2.25910463492703286E+01  2.95531999232008857E+00  6.25817986419196538E-03  2.11836474776585392E-04  1.97060938754213707E-07  0.00000000000000000E+00  0.00000000000000000E+00
  634.000000  1.60661568993102060E+03  1.58189215827317935E+03  2.18578754845944054E+01  2.85947446404962724E+00  5.97912167289546895E-03  2.02401559886887994E-04  1.85964582646325371E-07  0.00000000000000000E+00  0.00000000000000000E+00
  636.000000  1.57472315301725484E+03  1.55079703387456266E+03  2.11529306802274988E+01  2.76728092852582463E+00  5.71392596345249304E-03  1.93432432693813966E-04  1.75542753071632044E-07  0.00000000000000000E+00  0.00000000000000000E+00
  638.000000  1.54370391253963089E+03  1.52054475087768037E+03  2.04749367335372661E+01  2.67857803085210078E+00  5.46182808387838965E-03  1.84903726410873796E-04  1.65751253161688006E-07  0.00000000000000000E+00  0.00000000000000000E+00
  640.000000  1.51352703689189502E+03  1.49110573997521283E+03  1.98226852841209435E+01  2.59321257435212216E+00  5.22211006901829485E-03  1.76791590932366173E-04  1.56549003604737312E-07  0.00000000000000000E+00  0.00000000000000000E+00
  642.000000  1.48416293955942865E+03  1.46245170638787408E+03  1.91950307976874690E+01  2.51103905487955537E+00  4.99409749601101727E-03  1.69073593778167828E-04  1.47897806175283863E-07  0.00000000000000000E+00  0.00000000000000000E+00
  644.000000  1.45558331014652549E+03  1.43455556507368533E+03  1.85908868231440785E+01  2.43191922473334143E+00  4.77715657249532747E-03  1.61728628068000393E-04  1.39762126529232126E-07  0.00000000000000000E+00  0.00000000000000000E+00
  646.000000  1.42776104944791427E+03  1.40739137970134266E+03  1.80092225020874217E+01  2.35572168410940685E+00  4.57069143870819910E-03  1.54736826982314324E-04  1.32108894584972409E-07  0.00000000000000000E+00  0.00000000000000000E+00
  648.000000  1.40067020830002775E+03  1.38093430514412785E+03  1.74490593116633015E+01  2.28232149817823649E+00  4.37414166629093541E-03  1.48079484220437065E-04  1.24907320953643814E-07  0.00000000000000000E+00  0.00000000000000000E+00
  650.000000  1.37428592996648581E+03  1.35516053326807105E+03  1.69094680233467507E+01  2.21159983802116589E+00  4.18697993812365901E-03  1.41738979999326620E-04  1.18128728042441848E-07  0.00000000000000000E+00  0.00000000000000000E+00
  652.000000  1.34858439582829033E+03  1.33004724180252742E+03  1.63895658616206603E+01  2.14344364378863173E+00  4.00870989486214364E-03  1.35698712176540330E-04  1.11746394572959555E-07  0.00000000000000000E+00  0.00000000000000000E+00
  654.000000  1.32354277416804121E+03  1.30557254609869210E+03  1.58885138478768368E+01  2.07774530856927253E+00  3.83886413509393386E-03  1.29943032115344332E-04  1.05735412373477723E-07  0.00000000000000000E+00  0.00000000000000000E+00
  656.000000  1.29913917184991260E+03  1.28171545359270499E+03  1.54055143160260641E+01  2.01440238156689677E+00  3.67700235713801574E-03  1.24457184937117071E-04  1.00072554407588809E-07  0.00000000000000000E+00  0.00000000000000000E+00
  658.000000  1.27535258871255837E+03  1.25845582080423583E+03  1.49398085874132693E+01  1.95331728928772441E+00  3.52270963153695571E-03  1.19227253840399467E-04  9.47361530901232017E-08  0.00000000000000000E+00  0.00000000000000000E+00
  660.000000  1.25216287450391133E+03  1.23577431271215346E+03  1.44906747936153462E+01  1.89439707353438402E+00  3.37559479420051047E-03  1.14240108183520062E-04  8.97059880478960261E-08  0.00000000000000000E+00  0.00000000000000000E+00
  662.000000  1.22955068819954772E+03  1.21365236436057512E+03  1.40574258366123832E+01  1.83755314509101586E+00  3.23528895101014456E-03  1.09483355059680721E-04  8.49631825174474541E-08  0.00000000000000000E+00  0.00000000000000000E+00
  664.000000  1.20749745955621961E+03  1.19207214455764347E+03  1.36394074766424023E+01  1.78270105206413421E+00  3.10144408544395494E-03  1.04945294108695669E-04  8.04901076915659451E-08  0.00000000000000000E+00  0.00000000000000000E+00
  666.000000  1.18598535276312214E+03  1.17101652153948544E+03  1.32359965388108360E+01  1.72976026191847709E+00  2.97373176148338705E-03  1.00614875332498782E-04  7.62702943503213409E-08  0.00000000000000000E+00  0.00000000000000000E+00
  668.000000  1.16499723206233853E+03  1.15046903047994488E+03  1.28465992302152046E+01  1.67865395631589198E+00  2.85184191468988799E-03  9.64816596985538545E-05  7.22883511817266650E-08  0.00000000000000000E+00  0.00000000000000000E+00
  670.000000  1.14451662921834031E+03  1.13041384273440372E+03  1.24706495599721094E+01  1.62930883792753556E+00  2.73548172491984865E-03  9.25357823329848062E-05  6.85298892630270631E-08  0.00000000000000000E+00  0.00000000000000000E+00
  672.000000  1.12452771272551081E+03  1.11083573671446948E+03  1.21076078551268278E+01  1.58165494845029642E+00  2.62437456466824192E-03  8.87679181177978649E-05  6.49814521965086161E-08  0.00000000000000000E+00  0.00000000000000000E+00
  674.000000  1.10501525864896212E+03  1.09172007029601173E+03  1.17569593659426364E+01  1.53562549711031626E+00  2.51825901751535864E-03  8.51692495255213769E-05  6.16304514427807671E-08  0.00000000000000000E+00  0.00000000000000000E+00
  676.000000  1.08596462300106532E+03  1.07305275466965782E+03  1.14182129545571929E+01  1.49115669898705927E+00  2.41688796158296944E-03  8.17314365310123678E-05  5.84651064583145344E-08  0.00000000000000000E+00  0.00000000000000000E+00
  678.000000  1.06736171556307886E+03  1.05482022954931836E+03  1.10908998614462728E+01  1.44818762253817779E+00  2.32002771331588737E-03  7.84465884580029754E-05  5.54743892344721921E-08  0.00000000000000000E+00  0.00000000000000000E+00
  680.000000  1.04919297506692419E+03  1.03700943965952138E+03  1.07745725445419644E+01  1.40666004574782111E+00  2.22745722726504225E-03  7.53072376251219880E-05  5.26479729050696004E-08  0.00000000000000000E+00  0.00000000000000000E+00
  682.000000  1.03144534565702929E+03  1.01960781242680719E+03  1.04688035862237196E+01  1.36651832035970311E+00  2.13896734788455393E-03  7.23063146672346874E-05  4.99761841051381592E-08  0.00000000000000000E+00  0.00000000000000000E+00
  684.000000  1.01410625455869138E+03  1.00260323680655017E+03  1.01731846637615337E+01  1.32770924369477750E+00  2.05436010966800458E-03  6.94371254171467263E-05  4.74499587771170722E-08  0.00000000000000000E+00  0.00000000000000000E+00
  686.000000  9.97163590882692461E+02  9.85984043179540322E+02  9.88732557909480647E+00  1.29018193758511779E+00  1.97344808222480253E-03  6.66933292419133076E-05  4.50608011733276390E-08  0.00000000000000000E+00  0.00000000000000000E+00
  688.000000  9.80605685501330072E+02  9.69738984257729726E+02  9.61085334413488113E+00  1.25388773398872955E+00  1.89605375715841732E-03  6.40689187337782200E-05  4.28007458008259653E-08  0.00000000000000000E+00  0.00000000000000000E+00
  690.000000  9.64421291934926558E+02  9.53857216942163518E+02  9.34341131804774960E+00  1.21878006687844120E+00  1.82200897384923450E-03  6.15582006656289116E-05  4.06623220782320628E-08  0.00000000000000000E+00  0.00000000000000000E+00
  692.000000  9.48599568191365393E+02  9.38328285079322313E+02  9.08465839321990742E+00  1.18481437002493606E+00  1.75115438145517972E-03  5.91557781248850336E-05  3.86385215139139231E-08  0.00000000000000000E+00  0.00000000000000000E+00
  694.000000  9.33130059505378995E+02  9.23142103066021150E+02  8.83426822684699431E+00  1.15194798031972301E+00  1.68333893465246170E-03  5.68565337479884331E-05  3.67227671962188673E-08  0.00000000000000000E+00  0.00000000000000000E+00
  696.000000  9.18002681927068238E+02  9.08288940255526086E+02  8.59192851529210699E+00  1.12014004630636688E+00  1.61841942081474661E-03  5.46556139821550527E-05  3.49088854363943372E-08  0.00000000000000000E+00  0.00000000000000000E+00
  698.000000  9.03207706712889603E+02  8.93759406121093321E+02  8.35734030856341903E+00  1.08935144161084829E+00  1.55626001650502983E-03  5.25484143061998404E-05  3.31910793937667620E-08  0.00000000000000000E+00  0.00000000000000000E+00
  700.000000  8.88735745474315422E+02  8.79544436134899684E+02  8.13021736243428883E+00  1.05954468298089588E+00  1.49673187130445334E-03  5.05305653475709079E-05  3.15639045432409740E-08  0.00000000000000000E+00  0.00000000000000000E+00
  702.000000  8.74577736043142068E+02  8.65635278323911962E+02  7.91028552590690648E+00  1.03068385266400475E+00  1.43971271715397022E-03  4.85979198374577917E-05  3.00222458362944996E-08  0.00000000000000000E+00  0.00000000000000000E+00
  704.000000  8.60724929014199574E+02  8.52023480465856665E+02  7.69728216186923486E+00  1.00273452487054149E+00  1.38508650150595547E-03  4.67465403486749462E-05  2.85612964473819993E-08  0.00000000000000000E+00  0.00000000000000000E+00
  706.000000  8.47168874928847686E+02  8.38700877890913944E+02  7.49095559894200314E+00  9.75663696084650534E-01  1.33274304271733830E-03  4.49726877660196143E-05  2.71765379737522794E-08  0.00000000000000000E+00  0.00000000000000000E+00
  708.000000  8.33901412064899318E+02  8.25659581856871682E+02  7.29106461264630390E+00  9.49439719000962246E-01  1.28257770621822433E-03  4.32728104423026522E-05  2.58637219915740404E-08  0.00000000000000000E+00  0.00000000000000000E+00
  710.000000  8.20914654800155972E+02  8.12891968466882759E+02  7.09737793414186058E+00  9.24032239878497474E-01  1.23449110009868444E-03  4.16435339953415034E-05  2.46188528680362238E-08  0.00000000000000000E+00  0.00000000000000000E+00
  712.000000  8.08200982519813692E+02  8.00390668101906954E+02  6.90967378491059137E+00  8.99412139117383713E-01  1.18838878885350169E-03  4.00816517057824771E-05  2.34381717355962433E-08  0.00000000000000000E+00  0.00000000000000000E+00
  714.000000  7.95753029038464319E+02  7.88148555340275720E+02  6.72773943585569967E+00  8.75551474875055691E-01  1.14418102410847843E-03  3.85841154773402368E-05  2.23181415488274910E-08  0.00000000000000000E+00  0.00000000000000000E+00
  716.000000  7.83563672509861931E+02  7.76158739339146337E+02  6.55137078939128781E+00  8.52423429550302370E-01  1.10178249123921092E-03  3.71480273238302617E-05  2.12554331435436459E-08  0.00000000000000000E+00  0.00000000000000000E+00
  718.000000  7.71626025798938031E+02  7.64414554653826713E+02  6.38037198318795706E+00  8.30002258974308127E-01  1.06111207086457692E-03  3.57706313503630059E-05  2.02469122280065400E-08  0.00000000000000000E+00  0.00000000000000000E+00
  720.000000  7.59933427292484453E+02  7.52909552472787709E+02  6.21455501432872115E+00  8.08263244157927829E-01  1.02209261427102841E-03  3.44493061969789539E-05  1.92896272400008791E-08  0.00000000000000000E+00  0.00000000000000000E+00
  722.000000  7.48479432125584481E+02  7.41637492246758029E+02  6.05373938270299838E+00  7.87182645452962015E-01  9.84650731885479847E-04  3.31815579173308373E-05  1.83807980059370916E-08  0.00000000000000000E+00  0.00000000000000000E+00
  724.000000  7.37257803802337207E+02  7.30592333691675776E+02  5.89775175254216055E+00  7.66737658994033788E-01  9.48716593976891491E-04  3.19650132638827456E-05  1.75178051521814424E-08  0.00000000000000000E+00  0.00000000000000000E+00
  726.000000  7.26262506191441730E+02  7.19768229147215720E+02  5.74642563107500415E+00  7.46906375296515823E-01  9.14223742821324232E-04  3.07974133559856740E-05  1.66981802069727913E-08  0.00000000000000000E+00  0.00000000000000000E+00
  728.000000  7.15487695877002920E+02  7.09159516272332326E+02  5.59960106333542829E+00  7.27667739892105092E-01  8.81108915617274946E-04  2.96766077063861407E-05  1.59195963530862861E-08  0.00000000000000000E+00  0.00000000000000000E+00
  730.000000  7.04927714847257448E+02  6.98760711061536085E+02  5.45712434222354048E+00  7.09001515891967693E-01  8.49311877485722159E-04  2.86005485848322243E-05  1.51798597809082406E-08  0.00000000000000000E+00  0.00000000000000000E+00
  732.000000  6.94577083503881113E+02  6.88566501165511795E+02  5.31884773296978164E+00  6.90888248372900526E-01  8.18775263933830839E-04  2.75672856982808582E-05  1.44769016025365291E-08  0.00000000000000000E+00  0.00000000000000000E+00
  734.000000  6.84430493976329103E+02  6.78571739501428397E+02  5.18462921120965436E+00  6.73309230488955746E-01  7.89444432202496488E-04  2.65749611682010910E-05  1.38087702871860915E-08  0.00000000000000000E+00  0.00000000000000000E+00
  736.000000  6.74482803725961844E+02  6.68771438138525582E+02  5.05433221392065857E+00  6.56246471216170857E-01  7.61267320956675667E-04  2.56218047876995160E-05  1.31736245837334160E-08  0.00000000000000000E+00  0.00000000000000000E+00
  738.000000  6.64729029425641556E+02  6.59160762445461842E+02  4.92782540251912682E+00  6.39682664643510535E-01  7.34194317811462231E-04  2.47061295409638664E-05  1.25697268964399123E-08  0.00000000000000000E+00  0.00000000000000000E+00
  740.000000  6.55164341101545574E+02  6.49735025486901009E+02  4.80498243745900400E+00  6.23601160728459503E-01  7.08178134222701267E-04  2.38263273702174198E-05  1.19954370822326431E-08  0.00000000000000000E+00  0.00000000000000000E+00
  742.000000  6.45784056524557172E+02  6.40489682657402227E+02  4.68568176371290246E+00  6.07985937440336022E-01  6.83173687298426315E-04  2.29808651749334724E-05  1.14492066418104894E-08  0.00000000000000000E+00  0.00000000000000000E+00
  744.000000  6.36583635838731198E+02  6.31420326540765245E+02  4.56980640654895431E+00  5.92821574218286740E-01  6.59137988118402816E-04  2.21682810296834875E-05  1.09295732796589940E-08  0.00000000000000000E+00  0.00000000000000000E+00
  746.000000  6.27558676416060280E+02  6.22522681984673227E+02  4.45724377705896657E+00  5.78093226676104632E-01  6.36030036174817692E-04  2.13871806078798517E-05  1.04351558048144249E-08  0.00000000000000000E+00  0.00000000000000000E+00
  748.000000  6.18704907926273108E+02  6.13792601379948337E+02  4.34788548691781784E+00  5.63786602488833166E-01  6.13810719571981434E-04  2.06362337994406200E-05  9.96464935238281630E-09  0.00000000000000000E+00  0.00000000000000000E+00
  750.000000  6.10018187611799249E+02  6.05226060135099601E+02  4.24162717189013083E+00  5.49887938400667631E-01  5.92442720645375287E-04  1.99141715108337735E-05  9.51682090433015247E-09  0.00000000000000000E+00  0.00000000000000000E+00
  752.000000  6.01494495758139351E+02  5.96819152336917796E+02  4.13836832362521623E+00  5.36383978296522179E-01  5.71890426683528382E-04  1.92197826371030236E-05  9.09050508682522262E-09  0.00000000000000000E+00  0.00000000000000000E+00
  754.000000  5.93129931350146308E+02  5.88568086588115989E+02  4.03801212930635689E+00  5.23261952282779608E-01  5.52119845454101805E-04  1.85519111960174859E-05  8.68460023106064982E-09  0.00000000000000000E+00  0.00000000000000000E+00
  756.000000  5.84920707906195958E+02  5.80469182014440435E+02  3.94046531875192318E+00  5.10509556726606140E-01  5.33098525255717038E-04  1.79094536145437823E-05  8.29806467527515794E-09  0.00000000000000000E+00  0.00000000000000000E+00
  758.000000  5.76863149481494816E+02  5.72518864432943587E+02  3.84563801858090315E+00  4.98114935204954756E-01  5.14795479234278312E-04  1.72913561597118550E-05  7.92991329523626953E-09  0.00000000000000000E+00  0.00000000000000000E+00
  760.000000  5.68953686832854373E+02  5.64713662674149305E+02  3.75344361308173413E+00  4.86066660317714561E-01  4.97181113718256243E-04  1.66966125049209391E-05  7.57921424638445562E-09  0.00000000000000000E+00  0.00000000000000000E+00
  762.000000  5.61188853737714794E+02  5.57050205051281637E+02  3.66379861144423424E+00  4.74353716321971153E-01  4.80227160342972415E-04  1.61242614244562710E-05  7.24508590597209325E-09  0.00000000000000000E+00  0.00000000000000000E+00
  764.000000  5.53565283460101909E+02  5.49525215969602641E+02  3.57662252103004175E+00  4.62965482546296769E-01  4.63906611747725867E-04  1.55733846086493125E-05  6.92669400101198664E-09  0.00000000000000000E+00  0.00000000000000000E+00
  766.000000  5.46079705357002581E+02  5.42135512669689206E+02  3.49183772637822853E+00  4.51891717546585581E-01  4.48193660643485335E-04  1.50431045931692711E-05  6.62324890932472672E-09  0.00000000000000000E+00  0.00000000000000000E+00
  768.000000  5.38728941618939189E+02  5.34878002098754109E+02  3.40936937365931803E+00  4.41122543967009673E-01  4.33063642060829712E-04  1.45325827959261873E-05  6.33400312427874112E-09  0.00000000000000000E+00  0.00000000000000000E+00
  770.000000  5.31509904138546290E+02  5.27749677904115856E+02  3.32914526030457569E+00  4.30648434071421671E-01  4.18492978598724967E-04  1.40410176555366006E-05  6.05824887203003933E-09  0.00000000000000000E+00  0.00000000000000000E+00
  772.000000  5.24419591501472155E+02  5.20747617543438764E+02  3.25109572955426174E+00  4.20460195912475243E-01  4.04459128506886960E-04  1.35676428656928478E-05  5.79531587135346208E-09  0.00000000000000000E+00  0.00000000000000000E+00
  774.000000  5.17455086094243484E+02  5.13868979506646838E+02  3.17515356968221596E+00  4.10548960107613659E-01  3.90940536443560628E-04  1.31117257003597652E-05  5.54456922712270652E-09  0.00000000000000000E+00  0.00000000000000000E+00
  776.000000  5.10613551324008540E+02  5.07111000644690421E+02  3.10125391766790326E+00  4.00906167192625562E-01  3.77916586760261260E-04  1.26725654245320260E-05  5.30540744895091599E-09  0.00000000000000000E+00  0.00000000000000000E+00
  778.000000  5.03892228944997271E+02  5.00470993600247368E+02  3.02933416709685810E+00  3.91523555524854294E-01  3.65367559173849056E-04  1.22494917859147790E-05  5.07726058815581927E-09  0.00000000000000000E+00  0.00000000000000000E+00
  780.000000  4.97288436487290539E+02  4.93946344336185177E+02  2.95933388008569054E+00  3.82393149709880587E-01  3.53274586694760963E-04  1.18418635831811539E-05  4.85958848342938496E-09  0.00000000000000000E+00  0.00000000000000000E+00
  782.000000  4.90799564783338838E+02  4.87534509757440844E+02  2.89119470303638826E+00  3.73507249526732643E-01  3.41619615687823570E-04  1.14490673066342718E-05  4.65187911058879815E-09  0.00000000000000000E+00  0.00000000000000000E+00
  784.000000  4.84423075588070390E+02  4.81233015422369022E+02  2.82486028603595196E+00  3.64858419327978856E-01  3.30385367949253520E-04  1.10705158472180980E-05  4.45364702906576818E-09  0.00000000000000000E+00  0.00000000000000000E+00
  786.000000  4.78156499288461248E+02  4.75039453339626391E+02  2.76027620572631260E+00  3.56439477892237899E-01  3.19555304690347889E-04  1.07056472703750495E-05  4.26443191896491188E-09  0.00000000000000000E+00  0.00000000000000000E+00
  788.000000  4.71997432698912348E+02  4.68951479847124460E+02  2.69738989148016639E+00  3.48243488707988047E-01  3.09113592325010132E-04  1.03539236510657497E-05  4.08379720325638781E-09  0.00000000000000000E+00  0.00000000000000000E+00
  790.000000  4.65943536938644229E+02  4.62966813569439410E+02  2.63615055472533122E+00  3.40263750668374665E-01  2.99045069963682424E-04  1.00148299668626445E-05  3.91132874997736171E-09  0.00000000000000000E+00  0.00000000000000000E+00
  792.000000  4.59992535387675559E+02  4.57083233450410205E+02  2.57650912126921527E+00  3.32493789157959241E-01  2.89335218522225590E-04  9.68787304590419198E-06  3.74663364935675731E-09  0.00000000000000000E+00  0.00000000000000000E+00
  794.000000  4.54142211718157569E+02  4.51298576857859871E+02  2.51841816648311934E+00  3.24927347513271125E-01  2.79970131359664836E-04  9.37258056671411979E-06  3.58933906212311319E-09  0.00000000000000000E+00  0.00000000000000000E+00
  796.000000  4.48390407997807472E+02  4.45610737757329900E+02  2.46183185321218234E+00  3.17558378839831512E-01  2.70936486363271159E-04  9.06850010743314908E-06  3.43909113264096459E-09  0.00000000000000000E+00  0.00000000000000000E+00
  798.000000  4.42735022862493281E+02  4.40017664952026053E+02  2.40670587228465482E+00  3.10381038169395773E-01  2.62221519404490591E-04  8.77519824150732291E-06  3.29555396534761690E-09  0.00000000000000000E+00  0.00000000000000000E+00
  800.000000  4.37174009755096392E+02  4.34517360386237328E+02  2.35299738550012227E+00  3.03389674941755783E-01  2.53812999093313467E-04  8.49225967760628600E-06  3.15840865905892725E-09  0.00000000000000000E+00  0.00000000000000000E+00
  802.000000  4.31705375227941715E+02  4.29107877509645959E+02  2.30066497098274025E+00  2.96578825796428858E-01  2.45699202762659141E-04  8.21928644140802643E-06  3.02735239639510040E-09  0.00000000000000000E+00  0.00000000000000000E+00
  804.000000  4.26327177306169347E+02  4.23787319700025364E+02  2.24966857079101290E+00  2.89943207660132984E-01  2.37868893618878676E-04  7.95589709704311766E-06  2.90209758463865404E-09  0.00000000000000000E+00  0.00000000000000000E+00
  806.000000  4.21037523909495462E+02  4.18553838741890672E+02  2.19996944068077793E+00  2.83477711116673692E-01  2.30311298996929237E-04  7.70172600612412335E-06  2.78237104517062935E-09  0.00000000000000000E+00  0.00000000000000000E+00
  808.000000  4.15834571330194649E+02  4.13405633359042838E+02  2.15153010192485183E+00  2.77177394046698222E-01  2.23016089663599307E-04  7.45642262255281138E-06  2.66791324842121697E-09  0.00000000000000000E+00  0.00000000000000000E+00
  810.000000  4.10716522764759532E+02  4.08340947798570198E+02  2.10431429509483880E+00  2.71037475525058025E-01  2.15973360113793332E-04  7.21965082100435788E-06  2.55847759183682182E-09  0.00000000000000000E+00  0.00000000000000000E+00
  812.000000  4.05681626897289902E+02  4.03358070464455466E+02  2.05828693571808508E+00  2.65053329964462181E-01  2.09173609809302417E-04  6.99108825759266465E-06  2.45382971843913002E-09  0.00000000000000000E+00  0.00000000000000000E+00
  814.000000  4.00728176532511668E+02  3.98455332598786867E+02  2.01341407172556730E+00  2.59220481494447430E-01  2.02607725311493422E-04  6.77042576097627648E-06  2.35374687272055276E-09  0.00000000000000000E+00  0.00000000000000000E+00
  816.000000  3.95854507276282959E+02  3.93631107008519677E+02  1.96966284261008084E+00  2.53534598565229530E-01  1.96266963262018551E-04  6.55736675235288471E-06  2.25801729285618905E-09  0.00000000000000000E+00  0.00000000000000000E+00
  818.000000  3.91058996262014887E+02  3.88883806836300494E+02  1.92700144022042807E+00  2.47991488766670265E-01  1.90142934168661260E-04  6.35162669285348579E-06  2.16643963667101769E-09  0.00000000000000000E+00  0.00000000000000000E+00
  820.000000  3.86340060920866790E+02  3.84211884373297949E+02  1.88539907111767935E+00  2.42587093852802443E-01  1.84227586955236337E-04  6.15293255701733308E-06  2.07882243850370242E-09  0.00000000000000000E+00  0.00000000000000000E+00
  822.000000  3.81696157794247142E+02  3.79613829912646565E+02  1.84482592042603533E+00  2.37317484963058323E-01  1.78513194237002557E-04  5.96102233093319788E-06  1.99498359704771172E-09  0.00000000000000000E+00  0.00000000000000000E+00
  824.000000  3.77125781386827555E+02  3.75088170641786178E+02  1.80525311711220549E+00  2.32178858031611063E-01  1.72992338285051298E-04  5.77564453395406731E-06  1.91474989026058956E-09  0.00000000000000000E+00  0.00000000000000000E+00
  826.000000  3.72627463058564786E+02  3.70633469572263323E+02  1.76665270063138102E+00  2.27167529376707811E-01  1.67657897645029607E-04  5.59655776260528022E-06  1.83795651744784376E-09  0.00000000000000000E+00  0.00000000000000000E+00
  828.000000  3.68199769954197620E+02  3.66248324505525943E+02  1.72899758888033972E+00  2.22279931462259661E-01  1.62503034377647009E-04  5.42353025579139389E-06  1.76444666608108057E-09  0.00000000000000000E+00  0.00000000000000000E+00
  830.000000  3.63841303968816874E+02  3.61931367033375693E+02  1.69226154740144863E+00  2.17512608824302983E-01  1.57521181889742890E-04  5.25633948006204435E-06  1.69407110196608244E-09  0.00000000000000000E+00  0.00000000000000000E+00
  832.000000  3.59550700748068039E+02  3.57681261571697576E+02  1.65641915978346677E+00  2.12862214155267904E-01  1.52706033326835606E-04  5.09477173402023315E-06  1.62668778210754094E-09  0.00000000000000000E+00  0.00000000000000000E+00
  834.000000  3.55326628721625013E+02  3.53496704426163660E+02  1.62144579920766274E+00  2.08325504539315864E-01  1.48051530499275432E-04  4.93862177105185951E-06  1.56216148778625761E-09  0.00000000000000000E+00  0.00000000000000000E+00
  836.000000  3.51167788168899961E+02  3.49376422888929881E+02  1.58731760109153441E+00  2.03899337832491728E-01  1.43551853315718197E-04  4.78769243914989785E-06  1.50036347797301869E-09  0.00000000000000000E+00  0.00000000000000000E+00
  838.000000  3.47072910315531317E+02  3.45319174364922333E+02  1.55401143678229570E+00  1.99580669181418618E-01  1.39201409699001298E-04  4.64179433734826635E-06  1.44117116116507076E-09  0.00000000000000000E+00  0.00000000000000000E+00
  840.000000  3.43040756459442605E+02  3.41323745526556365E+02  1.52150488825563679E+00  1.95366547674702407E-01  1.34994825960920632E-04  4.50074548776664391E-06  1.38446778446650370E-09  0.00000000000000000E+00  0.00000000000000000E+00
  842.000000  3.39070117125833349E+02  3.37388951496293430E+02  1.48977622377942853E+00  1.91254113121759689E-01  1.30926937613396279E-04  4.36437102248280137E-06  1.33014213974735437E-09  0.00000000000000000E+00  0.00000000000000000E+00
  844.000000  3.35159811249329948E+02  3.33513635055316229E+02  1.45880437449886569E+00  1.87240592953352131E-01  1.26992780594923667E-04  4.23250288465512790E-06  1.27808828500690571E-09  0.00000000000000000E+00  0.00000000000000000E+00
  846.000000  3.31308685382906674E+02  3.29696665877969565E+02  1.42856891190728907E+00  1.83323299239136067E-01  1.23187582892091661E-04  4.10497954304576402E-06  1.22820528080465970E-09  0.00000000000000000E+00  0.00000000000000000E+00
  848.000000  3.27515612932261831E+02  3.25936939790697636E+02  1.39905002616436724E+00  1.79499625817184094E-01  1.19506756537396237E-04  3.98164571943104708E-06  1.18039694048829277E-09  0.00000000000000000E+00  0.00000000000000000E+00
  850.000000  3.23779493414722936E+02  3.22233378054588684E+02  1.37022850522670958E+00  1.75767045530902360E-01  1.15945889964887472E-04  3.86235212817694651E-06  1.13457159341490017E-09  0.00000000000000000E+00  0.00000000000000000E+00
  852.000000  3.20099251741957346E+02  3.18584926670843856E+02  1.34208571475796745E+00  1.72123107568998235E-01  1.12500740706688026E-04  3.74695522747889780E-06  1.09064186102020123E-09  0.00000000000000000E+00  0.00000000000000000E+00
  854.000000  3.16473837525483020E+02  3.14990555708198997E+02  1.31460357878594269E+00  1.68565434904222183E-01  1.09167228414315938E-04  3.63531698167368663E-06  1.04852444413351845E-09  0.00000000000000000E+00  0.00000000000000000E+00
  856.000000  3.12902224404139872E+02  3.11449258651495995E+02  1.28776456107607329E+00  1.65091721826880644E-01  1.05941428188723540E-04  3.52730463401461827E-06  1.00813992195100954E-09  0.00000000000000000E+00  0.00000000000000000E+00
  858.000000  3.09383409392885653E+02  3.07960051770799623E+02  1.26155164719265001E+00  1.61699731569300537E-01  1.02819564205414491E-04  3.42279048964684326E-06  9.69412560811110659E-10  0.00000000000000000E+00  0.00000000000000000E+00
  860.000000  3.05916412251870042E+02  3.04521973510046109E+02  1.23594832721884340E+00  1.58387294017495045E-01  9.97980036195307910E-05  3.32165170799214636E-06  9.32270133522009200E-10  0.00000000000000000E+00  0.00000000000000000E+00
  862.000000  3.02500274875495336E+02  3.01134083894960611E+02  1.21093857911053715E+00  1.55152303506667782E-01  9.68732507388218281E-05  3.22377010436138187E-06  8.96643747695503117E-10  0.00000000000000000E+00  0.00000000000000000E+00
  864.000000  2.99134060700232737E+02  2.97795463959043389E+02  1.18650685265643485E+00  1.51992716696999791E-01  9.40419414510308113E-05  3.12903196023757614E-06  8.62467682897853077E-10  0.00000000000000000E+00  0.00000000000000000E+00
  866.000000  2.95816854130925890E+02  2.94505215187382134E+02  1.16263805402169385E+00  1.48906550526660103E-01  9.13008378943373111E-05  3.03732784176313328E-06  8.29679236567667193E-10  0.00000000000000000E+00  0.00000000000000000E+00
  868.000000  2.92547759984833306E+02  2.91262458977568997E+02  1.13931753085132637E+00  1.45891880238934429E-01  8.86468233594292927E-05  2.94855242626430015E-06  7.98218577290112723E-10  0.00000000000000000E+00  0.00000000000000000E+00
  870.000000  2.89325902951866226E+02  2.88066336116973446E+02  1.11653105791060003E+00  1.42946837480466632E-01  8.60768974122247936E-05  2.86260433621799703E-06  0.00000000000000000E+00  0.00000000000000000E+00  0.00000000000000000E+00
  872.000000  2.86150427075303412E+02  2.84916006276036342E+02  1.09426482324198449E+00  1.40069608467909723E-01  8.35881712272375075E-05  2.77938598036838139E-06  0.00000000000000000E+00  0.00000000000000000E+00  0.00000000000000000E+00
  874.000000  2.83020495240506307E+02  2.81810647516802135E+02  1.07250541481736539E+00  1.37258432220172283E-01  8.11778631218049027E-05  2.69880340180353002E-06  0.00000000000000000E+00  0.00000000000000000E+00  0.00000000000000000E+00
  876.000000  2.79935288686923229E+02  2.78749455816342163E+02  1.05123980766678349E+00  1.34511598853796571E-01  7.88432942818577024E-05  2.62076613245757051E-06  0.00000000000000000E+00  0.00000000000000000E+00  0.00000000000000000E+00
  878.000000  2.76894006530979993E+02  2.75731644604504538E+02  1.03045535146476697E+00  1.31827447938953568E-01  7.65818846706075402E-05  2.54518705393350246E-06  0.00000000000000000E+00  0.00000000000000000E+00  0.00000000000000000E+00
  880.000000  2.73895865304005667E+02  2.72756444315404622E+02  1.01013975855604610E+00  1.29204366913664437E-01  7.43911491115898695E-05  2.47198226421188385E-06  0.00000000000000000E+00  0.00000000000000000E+00  0.00000000000000000E+00
  882.000000  2.70940098504068658E+02  2.69823101952345951E+02  9.90281092404148633E-01  1.26640789554054778E-01  7.22686935382146439E-05  2.40107095006519618E-06  0.00000000000000000E+00  0.00000000000000000E+00  0.00000000000000000E+00
  884.000000  2.68025956161154738E+02  2.66930880665623476E+02  9.70867756446136210E-01  1.24135194498433465E-01  7.02122114023139194E-05  2.33237526489526931E-06  0.00000000000000000E+00  0.00000000000000000E+00  0.00000000000000000E+00
  886.000000  2.65152704415244386E+02  2.64079059342782955E+02  9.51888483337863356E-01  1.21686103823127306E-01  6.82194802343905353E-05  2.26582021172936199E-06  0.00000000000000000E+00  0.00000000000000000E+00  0.00000000000000000E+00
  888.000000  2.62319625106823310E+02  2.61266932210888740E+02  9.33332324574583816E-01  1.19292081668077948E-01  6.62883583487314931E-05  2.20133353117756074E-06  0.00000000000000000E+00  0.00000000000000000E+00  0.00000000000000000E+00
  890.000000  2.59526015379523471E+02  2.58493808450512859E+02  9.15188640472972992E-01  1.16951732910331285E-01  6.44167816869335399E-05  2.13884559408070379E-06  0.00000000000000000E+00  0.00000000000000000E+00  0.00000000000000000E+00
  892.000000  2.56771187294373533E+02  2.55759011820939492E+02  8.97447090500352207E-01  1.14663701883573027E-01  6.26027607935042397E-05  2.07828929867998493E-06  0.00000000000000000E+00  0.00000000000000000E+00  0.00000000000000000E+00
  894.000000  2.54054467455276068E+02  2.53061880296218362E+02  8.80097623937888041E-01  1.12426671141925741E-01  6.08443779177916133E-05  2.01959997209223978E-06  0.00000000000000000E+00  0.00000000000000000E+00  0.00000000000000000E+00
  896.000000  2.51375196645427991E+02  2.50401765711796628E+02  8.63130470865478894E-01  1.10239360266404698E-01  5.91397842364991226E-05  1.96271527589408679E-06  0.00000000000000000E+00  0.00000000000000000E+00  0.00000000000000000E+00
  898.000000  2.48732729474276454E+02  2.47778033421335834E+02  8.46536133455945139E-01  1.08100524712384502E-01  5.74871971913821673E-05  1.90757511561601170E-06  0.00000000000000000E+00  0.00000000000000000E+00  0.00000000000000000E+00
  900.000000  2.46126434034534242E+02  2.45190061963251736E+02  8.30305377566527780E-01  1.06008954696484414E-01  5.58848979372265971E-05  1.85412155403590023E-06  0.00000000000000000E+00  0.00000000000000000E+00  0.00000000000000000E+00
