# Wavelength || Total || n=1 | n=2 | ...
  300.000000  2.28566807179629677E+03  2.06093899493629669E+03  1.17414391365541917E+02  1.06363163084489571E+02  7.71507663551183387E-01  1.79065963313262855E-01  8.97814904909337600E-04  5.07518064356106275E-05  2.16392177030408936E-07
  302.000000  2.41515883565602599E+03  2.18341741295057909E+03  1.21461771169852156E+02  1.09313020180703575E+02  7.86500283040824755E-01  1.79186672355433896E-01  8.94709281436293692E-04  4.94800763022834145E-05  2.10137573985635369E-07
  304.000000  2.55070704522675078E+03  2.31177936154245026E+03  1.25633397197675777E+02  1.12311574938913807E+02  8.02463525629643182E-01  1.79306876958939793E-01  8.92685744524518258E-04  4.82550212622797020E-05  2.04356184953856599E-07
  306.000000  2.69265235827592687E+03  2.44634617658562274E+03  1.29941537530959721E+02  1.15364725458868648E+02  8.19542247922329326E-01  1.79437328589365619E-01  8.91847005995567081E-04  4.70779146462637130E-05  1.99043264779826490E-07
  308.000000  2.84136086155523981E+03  2.58746381583411312E+03  1.34399808346946486E+02  1.18478811915853683E+02  8.37898259897206121E-01  1.79588749228001027E-01  8.92305135852804296E-04  4.59498692796242111E-05  1.94195558327035515E-07
  310.000000  2.99722740294627374E+03  2.73550494207300335E+03  1.39023374141635429E+02  1.21660661842380307E+02  8.57713708692368071E-01  1.79771934609202128E-01  8.94184249045756798E-04  4.48718928994888417E-05  1.89811719055578800E-07
  312.000000  3.16067817442412024E+03  2.89087120519063956E+03  1.43829190311174358E+02  1.24917644193106156E+02  8.79195201726179931E-01  1.79997872966085826E-01  8.97623670316451713E-04  4.38449440707642203E-05  1.85892764351326185E-07
  314.000000  3.33217357950428686E+03  3.05399574413352411E+03  1.48836298800359202E+02  1.28257733987161771E+02  9.02578865524409468E-01  1.80277883564996966E-01  9.02781719353029579E-04  4.28699902909811950E-05  1.82442589218952014E-07
  316.000000  3.51221142500751739E+03  3.22534593199306028E+03  1.54066190816190016E+02  1.31689589851652528E+02  9.28136597977925137E-01  1.80623780795139355E-01  9.09840302364669519E-04  4.19480704083791787E-05  1.79468565121850892E-07
  318.000000  3.70133048475373607E+03  3.40542638999774863E+03  1.59543255060279279E+02  1.35222647500992423E+02  9.56183855183818654E-01  1.81048071628943541E-01  9.19010556401072512E-04  4.10803641047147823E-05  1.76982258186057006E-07
  320.000000  3.90011449275500763E+03  3.59478229896169705E+03  1.65295336030895186E+02  1.38867233153438065E+02  9.87089428683537662E-01  1.81564197144625378E-01  9.30539876284952453E-04  4.02682721079060263E-05  1.75000311663324903E-07
  322.000000  4.10919663620578831E+03  3.79400303972090705E+03  1.71354435372805767E+02  1.42634702216614215E+02  1.02128782827151077E+00  1.82186832906389568E-01  9.44720771372689594E-04  3.95135121459866027E-05  0.00000000000000000E+00
  324.000000  4.32926463671105375E+03  4.00372619715412384E+03  1.77757601028067512E+02  1.46537610429777459E+02  1.05929510972256691E+00  1.82932268957757160E-01  9.61902166399117840E-04  3.88182376656037500E-05  0.00000000000000000E+00
  326.000000  4.56106652692469106E+03  4.22464196517475921E+03  1.84548065580010046E+02  1.50589927275478971E+02  1.10172930625537835E+00  1.83818898997017088E-01  9.82504001924194674E-04  3.81851893920820017E-05  0.00000000000000000E+00
  328.000000  4.80541726554146317E+03  4.45749799172142320E+03  1.91776718977998911E+02  1.54807305241939389E+02  1.14933708427194547E+00  1.84867861591662130E-01  1.00703634395775290E-03  3.76178945269152370E-05  0.00000000000000000E+00
  330.000000  5.06320636639231361E+03  4.70310470102901127E+03  1.99504035286516483E+02  1.59207424012872536E+02  1.20302892149994789E+00  1.86103896735911017E-01  1.03612474101833852E-03  3.71209358126799079E-05  0.00000000000000000E+00
  332.000000  5.33540677004070767E+03  4.96234111970690083E+03  2.07802623648084591E+02  1.63810436811067007E+02  1.26392611674770805E+00  1.87556513210944992E-01  1.07054437124010668E-03  3.67003246504597790E-05  0.00000000000000000E+00
  334.000000  5.62308523946242804E+03  5.23616119853262353E+03  2.16760648784185491E+02  1.68639558423991105E+02  1.33342447689941168E+00  1.89261613926948458E-01  1.11126677024605863E-03  3.63640320831919579E-05  0.00000000000000000E+00
  336.000000  5.92741459649611261E+03  5.52560052227515644E+03  2.26486479479272276E+02  1.73721853374242642E+02  1.41328190827382438E+00  1.91263811498768976E-01  1.15952490469290359E-03  3.61227643050512798E-05  0.00000000000000000E+00
  338.000000  6.24968803474581637E+03  5.83178301300208568E+03  2.37115095614969533E+02  1.79089312512232993E+02  1.50574091081881001E+00  1.93619809060684184E-01  1.21690552439500193E-03  3.59911250434965412E-05  0.00000000000000000E+00
  340.000000  6.59133519281528424E+03  6.15592636268917340E+03  2.48817047202735267E+02  1.84780354905369535E+02  1.61370308203783375E+00  1.96403463775499526E-01  1.28548279117095461E-03  3.59894011906638849E-05  0.00000000000000000E+00
  342.000000  6.95393731529251727E+03  6.49934208311591556E+03  2.61811154076429204E+02  1.90841977529366943E+02  1.74098285138754627E+00  1.99713558333045604E-01  1.36801472666437502E-03  3.61463583273437854E-05  0.00000000000000000E+00
  344.000000  7.33922975143093936E+03  6.86341622276518865E+03  2.76382694165065857E+02  1.97332959117854188E+02  1.89268470427168278E+00  2.03685943788460222E-01  1.46823115372651759E-03  3.65036165092664074E-05  0.00000000000000000E+00
  346.000000  7.74905182225427143E+03  7.24952726336599062E+03  2.92909613723731809E+02  2.04329027397326144E+02  2.07577700933042220E+00  2.08512417079864981E-01  1.59121877238042864E-03  3.71220394261666717E-05  0.00000000000000000E+00
  348.000000  8.18516589726661459E+03  7.65881632472317142E+03  3.11901351995858079E+02  2.11931989517426274E+02  2.29998182421650466E+00  2.14467423939068452E-01  1.74369416344773674E-03  3.80878392141601968E-05  0.00000000000000000E+00
  350.000000  8.64894858350026334E+03  8.09179793324516049E+03  3.34062260711404292E+02  2.20285372930556235E+02  2.57911911725723408E+00  2.21923790460864523E-01  1.93420514170428159E-03  3.95002803131328108E-05  0.00000000000000000E+00
  352.000000  9.14103591520669761E+03  8.54786639527680745E+03  3.60403368317054458E+02  2.29599848550692684E+02  2.93289508262947152E+00  2.31188710846041895E-01  2.17796212214024570E-03  4.13065437141443530E-05  0.00000000000000000E+00
  354.000000  9.66317445302072883E+03  9.02689986619001684E+03  3.92463799757748973E+02  2.40175962289108980E+02  3.39002320059463713E+00  2.42257920003117827E-01  2.50037950073534864E-03  4.32837576512734920E-05  0.00000000000000000E+00
  356.000000  1.02177552481253333E+04  9.52873541632204433E+03  4.32666494290134210E+02  2.52108063458564374E+02  3.98637279197762151E+00  2.55930796772993630E-01  2.92394137910925419E-03  4.65244601581123762E-05  0.00000000000000000E+00
  358.000000  1.07945923873166284E+04  1.00393419567971832E+04  4.85064380541662103E+02  2.65191376948297659E+02  4.72190896331097498E+00  2.69319558116805635E-01  3.39427031365048884E-03  5.02377444005330432E-05  0.00000000000000000E+00
  360.000000  1.14272313381103122E+04  1.05842620916603810E+04  5.56604139590611112E+02  2.80548283006863983E+02  5.53158515355146285E+00  2.81457058549229866E-01  3.72967327194909581E-03  5.19670857712960162E-05  0.00000000000000000E+00
  362.000000  1.21671911434510803E+04  1.12034917136093773E+04  6.57012523079582593E+02  2.99697246654828973E+02  6.68971299156629939E+00  2.95691070263888300E-01  4.20424069301160788E-03  5.18047683633556349E-05  0.00000000000000000E+00
  364.000000  1.29981174955684946E+04  1.18595956199167231E+04  8.04161265007661541E+02  3.25370498354378242E+02  8.66373488439144523E+00  3.21054594396794180E-01  5.26880839431917176E-03  5.40025502156497367E-05  0.00000000000000000E+00
  366.000000  1.39197780777492371E+04  1.25120663493507836E+04  1.03205034688272235E+03  3.63422371027211000E+02  1.18629171703182710E+01  3.68935880347975420E-01  7.09594523357644572E-03  6.14926218117887996E-05  0.00000000000000000E+00
  368.000000  1.49497223608655404E+04  1.31102698789957449E+04  1.39710217452923212E+03  4.24890764924685470E+02  1.69943562639892356E+01  4.55088676728069186E-01  1.00207575265961468E-02  7.67176327600351009E-05  0.00000000000000000E+00
  370.000000  1.61033320268637617E+04  1.35998404548829149E+04  1.95232627192303357E+03  5.25765235851223451E+02  2.47844677274949667E+01  6.01087332053670487E-01  1.44061804234716651E-02  1.02966615902141411E-04  0.00000000000000000E+00
  372.000000  1.73674809593663776E+04  1.41173038567861749E+04  2.56484168182929216E+03  6.50776852268134803E+02  3.37563856604498369E+01  7.82638409362431786E-01  1.94089898170691812E-02  1.35423143430048079E-04  0.00000000000000000E+00
  374.000000  1.83920466372767514E+04  1.48932940505511233E+04  2.75320194206777751E+03  7.07221970716125156E+02  3.74322719984085879E+01  8.74855388319910610E-01  2.13936275617204706E-02  1.52927439398884189E-04  0.00000000000000000E+00
  376.000000  1.87473527813627588E+04  1.57728930041228850E+04  2.32889590548437218E+03  6.13547777391970385E+02  3.12506932615743942E+01  7.47594460744556821E-01  1.76757193182880586E-02  1.30921894214551407E-04  0.00000000000000000E+00
  378.000000  1.90118688417613666E+04  1.68045871594662021E+04  1.72678999956253801E+03  4.58744307162628047E+02  2.12364410018866430E+01  4.99074496151644953E-01  1.17760084104683513E-02  8.40635527223444404E-05  0.00000000000000000E+00
  380.000000  1.96688534621555009E+04  1.80016308832355789E+04  1.28535230213995783E+03  3.67864930782869806E+02  1.36663776855447949E+01  3.31537801532375331E-01  7.37956180583604522E-03  5.09482073628547661E-05  0.00000000000000000E+00
  382.000000  2.06287793325226012E+04  1.92681764788848413E+04  1.01849761284918384E+03  3.32820579394240269E+02  9.02968030984788683E+00  2.50220716246871921E-01  4.72630951577317909E-03  3.40587301228205381E-05  0.00000000000000000E+00
  384.000000  2.17646924849852840E+04  2.05719941814830054E+04  8.62307296015329712E+02  3.23922630819574181E+02  6.25264612918496621E+00  2.12544685080414103E-01  3.16017948162445553E-03  2.56736282955561355E-05  0.00000000000000000E+00
  386.000000  2.30138239329029275E+04  2.19126367200788482E+04  7.70101837023373719E+02  3.26353926944122236E+02  4.53439123733481608E+00  1.94831698087158500E-01  2.20464453023115235E-03  2.12766300742329588E-05  0.00000000000000000E+00
  388.000000  2.43466907938587101E+04  2.32938700925256635E+04  7.15298244243460090E+02  3.33909910001186972E+02  3.42437468763882835E+00  1.86557974900776663E-01  1.59561530128482184E-03  1.88105607972276400E-05  0.00000000000000000E+00
  390.000000  2.57468055030363321E+04  2.47169467175505597E+04  6.83099546126479254E+02  3.43897808531323847E+02  2.67724407013493382E+00  1.82978423416644748E-01  1.19100109463056826E-03  1.73333212234371166E-05  0.00000000000000000E+00
  392.000000  2.72019260464241524E+04  2.61795715711655466E+04  6.64981409719615385E+02  3.55034454763031988E+02  2.15587352302740909E+00  1.81808616161176662E-01  9.12248927017775637E-04  1.63878435653220068E-05  0.00000000000000000E+00
  394.000000  2.87002764593776119E+04  2.76759175512607835E+04  6.55768807402905281E+02  3.66627021500332546E+02  1.78048735554639159E+00  1.81861985306554341E-01  7.14135236346745850E-04  1.57375008463724645E-05  0.00000000000000000E+00
  396.000000  3.02288117296318414E+04  2.91967584139715364E+04  6.52127319605504454E+02  3.78240220067813198E+02  1.50271906487160734E+00  1.82472140554625240E-01  5.69529509316940336E-04  1.52520540383447310E-05  0.00000000000000000E+00
  398.000000  3.17724231828552183E+04  3.07296230460818624E+04  6.51770424465660426E+02  3.89553906995583816E+02  1.29209464480139946E+00  1.83234286885479825E-01  4.61524651659129864E-04  1.48557733447081221E-05  0.00000000000000000E+00
  400.000000  3.33136827106139463E+04  3.22590364078812272E+04  6.53032683185994756E+02  4.00300605229032669E+02  1.12873708813874574E+00  1.83883506406779140E-01  3.79220643696514918E-04  1.45025123455226319E-05  0.00000000000000000E+00
  402.000000  3.48329880644758450E+04  3.37669278782541951E+04  6.54636832395450256E+02  4.10239523659133738E+02  9.99279310527607656E-01  1.84235479776444777E-01  3.15376761237475911E-04  0.00000000000000000E+00  0.00000000000000000E+00
  404.000000  3.63090626373818304E+04  3.52332666441717956E+04  6.55568270739102672E+02  4.19148807667379913E+02  8.94492354729367833E-01  1.84157393473989434E-01  2.65055349040626902E-04  0.00000000000000000E+00  0.00000000000000000E+00
  406.000000  3.77197769545508781E+04  3.66369464350465496E+04  6.55011332306532495E+02  4.26827544164420090E+02  8.07864137122006221E-01  1.83554084794304601E-01  2.24811455948486675E-04  0.00000000000000000E+00  0.00000000000000000E+00
  408.000000  3.90432345353296769E+04  3.79568928516269589E+04  6.52321507311423375E+02  4.33102899709506062E+02  7.34722556707687824E-01  1.82361931564448271E-01  1.92193520281620800E-04  0.00000000000000000E+00  0.00000000000000000E+00
  410.000000  4.02590208479860958E+04  3.91733117335994393E+04  6.47017464715290885E+02  4.37839258648513919E+02  6.71679223110864920E-01  1.80546372769785773E-01  1.65426970212816565E-04  0.00000000000000000E+00  0.00000000000000000E+00
  412.000000  4.13494703136609096E+04  4.02689472341783403E+04  6.38781729218050145E+02  4.40946840226280301E+02  6.16266226874669698E-01  1.78100602886149623E-01  1.43208480685617776E-04  0.00000000000000000E+00  0.00000000000000000E+00
  414.000000  4.23007789336762435E+04  4.12301874750111092E+04  6.27461898977393730E+02  4.42387700179851322E+02  5.66691010653940785E-01  1.75043928331089615E-01  1.24568905254628099E-04  0.00000000000000000E+00  0.00000000000000000E+00
  416.000000  4.31037938386894821E+04  4.20478563192283400E+04  6.13066744471482366E+02  4.42177582849125372E+02  5.21664413751516731E-01  1.71418946931431893E-01  1.08779845356077521E-04  0.00000000000000000E+00  0.00000000000000000E+00
  418.000000  4.37543518138404033E+04  4.27175673063399081E+04  5.95753978593569514E+02  4.40382871519117998E+02  4.80274825332748012E-01  1.67287273883305970E-01  9.52885924919245138E-05  0.00000000000000000E+00  0.00000000000000000E+00
  420.000000  4.42531110843179631E+04  4.32395846093619257E+04  5.75808970047058324E+02  4.37112804816682171E+02  4.41892407591925329E-01  1.62724012734257961E-01  8.36719684715213005E-05  0.00000000000000000E+00  0.00000000000000000E+00
  422.000000  4.46049078806587422E+04  4.36182199975262847E+04  5.53615903499369779E+02  4.32508000252585532E+02  4.06094259607718111E-01  1.57811517804099050E-01  7.36030923002503216E-05  0.00000000000000000E+00  0.00000000000000000E+00
  424.000000  4.48177496138648930E+04  4.38608728609827886E+04  5.29624497685230949E+02  4.26726951581571257E+02  3.72605617567752456E-01  1.52633170491040082E-01  6.48272499771884389E-05  0.00000000000000000E+00  0.00000000000000000E+00
  426.000000  4.49016103801723366E+04  4.39768732725325317E+04  5.04316116667847041E+02  4.19932411400781689E+02  3.41254543481381678E-01  1.47267883333710270E-01  5.71443604977091654E-05  0.00000000000000000E+00  0.00000000000000000E+00
  428.000000  4.48672114966289882E+04  4.39763053920054372E+04  4.78172914105776499E+02  4.12279415680618513E+02  3.11938557035917108E-01  1.41785883804652180E-01  5.03963184127048975E-05  0.00000000000000000E+00  0.00000000000000000E+00
  430.000000  4.47249506986785709E+04  4.38689708505800081E+04  4.51652712946114718E+02  4.03906242978820046E+02  2.84601636993684570E-01  1.36246078715165780E-01  4.44579176697866747E-05  0.00000000000000000E+00  0.00000000000000000E+00
  432.000000  4.44840983888582123E+04  4.36636085195242122E+04  4.25170935611763923E+02  3.94928980312996885E+02  2.59219146184206439E-01  1.30695032846343123E-01  3.92302147240869222E-05  0.00000000000000000E+00  0.00000000000000000E+00
  434.000000  4.41523218189119434E+04  4.33674317062454720E+04  3.99089378236836239E+02  3.85439745656967375E+02  2.35786766399722791E-01  1.25167371107981068E-01  3.46351585818294541E-05  0.00000000000000000E+00  0.00000000000000000E+00
  436.000000  4.37355414330595013E+04  4.29859889764172985E+04  3.73710321167701068E+02  3.75508109321497443E+02  2.14308277499291627E-01  1.19687265203725288E-01  3.06102975517991789E-05  0.00000000000000000E+00  0.00000000000000000E+00
  438.000000  4.32380774145329051E+04  4.25233095335603648E+04  3.49273882344323113E+02  3.65184923090588313E+02  1.94777834362977159E-01  1.14270600523284208E-01  2.71027482369462372E-05  0.00000000000000000E+00  0.00000000000000000E+00
  440.000000  4.26630142564030102E+04  4.19822633519402953E+04  3.25957178037409108E+02  3.54507617645779078E+02  1.77157291274010781E-01  1.08927425521605198E-01  2.40627248154831738E-05  0.00000000000000000E+00  0.00000000000000000E+00
  442.000000  4.20126981707896630E+04  4.13650514668733522E+04  3.03875621336320251E+02  3.43506039948488535E+02  1.61356849877647313E-01  1.03664343210339016E-01  2.14384090712770289E-05  0.00000000000000000E+00  0.00000000000000000E+00
  444.000000  4.12892830309429119E+04  4.06737412079841743E+04  2.83088062589209244E+02  3.32208023636282689E+02  1.47230970137111478E-01  9.84865887205481211E-02  1.91743922787406726E-05  0.00000000000000000E+00  0.00000000000000000E+00
  446.000000  4.04952492274203178E+04  3.99107705033744351E+04  2.63606648427411415E+02  3.20644064229779588E+02  1.34594546422681788E-01  9.33996280056897110E-02  1.72142642774470483E-05  0.00000000000000000E+00  0.00000000000000000E+00
  448.000000  3.96338325309256688E+04  3.90793605061882627E+04  2.45409672595810775E+02  3.08850675166024530E+02  1.23251270751804420E-01  8.84101994687809672E-02  1.55053591997175078E-05  0.00000000000000000E+00  0.00000000000000000E+00
  450.000000  3.87093175859068579E+04  3.81837947872309887E+04  2.28454017854898581E+02  2.96872220403021913E+02  1.13019616598950989E-01  8.35267986374182564E-02  1.40027081551878734E-05  0.00000000000000000E+00  0.00000000000000000E+00
  452.000000  3.77271736414066836E+04  3.72295452755999140E+04  2.12684606957329038E+02  2.84761239529889110E+02  1.03746977328681697E-01  7.87596716731770452E-02  1.26705521145102832E-05  0.00000000000000000E+00  0.00000000000000000E+00
  454.000000  3.66940347205239668E+04  3.62232474670479860E+04  1.98040339962666508E+02  2.72577469831405836E+02  9.53117706205681425E-02  7.41204296444820387E-02  1.14816407282822346E-05  0.00000000000000000E+00  0.00000000000000000E+00
  456.000000  3.56175468648449532E+04  3.51725463097691827E+04  1.84457408015687264E+02  2.60385896689316553E+02  8.76185376421388940E-02  6.96214176861307127E-02  1.04154363246789336E-05  0.00000000000000000E+00  0.00000000000000000E+00
  458.000000  3.45061179767633221E+04  3.40858467495830992E+04  1.71871132490703985E+02  2.48254219193924513E+02  8.05910666652642216E-02  6.52749727266810909E-02  9.45620457350472973E-06  0.00000000000000000E+00  0.00000000000000000E+00
  460.000000  3.33686108500292976E+04  3.29720083496470834E+04  1.60217122730837218E+02  2.36250110006022481E+02  7.41663680384081758E-02  6.10926858356264021E-02  8.59147696233808886E-06  0.00000000000000000E+00  0.00000000000000000E+00
  462.000000  3.22140185888129163E+04  3.18400224759897792E+04  1.49432135986233106E+02  2.24438593896021075E+02  6.82903727106171088E-02  5.70847571889049818E-02  7.81098302636030102E-06  0.00000000000000000E+00  0.00000000000000000E+00
  464.000000  3.10511556281995108E+04  3.06987048879547328E+04  1.39454771638755091E+02  2.12879786788753847E+02  6.29152116936246425E-02  5.32594996061107884E-02  7.10597116477585786E-06  0.00000000000000000E+00  0.00000000000000000E+00
  466.000000  2.98883889282702621E+04  2.95564281301205192E+04  1.30226026463975018E+02  2.01627144576644071E+02  5.79976244229492358E-02  4.96230159069672924E-02  6.46879699815322416E-06  0.00000000000000000E+00  0.00000000000000000E+00
  468.000000  2.87334244352341593E+04  2.84209087571434247E+04  1.21689711629897403E+02  1.90726283450744205E+02  5.34980676834018801E-02  4.61790497305392886E-02  5.89267729821975587E-06  0.00000000000000000E+00  0.00000000000000000E+00
  470.000000  2.75931550625478376E+04  2.72990556509741291E+04  1.13792735570762844E+02  1.80214361423062542E+02  4.93802173876404307E-02  4.29289909541932940E-02  5.37153948477109710E-06  0.00000000000000000E+00  0.00000000000000000E+00
  472.000000  2.64735692254163769E+04  2.61968785129157077E+04  1.06485265666279503E+02  1.70119959257192960E+02  4.56106714619026674E-02  3.98720058085959214E-02  4.89992373278166275E-06  0.00000000000000000E+00  0.00000000000000000E+00
  474.000000  2.53797138211601232E+04  2.51194504962955398E+04  9.97207876298207765E+01  1.60463368758884741E+02  4.21587456025005816E-02  3.70052573634136808E-02  4.47291322694033309E-06  0.00000000000000000E+00  0.00000000000000000E+00
  476.000000  2.43157024996975197E+04  2.40709159069902998E+04  9.34560835296408925E+01  1.51257184602730803E+02  3.89963060474857182E-02  3.43241827210333320E-02  4.08607941640842448E-06  0.00000000000000000E+00  0.00000000000000000E+00
  478.000000  2.32847588251782836E+04  2.30545326543795090E+04  8.76511485083515112E+01  1.42507098144194970E+02  3.60976135318585023E-02  3.18227972624009620E-02  3.73543556432636359E-06  0.00000000000000000E+00  0.00000000000000000E+00
  480.000000  2.22892840534835777E+04  2.20727392499188827E+04  8.22690638434213497E+01  1.34212803133289015E+02  3.34391685426437962E-02  2.94940020456694804E-02  3.41739535356922146E-06  0.00000000000000000E+00  0.00000000000000000E+00
  482.000000  2.13309402747511667E+04  2.11272371616635610E+04  7.72758409821678356E+01  1.26368939544224062E+02  3.09995557680522379E-02  2.73298767089740838E-02  3.12873507931140117E-06  0.00000000000000000E+00  0.00000000000000000E+00
  484.000000  2.04107411814833613E+04  2.02190808297443000E+04  7.26402481763304877E+01  1.18966019461096010E+02  2.87592889630973597E-02  2.53219461148819422E-02  2.86655880676029516E-06  0.00000000000000000E+00  0.00000000000000000E+00
  486.000000  1.95291443996943817E+04  1.93487693105682520E+04  6.83336286329097362E+01  1.11991295792441861E+02  2.67006585099153690E-02  2.34614140041933227E-02  2.62826624325643196E-06  0.00000000000000000E+00  0.00000000000000000E+00
  488.000000  1.86861409415630624E+04  1.85163351262218202E+04  6.43297168046322412E+01  1.05429549180246113E+02  2.48075839415923746E-02  2.17393608973598072E-02  2.41152321079207685E-06  0.00000000000000000E+00  0.00000000000000000E+00
  490.000000  1.78813387719547900E+04  1.77214273195398127E+04  6.06044575800787371E+01  9.92637802410149703E+01  2.30654732605879743E-02  2.01469063890940860E-02  2.21423463564662016E-06  0.00000000000000000E+00  0.00000000000000000E+00
  492.000000  1.71140386666506238E+04  1.69633868933506637E+04  5.71358316637571377E+01  9.34758031734084085E+01  2.14610903335906052E-02  1.86753379398041687E-02  2.03451996059263480E-06  0.00000000000000000E+00  0.00000000000000000E+00
  494.000000  1.63833014651205467E+04  1.62413137322509665E+04  5.39036893045376999E+01  8.80467430537796787E+01  1.99824311280980549E-02  1.73162094459162162E-02  1.87069086255593380E-06  0.00000000000000000E+00  0.00000000000000000E+00
  496.000000  1.56880065033122482E+04  1.55541247846531569E+04  5.08895936770870208E+01  8.29574432381946423E+01  1.86186091272563178E-02  1.60614134516929366E-02  1.72123113789485930E-06  0.00000000000000000E+00  0.00000000000000000E+00
  498.000000  1.50269014861392570E+04  1.49006037553218812E+04  4.80766745897339334E+01  7.81887916619169943E+01  1.73597499299213455E-02  1.49032310161561522E-02  1.58477860321962129E-06  0.00000000000000000E+00  0.00000000000000000E+00
  500.000000  1.43986443646625139E+04  1.42794428632936451E+04  4.54494927354261833E+01  7.37219759154174312E+01  1.61968948046159467E-02  1.38343631123562447E-02  1.46010885256689685E-06  0.00000000000000000E+00  0.00000000000000000E+00
  502.000000  1.38018379581027784E+04  1.36892773953561846E+04  4.29939143800513435E+01  6.95386771604933500E+01  1.51219128039758316E-02  1.28479471245871862E-02  1.34612071081940556E-06  0.00000000000000000E+00  0.00000000000000000E+00
  504.000000  1.32350581403222004E+04  1.31287138653959737E+04  4.06969961622071281E+01  6.56212125396465638E+01  1.41274209443836146E-02  1.19375616056449849E-02  1.24182322707743172E-06  0.00000000000000000E+00  0.00000000000000000E+00
  506.000000  1.26968764229764529E+04  1.25963526033984581E+04  3.85468795347862212E+01  6.19526349629676076E+01  1.32067118990262713E-02  1.10972220194280654E-02  1.14632405881488081E-06  0.00000000000000000E+00  0.00000000000000000E+00
  508.000000  1.21858777359524247E+04  1.20908055673409217E+04  3.65326942916348045E+01  5.85167982026570783E+01  1.23536886294383138E-02  1.03213697627984775E-02  1.05881910688134158E-06  0.00000000000000000E+00  0.00000000000000000E+00
  510.000000  1.17006741472794347E+04  1.16107101138556409E+04  3.46444705767375680E+01  5.52983942067336542E+01  1.15628053808948077E-02  9.60485635827135371E-03  9.78583271794914612E-07  0.00000000000000000E+00  0.00000000000000000E+00
  512.000000  1.12399151919443975E+04  1.11547393918041744E+04  3.28730587569336237E+01  5.22829685394960606E+01  1.08290144832758218E-02  8.94292434835591669E-03  9.04962212604827743E-07  0.00000000000000000E+00  0.00000000000000000E+00
  514.000000  1.08022954008695760E+04  1.07216099456679985E+04  3.12100565435467203E+01  4.94569189161321177E+01  1.01477184256258453E-02  8.33118610847632945E-03  8.37365000400962111E-07  0.00000000000000000E+00  0.00000000000000000E+00
  516.000000  1.03865595434980569E+04  1.03100870386794268E+04  2.96477427666019366E+01  4.68074809485361172E+01  9.51472670538807373E-03  7.76560152851797896E-03  7.75257568974421661E-07  0.00000000000000000E+00  0.00000000000000000E+00
  518.000000  9.99150602370070919E+03  9.91898813260709721E+03  2.81790172327521020E+01  4.43227044704213498E+01  8.92621698921818030E-03  7.24245529051294797E-03  7.18156874983708711E-07  0.00000000000000000E+00  0.00000000000000000E+00
  520.000000  9.61598880117827684E+03  9.54718489418361969E+03  2.67973461310746366E+01  4.19914231635095376E+01  8.37870015932684620E-03  6.75833428749717663E-03  6.65625689141077616E-07  0.00000000000000000E+00  0.00000000000000000E+00
  522.000000  9.25891815010408936E+03  9.19360403824793502E+03  2.54967124867389430E+01  3.98032196577106632E+01  7.86898885593303662E-03  6.31010558110401375E-03  6.17267948342603323E-07  0.00000000000000000E+00  0.00000000000000000E+00
  524.000000  8.91926051379362070E+03  8.85722726513805355E+03  2.42715711996192454E+01  3.77483878188826623E+01  7.39416916180138731E-03  5.89489517799900338E-03  5.72724606322209575E-07  0.00000000000000000E+00  0.00000000000000000E+00
  526.000000  8.59603766836657269E+03  8.53709050439284874E+03  2.31168082416469005E+01  3.58178935574865989E+01  6.95157510828749332E-03  5.51006781290628786E-03  5.31669927324192433E-07  0.00000000000000000E+00  0.00000000000000000E+00
  528.000000  8.28832536927633373E+03  8.23228263800630702E+03  2.20277036224043030E+01  3.40033351802454007E+01  6.53876571356410297E-03  5.15320785441756007E-03  4.93808173504326530E-07  0.00000000000000000E+00  0.00000000000000000E+00
  530.000000  7.99525162154919508E+03  7.94194384366351187E+03  2.09998977665343247E+01  3.22969040545903638E+01  6.15350429256930620E-03  4.82210139514465275E-03  4.58870642330050496E-07  0.00000000000000000E+00  0.00000000000000000E+00
  532.000000  7.71599468687325589E+03  7.66526367085593574E+03  2.00293609785135693E+01  3.06913461528414047E+01  5.79373980464483688E-03  4.51471954676245773E-03  4.26613015207185223E-07  0.00000000000000000E+00  0.00000000000000000E+00
  534.000000  7.44978091768597187E+03  7.40147893991417368E+03  1.91123657002668672E+01  2.91799248817594972E+01  5.45759002892859044E-03  4.22920293036478309E-03  3.96812982971209971E-07  0.00000000000000000E+00  0.00000000000000000E+00
  536.000000  7.19588248939866116E+03  7.14987153508522806E+03  1.82454612946885852E+01  2.77563854757650361E+01  5.14332637937686254E-03  3.96384733097048750E-03  3.69268117794522433E-07  0.00000000000000000E+00  0.00000000000000000E+00
  538.000000  6.95361508630427670E+03  6.90976614726360458E+03  1.74254511135219907E+01  2.64149211326960192E+01  4.84936019098057645E-03  3.71709047011272711E-03  3.43793964529224931E-07  0.00000000000000000E+00  0.00000000000000000E+00
  540.000000  6.72233558401217215E+03  6.68052800933621620E+03  1.66493716313075453E+01  2.51501409942586776E+01  4.57423032646851139E-03  3.48749984069603993E-03  3.20222327576432776E-07  0.00000000000000000E+00  0.00000000000000000E+00
  542.000000  6.50143976093332549E+03  6.46156065681843211E+03  1.59144734482475485E+01  2.39570400147338773E+01  4.31659196868797081E-03  3.27376154246443712E-03  2.98399732088159883E-07  0.00000000000000000E+00  0.00000000000000000E+00
  544.000000  6.29036006303851991E+03  6.25230373818212774E+03  1.52182039840876904E+01  2.28309707175879737E+01  4.07520647810923758E-03  3.07467005354066826E-03  2.78186040709626429E-07  0.00000000000000000E+00  0.00000000000000000E+00
  546.000000  6.08856343944936089E+03  6.05223089262904068E+03  1.45581917025307543E+01  2.17676168072548215E+01  3.84893220764510749E-03  2.88911887278170626E-03  2.59453209191355812E-07  0.00000000000000000E+00  0.00000000000000000E+00
  548.000000  5.89554926112724843E+03  5.86084770777540507E+03  1.39322317214643920E+01  2.07629685801479127E+01  3.63671617837135839E-03  2.71609196855962911E-03  2.42084166076103666E-07  0.00000000000000000E+00  0.00000000000000000E+00
  550.000000  5.71084733073861935E+03  5.67768976552873210E+03  1.33382726785177042E+01  1.98133000628961149E+01  3.43758652990612101E-03  2.55465597154562506E-03  2.25971803322513890E-07  0.00000000000000000E+00  0.00000000000000000E+00
  552.000000  5.53401598849208403E+03  5.50232078115277727E+03  1.27744047342901705E+01  1.89151477952782443E+01  3.25064566828121284E-03  2.40395305179170885E-03  2.11018066192152804E-07  0.00000000000000000E+00  0.00000000000000000E+00
  554.000000  5.36464031620036440E+03  5.33433083796850224E+03  1.22388486071643339E+01  1.80652911690989981E+01  3.07506404223883804E-03  2.26319442359772163E-03  1.97133132021380116E-07  0.00000000000000000E+00  0.00000000000000000E+00
  556.000000  5.20233043986667508E+03  5.17333471817825921E+03  1.17299455440224563E+01  1.72607342312478522E+01  2.91007448610580786E-03  2.13165442511248013E-03  1.84234668644694691E-07  0.00000000000000000E+00  0.00000000000000000E+00
  558.000000  5.04671992961759679E+03  5.01897032881399718E+03  1.12461481405478949E+01  1.64986888586073697E+01  2.75496707383704985E-03  2.00866512319563661E-03  1.72247164249273121E-07  0.00000000000000000E+00  0.00000000000000000E+00
  560.000000  4.89746429471732881E+03  4.87089722071344477E+03  1.07860119332298012E+01  1.57765592137201196E+01  2.60908443456609341E-03  1.89361139765376507E-03  1.61101321337392580E-07  0.00000000000000000E+00  0.00000000000000000E+00
  562.000000  4.75423957060412249E+03  4.72879519762406926E+03  1.03481876927560048E+01  1.50919273926158759E+01  2.47181748512073944E-03  1.78592646247399288E-03  1.50733508267636597E-07  0.00000000000000000E+00  0.00000000000000000E+00
  564.000000  4.61674099434121854E+03  4.59236301197591183E+03  9.93141435529109984E+00  1.44425401796062296E+01  2.34260153953275499E-03  1.68508778506260980E-03  1.41085262549685121E-07  0.00000000000000000E+00  0.00000000000000000E+00
  566.000000  4.48468176451897125E+03  4.46131714349860704E+03  9.53451253427320289E+00  1.38262968278608795E+01  2.22091275965099338E-03  1.59061336771830508E-03  1.32102840691742113E-07  0.00000000000000000E+00  0.00000000000000000E+00
  568.000000  4.35779188142902149E+03  4.33539065663222937E+03  9.15637856086095603E+00  1.32412377889214739E+01  2.10626491460910422E-03  1.50205835860325334E-03  1.23736809953436101E-07  0.00000000000000000E+00  0.00000000000000000E+00
  570.000000  4.23581706323621165E+03  4.21433213257690477E+03  8.79597900612719741E+00  1.26855343188549945E+01  1.99820642015204183E-03  1.41901196231502278E-03  1.15941677848810684E-07  0.00000000000000000E+00  0.00000000000000000E+00
  572.000000  4.11851773385803517E+03  4.09790467180124233E+03  8.45234564254122667E+00  1.21574788933211213E+01  1.89631763173189077E-03  1.34109462279831198E-03  1.08675555680863493E-07  0.00000000000000000E+00  0.00000000000000000E+00
  574.000000  4.00566807832493168E+03  3.98588496288449824E+03  8.12457080631434714E+00  1.16554763683973555E+01  1.80020836788681300E-03  1.26795545377813494E-03  1.01899852777820944E-07  0.00000000000000000E+00  0.00000000000000000E+00
  576.000000  3.89705516148639936E+03  3.87806241365111373E+03  7.81180312577299762E+00  1.11780358283968404E+01  1.70951564273824630E-03  1.19926989413801166E-03  9.55789984467279866E-08  0.00000000000000000E+00  0.00000000000000000E+00
  578.000000  3.79247810607373822E+03  3.77423834069450731E+03  7.51324358419413052E+00  1.07237630662001102E+01  1.62390158852678641E-03  1.13473756773108786E-03  8.96801889679636427E-08  0.00000000000000000E+00  0.00000000000000000E+00
  580.000000  3.69174732628897800E+03  3.67422521353878301E+03  7.22814188846496553E+00  1.02913536456767982E+01  1.54305155097155759E-03  1.07408032899698855E-03  8.41731572285079916E-08  0.00000000000000000E+00  0.00000000000000000E+00
  582.000000  3.59468381326375538E+03  3.57784594985472768E+03  6.95579311756602170E+00  9.87958649961212565E+00  1.46667234190794166E-03  1.01704047747855700E-03  7.90299628363209531E-08  0.00000000000000000E+00  0.00000000000000000E+00
  584.000000  3.50111846892253789E+03  3.48493325833109702E+03  6.69553462727083204E+00  9.48731802018445336E+00  1.39449063516053286E-03  9.63379125902799139E-04  7.42248007765704274E-08  0.00000000000000000E+00  0.00000000000000000E+00
  586.000000  3.41089148497111273E+03  3.39532902598316014E+03  6.44674318960003490E+00  9.11347660241813173E+00  1.32625149295135234E-03  9.12874707916767132E-04  6.97338268653111093E-08  0.00000000000000000E+00  0.00000000000000000E+00
  588.000000  3.32385176392062476E+03  3.30888374686476300E+03  6.20883234750980950E+00  8.75705760419268309E+00  1.26171701135272462E-03  8.65321612865567382E-04  6.55349984304276837E-08  0.00000000000000000E+00  0.00000000000000000E+00
  590.000000  3.23985637924893354E+03  3.22545598933692236E+03  5.98124996705726097E+00  8.41711868933479579E+00  1.20066507438134642E-03  8.20528936177727518E-04  6.16079288055454671E-08  0.00000000000000000E+00  0.00000000000000000E+00
  592.000000  3.15877007197771718E+03  3.14491189921835576E+03  5.76347597086221519E+00  8.09277552302303960E+00  1.14288820730477025E-03  7.78319334988589791E-04  5.79337543619779109E-08  0.00000000000000000E+00  0.00000000000000000E+00
  594.000000  3.08046478112421892E+03  3.06712473631983630E+03  5.55502023812751844E+00  7.78319779126021238E+00  1.08819252061228655E-03  7.38527979600487748E-04  5.44950129287615977E-08  0.00000000000000000E+00  0.00000000000000000E+00
  596.000000  3.00481920565334531E+03  2.99197444202748284E+03  5.35542065777659726E+00  7.48760551848148737E+00  1.03639673689327185E-03  7.01001592253755077E-04  5.12755325627746509E-08  0.00000000000000000E+00  0.00000000000000000E+00
  598.000000  2.93171839571453484E+03  2.91934723575547832E+03  5.16424132243926870E+00  7.20526565949736586E+00  9.87331293578646782E-04  6.65597565474710762E-04  4.82603297313260421E-08  0.00000000000000000E+00  0.00000000000000000E+00
  600.000000  2.86105337110548408E+03  2.84913523824333834E+03  4.98107085209384337E+00  6.93548894394766258E+00  9.40837515146525295E-04  6.32183152985682419E-04  4.54355160598501191E-08  0.00000000000000000E+00  0.00000000000000000E+00
  602.000000  2.79272076504040388E+03  2.78123611980568785E+03  4.80552083712482148E+00  6.67762695322763200E+00  8.96766848971196741E-04  6.00634726809318089E-04  4.27882128781736773E-08  0.00000000000000000E+00  0.00000000000000000E+00
  604.000000  2.72662249144440466E+03  2.71555277178386996E+03  4.63722439144929854E+00  6.43106941152417289E+00  8.54980159521588189E-04  5.70837094788835021E-04  4.03064728717624533E-08  0.00000000000000000E+00  0.00000000000000000E+00
  606.000000  2.66266543411295834E+03  2.65199299956378673E+03  4.47583480714534510E+00  6.19524167409744031E+00  8.15347076086654675E-04  5.42682873275274202E-04  3.79792082096832896E-08  0.00000000000000000E+00  0.00000000000000000E+00
  608.000000  2.60076115620385735E+03  2.59046923565064799E+03  4.32102430275537319E+00  5.96960239735786491E+00  7.77745389636437306E-04  5.16071910215646994E-04  3.57961245800844969E-08  0.00000000000000000E+00  0.00000000000000000E+00
  610.000000  2.54082562862989789E+03  2.53089827139027921E+03  4.17248285808004216E+00  5.75364137654192209E+00  7.42060494812867661E-04  4.90910754309054021E-04  3.37476606169560708E-08  0.00000000000000000E+00  0.00000000000000000E+00
  612.000000  2.48277897603185420E+03  2.47320100603612445E+03  4.02991712888900988E+00  5.54687753797603911E+00  7.08184873397351669E-04  4.67112166293168251E-04  3.18249322498718345E-08  0.00000000000000000E+00  0.00000000000000000E+00
  614.000000  2.42654523910083844E+03  2.41730221194905062E+03  3.89304943550991256E+00  5.34885707397346177E+00  6.76017615919474821E-04  4.44594668778746445E-04  3.00196815514984083E-08  0.00000000000000000E+00  0.00000000000000000E+00
  616.000000  2.37205215211373752E+03  2.36313031481014241E+03  3.76161681976122031E+00  5.15915170939959200E+00  6.45463978360433016E-04  4.23282131373585815E-04  2.83242296966523651E-08  0.00000000000000000E+00  0.00000000000000000E+00
  618.000000  2.31923093462445695E+03  2.31061718780439696E+03  3.63537016514064826E+00  4.97735708982860636E+00  6.16434971166280221E-04  4.03103388128941617E-04  2.67314336818235205E-08  0.00000000000000000E+00  0.00000000000000000E+00
  620.000000  2.26801609633200360E+03  2.25969795881027267E+03  3.51407337559581423E+00  4.80309128203772584E+00  5.88846978023949120E-04  3.83991884606534647E-04  2.52346464858700069E-08  0.00000000000000000E+00  0.00000000000000000E+00
  622.000000  2.21834525421828357E+03  2.21031082970078387E+03  3.39750260858046538E+00  4.63599337833718206E+00  5.62621402069230143E-04  3.65885352104411096E-04  2.38276803813482492E-08  0.00000000000000000E+00  0.00000000000000000E+00
  624.000000  2.17015896111301163E+03  2.16239690692530348E+03  3.28544555844159492E+00  4.47572219691763884E+00  5.37684337392127336E-04  3.48725506797255183E-04  2.25047731319115171E-08  0.00000000000000000E+00  0.00000000000000000E+00
  626.000000  2.12340054490607736E+03  2.11590004260325304E+03  3.17770078649844079E+00  4.32195507102975984E+00  5.13966263884001705E-04  3.32457771744456242E-04  2.12605568347882142E-08  0.00000000000000000E+00  0.00000000000000000E+00
  628.000000  2.07801595768303378E+03  2.07076668541531672E+03  3.07407709446056021E+00  4.17438672038344460E+00  4.91401763633379763E-04  3.17031019898052614E-04  2.00900291886432694E-08  0.00000000000000000E+00  0.00000000000000000E+00
  630.000000  2.03395363411218250E+03  2.02694574062982360E+03  2.97439293809426308E+00  4.03272819868275256E+00  4.69929257225558568E-04  3.02397336405366547E-04  1.89885269864768479E-08  0.00000000000000000E+00  0.00000000000000000E+00
  632.000000  1.99116435846075683E+03  1.98438843865026320E+03  2.87847587828852314E+00  3.89670591169641289E+00  4.49490758436455167E-04  2.88511798648806298E-04  1.79517016507431052E-08  0.00000000000000000E+00  0.00000000000000000E+00
  634.000000  1.94960113966151698E+03  1.94304821151302826E+03  2.78616206689017831E+00  3.76606070070444332E+00  4.30031645933944505E-04  2.75332272599291107E-04  1.69754966437691182E-08  0.00000000000000000E+00  0.00000000000000000E+00
  636.000000  1.90921909389361667E+03  1.90288057680643578E+03  2.69729576488062595E+00  3.64054698656901943E+00  4.11500450712787541E-04  2.62819224181841675E-04  1.60561266010182451E-08  0.00000000000000000E+00  0.00000000000000000E+00
  638.000000  1.86997533417952263E+03  1.86384302851942971E+03  2.61172889065159985E+00  3.51993197004850344E+00  3.93848658091684582E-04  2.50935544462626604E-04  1.51900580478530843E-08  0.00000000000000000E+00  0.00000000000000000E+00
  640.000000  1.83182886653551645E+03  1.82589493436360931E+03  2.52932059630716655E+00  3.40399488431529695E+00  3.77030523194906494E-04  2.39646387567719280E-04  1.43739915723920191E-08  0.00000000000000000E+00  0.00000000000000000E+00
  642.000000  1.79474049224574242E+03  1.78899743914419423E+03  2.44993687007416883E+00  3.29252629594975588E+00  3.61002898926696667E-04  2.28919020335500653E-04  1.36048453378965704E-08  0.00000000000000000E+00  0.00000000000000000E+00
  644.000000  1.75867271586101151E+03  1.75311337378635380E+03  2.37345016304818968E+00  3.18532745097148595E+00  3.45725075525058390E-04  2.18722682788420500E-04  1.28797398280099071E-08  0.00000000000000000E+00  0.00000000000000000E+00
  646.000000  1.72358965855057295E+03  1.71820716964992516E+03  2.29973903863189122E+00  3.08220966273037922E+00  3.31158630853431901E-04  2.09028458585838430E-04  1.21959837271496231E-08  0.00000000000000000E+00  0.00000000000000000E+00
  648.000000  1.68945697646224357E+03  1.68424477779237782E+03  2.22868784314495239E+00  2.98299373872416540E+00  3.17267290654471611E-04  1.99809154689262604E-04  1.15510608465547256E-08  0.00000000000000000E+00  0.00000000000000000E+00
  650.000000  1.65624178377027579E+03  1.65119359286351801E+03  2.16018639619647512E+00  2.88750944363121897E+00  3.04016798050547139E-04  1.91039189534614970E-04  1.09426180139497622E-08  0.00000000000000000E+00  0.00000000000000000E+00
  652.000000  1.62391258011089622E+03  1.61902238133568767E+03  2.09412969951066819E+00  2.79559499604865902E+00  2.91374791630402295E-04  1.82694489063749035E-04  1.03684538515900964E-08  0.00000000000000000E+00  0.00000000000000000E+00
  654.000000  1.59243918212940798E+03  1.58770121379688521E+03  2.03041766299543047E+00  2.70709659661946445E+00  2.79310691512794896E-04  1.74752390020579523E-04  9.82650837367871061E-09  0.00000000000000000E+00  0.00000000000000000E+00
  656.000000  1.56179265887861948E+03  1.55720140104983579E+03  1.96895484692633138E+00  2.62186798539954502E+00  2.67795592823787544E-04  1.67191549965004194E-04  9.31485333979690559E-09  0.00000000000000000E+00  0.00000000000000000E+00
  658.000000  1.53194527082828608E+03  1.52749543377974464E+03  1.90965021920162514E+00  2.53977002647848016E+00  2.56802166067455074E-04  1.59991863502084567E-04  8.83168330618295264E-09  0.00000000000000000E+00  0.00000000000000000E+00
  660.000000  1.50287041226046563E+03  1.49855692556843405E+03  1.85241692669623093E+00  2.46067031801197178E+00  2.46304563908891511E-04  1.53134384264076831E-04  8.37530732141485331E-09  0.00000000000000000E+00  0.00000000000000000E+00
  662.000000  1.47454255684191071E+03  1.47036055904860677E+03  1.79717207981272487E+00  2.38444282596074775E+00  2.36278333924531367E-04  1.46601252219852589E-04  7.94414121738625969E-09  0.00000000000000000E+00  0.00000000000000000E+00
  664.000000  1.44693720617776989E+03  1.44288203500492841E+03  1.74383654938875710E+00  2.31096753995312376E+00  2.26700336907932956E-04  1.40375625919843798E-04  7.53670045041330863E-09  0.00000000000000000E+00  0.00000000000000000E+00
  666.000000  1.42003084116482546E+03  1.41609802424239933E+03  1.69233477518019981E+00  2.24013014980454050E+00  2.17548670349717411E-04  1.34441619315608436E-04  7.15159345093474591E-09  0.00000000000000000E+00  0.00000000000000000E+00
  668.000000  1.39380087597421448E+03  1.38998612205406243E+03  1.64259458519262647E+00  2.17182174133219252E+00  2.08802596738522973E-04  1.28784242821338861E-04  6.78751544357993978E-09  0.00000000000000000E+00  0.00000000000000000E+00
  670.000000  1.36822561450454054E+03  1.36452480513088926E+03  1.59454702518315306E+00  2.10593851020003564E+00  2.00442476355558490E-04  1.23389348310529840E-04  6.44324270241043223E-09  0.00000000000000000E+00  0.00000000000000000E+00
  672.000000  1.34328420915802826E+03  1.33969339076830488E+03  1.54812619770255355E+00  2.04238149262119872E+00  1.92449704259505558E-04  1.18243577764896038E-04  6.11762720892945445E-09  0.00000000000000000E+00  0.00000000000000000E+00
  674.000000  1.31895662180079057E+03  1.31547199823209985E+03  1.50326911008873632E+00  1.98105631182605646E+00  1.84806651180198663E-04  1.13334315314320887E-04  5.80959168299560112E-09  0.00000000000000000E+00  0.00000000000000000E+00
  676.000000  1.29522358677755938E+03  1.29184151215564680E+03  1.45991553086262882E+00  1.92187293928125236E+00  1.77496608059946791E-04  1.08649642426649119E-04  5.51812495911537845E-09  0.00000000000000000E+00  0.00000000000000000E+00
  678.000000  1.27206657586036067E+03  1.26878354784935641E+03  1.41800785401507956E+00  1.86474546971705912E+00  1.70503734000159308E-04  1.04178296024578376E-04  5.24227768273721119E-09  0.00000000000000000E+00  0.00000000000000000E+00
  680.000000  1.24946776501803697E+03  1.24628041841062668E+03  1.37749097070699134E+00  1.80959190908549461E+00  1.63813007388090179E-04  9.99096293237584514E-05  4.98115830313792544E-09  0.00000000000000000E+00  0.00000000000000000E+00
  682.000000  1.22741000290007082E+03  1.22431510352901478E+03  1.33831214793586839E+00  1.75633397463115815E+00  1.57410179994562927E-04  9.58335752016634151E-05  4.73392934129408640E-09  0.00000000000000000E+00  0.00000000000000000E+00
  684.000000  1.20587678093654131E+03  1.20287121988962758E+03  1.30042091375272939E+00  1.70489690631542601E+00  1.51281733848302835E-04  9.19406119212145905E-05  4.49980391280035375E-09  0.00000000000000000E+00  0.00000000000000000E+00
  686.000000  1.18485220496061129E+03  1.18193299308223823E+03  1.26376894863928091E+00  1.65520928888400021E+00  1.45414840706122489E-04  8.82217310461163912E-05  4.27804248741552130E-09  0.00000000000000000E+00  0.00000000000000000E+00
  688.000000  1.16432096826695397E+03  1.16148523093055587E+03  1.22830998268116098E+00  1.60720288391769173E+00  1.39797323950809283E-04  8.46684073970513390E-05  4.06794986822340365E-09  0.00000000000000000E+00  0.00000000000000000E+00
  690.000000  1.14426832602473496E+03  1.14151329816122484E+03  1.19399969819690899E+00  1.56081247125068878E+00  1.34417622760313896E-04  8.12725709089957550E-05  3.86887237468615778E-09  0.00000000000000000E+00  0.00000000000000000E+00
  692.000000  1.12468007096843280E+03  1.12200309233672942E+03  1.16079563750324288E+00  1.51597569918115549E+00  1.29264758402575361E-04  7.80265802601291184E-05  3.68019521505267450E-09  0.00000000000000000E+00  0.00000000000000000E+00
  694.000000  1.10554251029521834E+03  1.10294102098175904E+03  1.12865711551878634E+00  1.47263294293855318E+00  1.24328302520374954E-04  7.49231981523267417E-05  3.50134003468098175E-09  0.00000000000000000E+00  0.00000000000000000E+00
  696.000000  1.08684244370137617E+03  1.08431397983629608E+03  1.09754513692623656E+00  1.43072717090665713E+00  1.19598347279869970E-04  7.19555681318887407E-05  3.33176262783620554E-09  0.00000000000000000E+00  0.00000000000000000E+00
  698.000000  1.06856714249511379E+03  1.06610933217350544E+03  1.06742231763173145E+00  1.39020381813538441E+00  1.15065477265077120E-04  6.91171928472474848E-05  3.17095080145652727E-09  0.00000000000000000E+00  0.00000000000000000E+00
  700.000000  1.05070432972587810E+03  1.04831488912322402E+03  1.03825281027515515E+00  1.35101066670375025E+00  1.10720743008502987E-04  6.64019136477517912E-05  3.01842238022955488E-09  0.00000000000000000E+00  0.00000000000000000E+00
  702.000000  1.03324216127518002E+03  1.03091889094669023E+03  1.01000223356203422E+00  1.31309773252653694E+00  1.06555636055575992E-04  6.38038914345589808E-05  2.87372334311307714E-09  0.00000000000000000E+00  0.00000000000000000E+00
  704.000000  1.01616920785634841E+03  1.01390998921053438E+03  9.82637605200877395E-01  1.27641715822251789E+00  1.02562065467360074E-04  6.13175886809350898E-05  2.73642608215809989E-09  0.00000000000000000E+00  0.00000000000000000E+00
  706.000000  9.99474437874143518E+02  9.97277229811518396E+02  9.56127278243453782E-01  1.24092311168725722E+00  9.87323356724109581E-05  5.89377525451390330E-05  2.60612777516266599E-09  0.00000000000000000E+00  0.00000000000000000E+00
  708.000000  9.83147201098163009E+02  9.81010036806481480E+02  9.30440880638142453E-01  1.20657169003644338E+00  9.50591255845658983E-05  5.66593990044772321E-05  2.48244886430371499E-09  0.00000000000000000E+00  0.00000000000000000E+00
  710.000000  9.67177213106082377E+02  9.65098197004026815E+02  9.05549257817328979E-01  1.17332082860636810E+00  9.15354689088878438E-05  5.44777979440794845E-05  2.36503163346309345E-09  0.00000000000000000E+00  0.00000000000000000E+00
  712.000000  9.51554540456707628E+02  9.49531845278387664E+02  8.81424418152108258E-01  1.14113021471965159E+00  8.81547355632510252E-05  5.23884591386566197E-05  2.25353887749501010E-09  0.00000000000000000E+00  0.00000000000000000E+00
  714.000000  9.36269586553677414E+02  9.34301450566739618E+02  8.58039481115985825E-01  1.10996120594093384E+00  8.49106141476403480E-05  5.03871190696926811E-05  2.14765265716523589E-09  0.00000000000000000E+00  0.00000000000000000E+00
  716.000000  9.21313078163749651E+02  9.19397802514303294E+02  8.35368628009855674E-01  1.07977675256556038E+00  8.17970953977212604E-05  4.84697285245440222E-05  2.04707313394411310E-09  0.00000000000000000E+00  0.00000000000000000E+00
  718.000000  9.06676052555456977E+02  9.04811998733399037E+02  8.13387055108835133E-01  1.05054132410004386E+00  7.88084565633767809E-05  4.66324409275756775E-05  1.95151747925160239E-09  0.00000000000000000E+00  0.00000000000000000E+00
  720.000000  8.92349845226376374E+02  8.90535432645058563E+02  7.92070929100364474E-01  1.02222083950861231E+00  7.59392466567151053E-05  4.48716013568991028E-05  1.86071885313827755E-09  0.00000000000000000E+00  0.00000000000000000E+00
  722.000000  8.78326078188329348E+02  8.76559781872842791E+02  7.71397344690067599E-01  9.94782601013244117E-01  7.31842725176028673E-05  4.31837362033892698E-05  1.77442544773974639E-09  0.00000000000000000E+00  0.00000000000000000E+00
  724.000000  8.64596648781681779E+02  8.62876997160353199E+02  7.51344284259209516E-01  9.68195231247801491E-01  7.05385856480895073E-05  4.15655434316014282E-05  1.69239959117336511E-09  0.00000000000000000E+00  0.00000000000000000E+00
  726.000000  8.51153718992561267E+02  8.49479291786548401E+02  7.31890579465043878E-01  9.42428613580160945E-01  6.79974697702334619E-05  4.00138834049680107E-05  1.61441690785107160E-09  0.00000000000000000E+00  0.00000000000000000E+00
  728.000000  8.37989705246703920E+02  8.36359131452857810E+02  7.13015874680730799E-01  9.17453835425828923E-01  6.55564290646606663E-05  3.85257702401055099E-05  1.54026553146324594E-09  0.00000000000000000E+00  0.00000000000000000E+00
  730.000000  8.25097268656604001E+02  8.23509224619026554E+02  6.94700592178216447E-01  8.93243134388791105E-01  6.32111770499415904E-05  3.70983636574716451E-05  1.46974536715129613E-09  0.00000000000000000E+00  0.00000000000000000E+00
  732.000000  8.12469305698724156E+02  8.10922513264697727E+02  6.76925898962489003E-01  8.69769847073960767E-01  6.09576260652948680E-05  3.57289612977340897E-05  1.40266739962826159E-09  0.00000000000000000E+00  0.00000000000000000E+00
  734.000000  8.00098939299823655E+02  7.98592164056018646E+02  6.59673675171358442E-01  8.47008360425953954E-01  5.87918773215603298E-05  3.44149914752782881E-05  1.33885304423215471E-09  0.00000000000000000E+00  0.00000000000000000E+00
  736.000000  7.87979510311927356E+02  7.86511559897015104E+02  6.42926483959373352E-01  8.24934065456819354E-01  5.67102114874950487E-05  3.31540063421293310E-05  1.27813353810410272E-09  0.00000000000000000E+00  0.00000000000000000E+00
  738.000000  7.76104569356715956E+02  7.74674291846717551E+02  6.26667542789217769E-01  8.03523313233678427E-01  5.47090797805192076E-05  3.19436754373188166E-05  1.22034936887700566E-09  0.00000000000000000E+00  0.00000000000000000E+00
  740.000000  7.64467869021495972E+02  7.63074151384391939E+02  6.10880696058446970E-01  7.82753373005098507E-01  5.27850955329363492E-05  3.07817795983642467E-05  1.16534973843986291E-09  0.00000000000000000E+00  0.00000000000000000E+00
  742.000000  7.53063356389726778E+02  7.51705123006036843E+02  5.95550388993443702E-01  7.62602392352053404E-01  5.09350262064380403E-05  2.96662052130366376E-05  1.11299205950896736E-09  0.00000000000000000E+00  0.00000000000000000E+00
  744.000000  7.41885165889396717E+02  7.40561377135608154E+02  5.80661642745598838E-01  7.43049359255275377E-01  4.91557858293441822E-05  2.85949387909750466E-05  1.06314148289102590E-09  0.00000000000000000E+00  0.00000000000000000E+00
  746.000000  7.30927612444640886E+02  7.29637263336527553E+02  5.66200030629603668E-01  7.24074065978376535E-01  4.74444278326106695E-05  2.75660618360650058E-05  1.01567045346765963E-09  0.00000000000000000E+00  0.00000000000000000E+00
  748.000000  7.20185184915552099E+02  7.18927303808581087E+02  5.52151655445749068E-01  7.05657074670637541E-01  4.57981382620697934E-05  2.65777460016736868E-05  9.70458293062923466E-10  0.00000000000000000E+00  0.00000000000000000E+00
  750.000000  7.09652539812863665E+02  7.08426187157026334E+02  5.38503127832276496E-01  6.87779684599818419E-01  4.42142293457484275E-05  2.56282485120061794E-05  9.27390808479754665E-10  0.00000000000000000E+00  0.00000000000000000E+00
  752.000000  6.99324495274366654E+02  6.98128762420912722E+02  5.25241545596316528E-01  6.70423900929982164E-01  4.26901333963663064E-05  2.47159078338891346E-05  8.86359923106125014E-10  0.00000000000000000E+00  0.00000000000000000E+00
  754.000000  6.89196025290426064E+02  6.88030033348103643E+02  5.12354473974541702E-01  6.53572404963908893E-01  4.12233970302800193E-05  2.38391395842715433E-05  8.47263330597596814E-10  0.00000000000000000E+00  0.00000000000000000E+00
  756.000000  6.79262254167606670E+02  6.78125152906134872E+02  4.99829926778161293E-01  6.37208525775261103E-01  3.98116756853394689E-05  2.29964326596905535E-05  8.10004169244468284E-10  0.00000000000000000E+00  0.00000000000000000E+00
  758.000000  6.69518451218825589E+02  6.68409418017440203E+02  4.87656348378354698E-01  6.21316213158656705E-01  3.84527284210683809E-05  2.21863455747680209E-05  7.74490715721679579E-10  0.00000000000000000E+00  0.00000000000000000E+00
  760.000000  6.59960025669620563E+02  6.58878264508642360E+02  4.75822596491100980E-01  6.05880011830460807E-01  3.71444129856124798E-05  2.14075029976298319E-05  7.40636097007264614E-10  0.00000000000000000E+00  0.00000000000000000E+00
  762.000000  6.50582521770869448E+02  6.49527262264347883E+02  4.64317925722655234E-01  5.90885036816987230E-01  3.58846811348144824E-05  2.06585924708952248E-05  7.08358019334574651E-10  0.00000000000000000E+00  0.00000000000000000E+00
  764.000000  6.41381614108118811E+02  6.40352110575697452E+02  4.53131971838516279E-01  5.76316949969725378E-01  3.46715741896075908E-05  1.99383613075640281E-05  6.77578513117890882E-10  0.00000000000000000E+00  0.00000000000000000E+00
  766.000000  6.32353103098789688E+02  6.31348633675036808E+02  4.42254736721110930E-01  5.62161937551057478E-01  3.35032188187559421E-05  1.92456136518016986E-05  6.48223692860655110E-10  0.00000000000000000E+00  0.00000000000000000E+00
  768.000000  6.23492910668848140E+02  6.22512776448376940E+02  4.31676573983225342E-01  5.48406688836974077E-01  3.23778230347021909E-05  1.85792076952334850E-05  6.20223531120087297E-10  0.00000000000000000E+00  0.00000000000000000E+00
  770.000000  6.14797076100670552E+02  6.13840600317460144E+02  4.21388175205627047E-01  5.35038375685911838E-01  3.12936723910014588E-05  1.79380530399173916E-05  5.93511645662049552E-10  0.00000000000000000E+00  0.00000000000000000E+00
  772.000000  6.06261752044455761E+02  6.05328279283858137E+02  4.11380556769240568E-01  5.22044633025826044E-01  3.02491263704846311E-05  1.73211081997124841E-05  5.68025098995895423E-10  0.00000000000000000E+00  0.00000000000000000E+00
  774.000000  5.97883200685975453E+02  5.96972096127970644E+02  4.01645047253723575E-01  5.09413540214238458E-01  2.92426149539122474E-05  1.67273782322565307E-05  5.43704209531835762E-10  0.00000000000000000E+00  0.00000000000000000E+00
  776.000000  5.89657790063825018E+02  5.88768438756152477E+02  3.92173275375796326E-01  4.97133603228435805E-01  2.82726353594864546E-05  1.61559124942382648E-05  5.20492373651792548E-10  0.00000000000000000E+00  0.00000000000000000E+00
  778.000000  5.81581990529270684E+02  5.80713796689134142E+02  3.82957158441776302E-01  4.85193737644979306E-01  2.73377489440966605E-05  1.56058025130745489E-05  4.98335898029692067E-10  0.00000000000000000E+00  0.00000000000000000E+00
  780.000000  5.73652371342755032E+02  5.72804757685858931E+02  3.73988891290447489E-01  4.73583252370339547E-01  2.64365782577423952E-05  1.50761799685316554E-05  4.77183841580537366E-10  0.00000000000000000E+00  0.00000000000000000E+00
  782.000000  5.65865597400931620E+02  5.65038004496666076E+02  3.65260935703398903E-01  4.62291834086166475E-01  2.55678042430255334E-05  1.45662147782007117E-05  4.56987866456211394E-10  0.00000000000000000E+00  0.00000000000000000E+00
  784.000000  5.58218426088661204E+02  5.57410311740310703E+02  3.56766010261155675E-01  4.51309532374774447E-01  2.47301635720731383E-05  1.40751132811029648E-05  4.37702097543398997E-10  0.00000000000000000E+00  0.00000000000000000E+00
  786.000000  5.50707704250410302E+02  5.49918542899311888E+02  3.48497080624486588E-01  4.40626745492083360E-01  2.39224461136874026E-05  1.36021165140331573E-05  4.19282989953236746E-10  0.00000000000000000E+00  0.00000000000000000E+00
  788.000000  5.43330365276169459E+02  5.42559647428798030E+02  3.40447350221463163E-01  4.30234206757253212E-01  2.31434925239020830E-05  1.31464985755736139E-05  4.01689204024658891E-10  0.00000000000000000E+00  0.00000000000000000E+00
  790.000000  5.36083426296774519E+02  5.35330657973781626E+02  3.32610251321615535E-01  4.20122971529518552E-01  2.23921919535366111E-05  1.27075650729976867E-05  3.84881487393179682E-10  0.00000000000000000E+00  0.00000000000000000E+00
  792.000000  5.28963985484058185E+02  5.28228687690333800E+02  3.24979436479562900E-01  4.10284404744465925E-01  2.16674798666578245E-05  1.22846516475662448E-05  3.68822563705144368E-10  0.00000000000000000E+00  0.00000000000000000E+00
  794.000000  5.21969219451472668E+02  5.21250927666345774E+02  3.17548770331436414E-01  4.00710168983439585E-01  2.09683359642267245E-05  1.18771225739805234E-05  3.53477027583625010E-10  0.00000000000000000E+00  0.00000000000000000E+00
  796.000000  5.15096380750824210E+02  5.14394644437554803E+02  3.10312321728059393E-01  3.91392213050968663E-01  2.02937822075106710E-05  1.14843694299960486E-05  3.38811245476646755E-10  0.00000000000000000E+00  0.00000000000000000E+00
  798.000000  5.08342795461181709E+02  5.07657177594939810E+02  3.03264356189804241E-01  3.82322761036518910E-01  1.96428809361301169E-05  1.11058098324351603E-05  3.24793262041225189E-10  0.00000000000000000E+00  0.00000000000000000E+00
  800.000000  5.01705860866072499E+02  5.01035937479635038E+02  2.96399328668696393E-01  3.73494301838032117E-01  1.90147330759086665E-05  1.07408862360496670E-05  3.11392711738348618E-10  0.00000000000000000E+00  0.00000000000000000E+00
  802.000000  4.95183043215367775E+02  4.94528402961797951E+02  2.89711876604092200E-01  3.64899579125897766E-01  1.84084764319459280E-05  1.03890647918889781E-05  2.98580735333842220E-10  0.00000000000000000E+00  0.00000000000000000E+00
  804.000000  4.88771875568306427E+02  4.88132119299915928E+02  2.83196813258860647E-01  3.56531581727003166E-01  1.78232840625820761E-05  1.00498342620168465E-05  2.86329901018905519E-10  0.00000000000000000E+00  0.00000000000000000E+00
  806.000000  4.82469955714267257E+02  4.81844696077191770E+02  2.76849121323613057E-01  3.48383534409543671E-01  1.72583627301612996E-05  9.72270498759861394E-06  2.74614129881589601E-10  0.00000000000000000E+00  0.00000000000000000E+00
  808.000000  4.76274944168345996E+02  4.75663805212095440E+02  2.70663946777357167E-01  3.40448889050434189E-01  1.67129514247191656E-05  9.40720790755451128E-06  2.63408625476939261E-10  0.00000000000000000E+00  0.00000000000000000E+00
  810.000000  4.70184562238371996E+02  4.69587179039745024E+02  2.64636592993068243E-01  3.32721316167671866E-01  1.61863199569327547E-05  9.10289362512105686E-06  2.52689807258836168E-10  0.00000000000000000E+00  0.00000000000000000E+00
  812.000000  4.64196590160724782E+02  4.63612608461504180E+02  2.58762515077694155E-01  3.25194696801292982E-01  1.56777676168529269E-05  8.80933151982218033E-06  2.42435247650906196E-10  0.00000000000000000E+00  0.00000000000000000E+00
  814.000000  4.58308865302137974E+02  4.57737941160011076E+02  2.53037314436292127E-01  3.17863114727162333E-01  1.51866218951535195E-05  8.52610890248645937E-06  2.32623612547547332E-10  0.00000000000000000E+00  0.00000000000000000E+00
  816.000000  4.52519280424657836E+02  4.51961079876828080E+02  2.47456733550556640E-01  3.10720848988498888E-01  1.47122372637606836E-05  8.25283021107347714E-06  2.23234605048305102E-10  0.00000000000000000E+00  0.00000000000000000E+00
  818.000000  4.46825782011590206E+02  4.46279980750571895E+02  2.42016650962599722E-01  3.03762366731167188E-01  1.42539940129483890E-05  7.98911624520799809E-06  2.14248912241194986E-10  0.00000000000000000E+00  0.00000000000000000E+00
  820.000000  4.41226368651634857E+02  4.40692651712744635E+02  2.36713076455036309E-01  2.96982316328939178E-01  1.38112971420820040E-05  7.73460343742180557E-06  2.05648154861095912E-10  0.00000000000000000E+00  0.00000000000000000E+00
  822.000000  4.35719089479192519E+02  4.35197150939271580E+02  2.31542146419020434E-01  2.90375520786046504E-01  1.33835753013870840E-05  7.48894315922539542E-06  1.97414839660158683E-10  0.00000000000000000E+00  0.00000000000000000E+00
  824.000000  4.30302042668483466E+02  4.29791585355406255E+02  2.26500119402230665E-01  2.83936971404660565E-01  1.29702797822287005E-05  7.25180106022629142E-06  1.89532314336516947E-10  0.00000000000000000E+00  0.00000000000000000E+00
  826.000000  4.24973373979433120E+02  4.24474109191976311E+02  2.21583371829120634E-01  2.77661821705697975E-01  1.25708835535307374E-05  7.02285643861269523E-06  1.81984724877077040E-10  0.00000000000000000E+00  0.00000000000000000E+00
  828.000000  4.19731275353295644E+02  4.19242922590960916E+02  2.16788393886183428E-01  2.71545381591818624E-01  1.21848803420877213E-05  6.80180164140931021E-06  1.74756975178379655E-10  0.00000000000000000E+00  0.00000000000000000E+00
  830.000000  4.14573983556130202E+02  4.14096270258529785E+02  2.12111785565243488E-01  2.65583111742083766E-01  1.18117837546315845E-05  6.58834149300159215E-06  1.67834688817801957E-10  0.00000000000000000E+00  0.00000000000000000E+00
  832.000000  4.09499778868205226E+02  4.09032440163638512E+02  2.07550252858151429E-01  2.59770618228152228E-01  1.14511264396338443E-05  6.38219275050181008E-06  1.61204172854696182E-10  0.00000000000000000E+00  0.00000000000000000E+00
  834.000000  4.04506983817535627E+02  4.04049762280399023E+02  2.03100604096507570E-01  2.54103647342388272E-01  1.11024592869211728E-05  6.18308358460900387E-06  1.54852383548225945E-10  0.00000000000000000E+00  0.00000000000000000E+00
  836.000000  3.99593961956112707E+02  3.99146607372800759E+02  1.98759746430476253E-01  2.48578080628921172E-01  1.07653506632909115E-05  5.99075308469086289E-06  1.48766893885390272E-10  0.00000000000000000E+00  0.00000000000000000E+00
  838.000000  3.94759116676933900E+02  3.94321385819904890E+02  1.94524682440814362E-01  2.43189930108746177E-01  1.04393856823936940E-05  5.80495078687533687E-06  1.42935862818672648E-10  0.00000000000000000E+00  0.00000000000000000E+00
  840.000000  3.90000890070225410E+02  3.89572546479917264E+02  1.90392506878548279E-01  2.37935333690545064E-01  1.01241655072414111E-05  5.62543622400794821E-06  1.37348006118766019E-10  0.00000000000000000E+00  0.00000000000000000E+00
  842.000000  3.85317761817917642E+02  3.84898575592213547E+02  1.86360403527330659E-01  2.32810550759632223E-01  9.81930668380142525E-06  5.45197849639946284E-06  1.31992568753481493E-10  0.00000000000000000E+00  0.00000000000000000E+00
  844.000000  3.80708248124138436E+02  3.80297995715095283E+02  1.82425642182997089E-01  2.27811957936981307E-01  9.52444050417649985E-06  5.28435586232648286E-06  1.26859298708613795E-10  0.00000000000000000E+00  0.00000000000000000E+00
  846.000000  3.76170900681089904E+02  3.75769364698652737E+02  1.78585575745939140E-01  2.22936045001573768E-01  9.23921239799127881E-06  5.12235534732343803E-06  1.21938422171948491E-10  0.00000000000000000E+00  0.00000000000000000E+00
  848.000000  3.71704305668612506E+02  3.71311274691051153E+02  1.74837637421474873E-01  2.18179410968955018E-01  8.96328135063835930E-06  4.96577237133940504E-06  1.17220620005699797E-10  0.00000000000000000E+00  0.00000000000000000E+00
  850.000000  3.67307082786203466E+02  3.66922351177017731E+02  1.71179338023834865E-01  2.13538760319466031E-01  8.69631934712806466E-06  4.81441039288737503E-06  1.12697005437169922E-10  0.00000000000000000E+00  0.00000000000000000E+00
  852.000000  3.62977884316485870E+02  3.62601252047536377E+02  1.67608263379686762E-01  2.09010899369996672E-01  8.43801084033653876E-06  4.66808056936080000E-06  1.08359102901390966E-10  0.00000000000000000E+00  0.00000000000000000E+00
  854.000000  3.58715394218825338E+02  3.58346666699457160E+02  1.64122071827097815E-01  2.04592732783202447E-01  8.18805224251401917E-06  4.52660143273129363E-06  1.04198827973265337E-10  0.00000000000000000E+00  0.00000000000000000E+00
  856.000000  3.54518327251961921E+02  3.54157315163897124E+02  1.60718491806099734E-01  2.00281260208474782E-01  7.94615143896511915E-06  4.38979857988280899E-06  1.00208468330256141E-10  0.00000000000000000E+00  0.00000000000000000E+00
  858.000000  3.50385428124793123E+02  3.50031947262578456E+02  1.57395319537265072E-01  1.96073573049314720E-01  7.71202732287557862E-06  4.25750437687922284E-06  9.63806656901191990E-11  0.00000000000000000E+00  0.00000000000000000E+00
  860.000000  3.46315470673967980E+02  3.45969341790771807E+02  1.54150416784655298E-01  1.91966851351743101E-01  7.48540935029761919E-06  4.12955767649201393E-06  9.27083986711330949E-11  0.00000000000000000E+00  0.00000000000000000E+00
  862.000000  3.42307257067806404E+02  3.41968305726367532E+02  1.50981708699997136E-01  1.87958360809041436E-01  7.26603711437524844E-06  4.00580354835850119E-06  8.91849665254758221E-11  0.00000000000000000E+00  0.00000000000000000E+00
  864.000000  3.38359617035022495E+02  3.38027673463561371E+02  1.47887181744612406E-01  1.84045449877756034E-01  7.05365993790651219E-06  3.88609302116105393E-06  8.58039736989220222E-11  0.00000000000000000E+00  0.00000000000000000E+00
  866.000000  3.34471407117806734E+02  3.34146306070717969E+02  1.44864881686230795E-01  1.80225547000685160E-01  6.84803648341693567E-06  3.77028283626057669E-06  8.25593151728510818E-11  0.00000000000000000E+00  0.00000000000000000E+00
  868.000000  3.30641509948291059E+02  3.30323090571441867E+02  1.41912911667710945E-01  1.76496157932442915E-01  6.64893437993270808E-06  3.65823521223947423E-06  7.94451625469550013E-11  0.00000000000000000E+00  0.00000000000000000E+00
  870.000000  3.26868833547400754E+02  3.26556939247868684E+02  1.39029430344737831E-01  1.72854863163373312E-01  6.45612986569362864E-06  3.54981761983665886E-06  7.64559508232995086E-11  0.00000000000000000E+00  0.00000000000000000E+00
  872.000000  3.23152310645566331E+02  3.22846788965654753E+02  1.36212650089976461E-01  1.69299315437993925E-01  6.26940744608227461E-06  3.44490256678782030E-06  7.35863658546812692E-11  0.00000000000000000E+00  0.00000000000000000E+00
  874.000000  3.19490898024269597E+02  3.19191600519646840E+02  1.33460835260922450E-01  1.65827237364038288E-01  6.08855956607733210E-06  3.34336739210268699E-06  7.08313324221712930E-11  0.00000000000000000E+00  0.00000000000000000E+00
  876.000000  3.15883575877894373E+02  3.15590357999708033E+02  1.30772300529139102E-01  1.62436419108594549E-01  5.91338629657275717E-06  3.24509406933984449E-06  6.81860029087778877E-11  0.00000000000000000E+00  0.00000000000000000E+00
  878.000000  3.12329347195122978E+02  3.12042068175947009E+02  1.28145409268399207E-01  1.59124716177828918E-01  5.74369503394321845E-06  3.14996901845822616E-06  6.56457465379357544E-11  0.00000000000000000E+00  0.00000000000000000E+00
  880.000000  3.08827237159017614E+02  3.08545759902558075E+02  1.25578571999495542E-01  1.55890047276932314E-01  5.57930021225071203E-06  3.05788292584530646E-06  0.00000000000000000E+00  0.00000000000000000E+00  0.00000000000000000E+00
  882.000000  3.05376292565705455E+02  3.05100483539815116E+02  1.23070244889583749E-01  1.52730392247204916E-01  5.42002302753583937E-06  2.96873057214438311E-06  0.00000000000000000E+00  0.00000000000000000E+00  0.00000000000000000E+00
  884.000000  3.01975581259974547E+02  3.01705310393491573E+02  1.20618928303919945E-01  1.49643790077191557E-01  5.26569117364596119E-06  2.88241066751937982E-06  0.00000000000000000E+00  0.00000000000000000E+00  0.00000000000000000E+00
  886.000000  2.98624191588473650E+02  2.98359332171116364E+02  1.18223165408025147E-01  1.46628336984964497E-01  5.11613858908886660E-06  2.79882569401437799E-06  0.00000000000000000E+00  0.00000000000000000E+00  0.00000000000000000E+00
  888.000000  2.95321231868933808E+02  2.95061660454459741E+02  1.15881540818336029E-01  1.43682184568757199E-01  4.97120521442193719E-06  2.71788175468156119E-06  0.00000000000000000E+00  0.00000000000000000E+00  0.00000000000000000E+00
  890.000000  2.92065829875377347E+02  2.91811426187829170E+02  1.13592679299567262E-01  1.40803538023349273E-01  4.83073675970969779E-06  2.63948842916873674E-06  0.00000000000000000E+00  0.00000000000000000E+00  0.00000000000000000E+00
  892.000000  2.88857132338580470E+02  2.88607779181510864E+02  1.11355244506937179E-01  1.37990654419586439E-01  4.69458448160517015E-06  2.56355863547020057E-06  0.00000000000000000E+00  0.00000000000000000E+00  0.00000000000000000E+00
  894.000000  2.85694304461288880E+02  2.85449887629859177E+02  1.09167937771646614E-01  1.35241841044595773E-01  4.56260496962905820E-06  2.49000849756033272E-06  0.00000000000000000E+00  0.00000000000000000E+00  0.00000000000000000E+00
  896.000000  2.82576529447769417E+02  2.82336937643623912E+02  1.07029496927935910E-01  1.32555453800403317E-01  4.43465994124549675E-06  2.41875721864388528E-06  0.00000000000000000E+00  0.00000000000000000E+00  0.00000000000000000E+00
  898.000000  2.79503008047196886E+02  2.79268132796014982E+02  1.04938695180226846E-01  1.29929895658686456E-01  4.31061604534777769E-06  2.34972695976817354E-06  0.00000000000000000E+00  0.00000000000000000E+00  0.00000000000000000E+00
  900.000000  2.76472958110249635E+02  2.76242693681884077E+02  1.02894340008749349E-01  1.27363615169445610E-01  4.19034467378400870E-06  2.28284272355418153E-06  0.00000000000000000E+00  0.00000000000000000E+00  0.00000000000000000E+00
