# Wavelength || Total || n=1 | n=2 | ...
  300.000000  2.40883354576627607E+03  2.26702671378510468E+03  1.54074658984565183E+01  1.25404767870010446E+02  7.70252188190124198E-01  2.23075961263672490E-01  1.20363633188958017E-03  6.61140322697805003E-05  3.12887045091513353E-07
  302.000000  2.53020592166831602E+03  2.38447834558707063E+03  1.61575752096441221E+01  1.28556522509604321E+02  7.89211874678841019E-01  2.23000759499187684E-01  1.20098154418870869E-03  6.44423036480246971E-05  3.03971279657104519E-07
  304.000000  2.65611339019877869E+03  2.50636929334124534E+03  1.69590444445398525E+01  1.31751384033595116E+02  8.09466877190189615E-01  2.22938560749871284E-01  1.19980851346567570E-03  6.28372098309428991E-05  2.95735419731992405E-07
  306.000000  2.78676607805466301E+03  2.63289588115955303E+03  1.78180062922021598E+01  1.34996829218554353E+02  8.31194988384367783E-01  2.22904545753009636E-01  1.20026152071299810E-03  6.13005221523796014E-05  2.88173388916280459E-07
  308.000000  2.92238945218256958E+03  2.76426823406732638E+03  1.87414792900973843E+01  1.38300965808136169E+02  8.54596394616818023E-01  2.22914008828062504E-01  1.20249845502982673E-03  5.98338291543116244E-05  2.81281298436922184E-07
  310.000000  3.06322552360637428E+03  2.90071123340086206E+03  1.97375294066064342E+01  1.41672614842462536E+02  8.79898023247638217E-01  2.22982524939107724E-01  1.20669458291476216E-03  5.84386154734436390E-05  2.75058064483908488E-07
  312.000000  3.20953419205926775E+03  3.04246555923256983E+03  2.08154673004231405E+01  1.45121410105548449E+02  9.07358845953093907E-01  2.23126141920193255E-01  1.21304700493943892E-03  5.71163419600096185E-05  2.69506082373089596E-07
  314.000000  3.36159475485644271E+03  3.18978883005253419E+03  2.19860905307287240E+01  1.48657918363371095E+02  9.37276392247065493E-01  2.23361604396204255E-01  1.22178000341381741E-03  5.58685294605547865E-05  2.64631989831385043E-07
  316.000000  3.51970760894357863E+03  3.34295685151720318E+03  2.32619828000059492E+01  1.52293785092485734E+02  9.69994806983029978E-01  2.23706618055589196E-01  1.23315154817571363E-03  5.46968493223067245E-05  2.60447559616906502E-07
  318.000000  3.68419618219687663E+03  3.50226498796962778E+03  2.46578860948690490E+01  1.56041911751060553E+02  1.00591489398619238E+00  2.24180165822776084E-01  1.24746131498768226E-03  5.36032245787018417E-05  2.56970773064629834E-07
  320.000000  3.85540913941723693E+03  3.66802967270710815E+03  2.61911667350612731E+01  1.59916672441496303E+02  1.04550673721701548E+00  2.24802891487017320E-01  1.26506069255400929E-03  5.25899470901901349E-05  2.54227142501188683E-07
  322.000000  4.03372292081690057E+03  3.84059007563758723E+03  2.78824034043270501E+01  1.63934180226681718E+02  1.08932569880746177E+00  2.25597572002361108E-01  1.28636542537812512E-03  5.16598178544707125E-05  2.52251374106691483E-07
  324.000000  4.21954468719748184E+03  4.02030994999112954E+03  2.97561350349404705E+01  1.68112616637722454E+02  1.13803288668301028E+00  2.26589707812022312E-01  1.31187178419211190E-03  5.08163206062098909E-05  2.51089497300078662E-07
  326.000000  4.41331576783412220E+03  4.20757968289546989E+03  3.18418201580452980E+01  1.72472642411910073E+02  1.19242160404901831E+00  2.27808272493012970E-01  1.34217751011607780E-03  5.00638432512030476E-05  2.50801637743987265E-07
  328.000000  4.61551573603859015E+03  4.40281857719107575E+03  3.41750788267009327E+01  1.77037913769147735E+02  1.25345190201114920E+00  2.29286680920123748E-01  1.37800930087032944E-03  4.94079685405540426E-05  2.51465687707720154E-07
  330.000000  4.82666727527079365E+03  4.60647739195729901E+03  3.67993162237223999E+01  1.81835737403806945E+02  1.32229625493274949E+00  2.31064062593831221E-01  1.42025939035700963E-03  4.88558662298844179E-05  2.53182244693077862E-07
  332.000000  5.04734204619406773E+03  4.81904116205923583E+03  3.97678678366448253E+01  1.86897910149575296E+02  1.40040072698161500E+00  2.33186969824378615E-01  1.47003496964006751E-03  4.84168364209627765E-05  0.00000000000000000E+00
  334.000000  5.27816782118211904E+03  5.04103229016525529E+03  4.31468662864037711E+01  1.92261808118340326E+02  1.48956806351580728E+00  2.35711719459548608E-01  1.52872606341806507E-03  4.81030823731372115E-05  0.00000000000000000E+00
  336.000000  5.51983718975590546E+03  5.27301382477415700E+03  4.70191201500623635E+01  1.97971818749216737E+02  1.59207237188692963E+00  2.38707679299996672E-01  1.59810044363098511E-03  4.79308385202494345E-05  0.00000000000000000E+00
  338.000000  5.77311810712462011E+03  5.51559260937736235E+03  5.14894325278820801E+01  2.04081254630398746E+02  1.71082023369346570E+00  2.42261994274633796E-01  1.68043895198729241E-03  4.79220584536723762E-05  0.00000000000000000E+00
  340.000000  6.03886617415135879E+03  5.76942131489551957E+03  5.66919991978484887E+01  2.10654965064249240E+02  1.84958161566226731E+00  2.46486538775825381E-01  1.77873230640191978E-03  4.81069971539440069E-05  0.00000000000000000E+00
  342.000000  6.31803691070712193E+03  6.03519624543503505E+03  6.28008546705067090E+01  2.17773008376551161E+02  2.01332844492428720E+00  2.51528279942345723E-01  1.89697194031339085E-03  4.85282225146171583E-05  0.00000000000000000E+00
  344.000000  6.61169002383412499E+03  6.31364069101921359E+03  7.00448246984214791E+01  2.25536089360416582E+02  2.20874449832674280E+00  2.57584433444205396E-01  2.04057742807062107E-03  4.92468730113315362E-05  0.00000000000000000E+00
  346.000000  6.92095742889299891E+03  6.60544165514930773E+03  7.87291058387253315E+01  2.34074458954070991E+02  2.44502018726318626E+00  2.64921453834856546E-01  2.21695710490919101E-03  5.03526920888322971E-05  0.00000000000000000E+00
  348.000000  7.24691146427186050E+03  6.91106815336165710E+03  8.92667752413683075E+01  2.43565016514763727E+02  2.73515893588150050E+00  2.73872409106459325E-01  2.43582942093425016E-03  5.19796617542092964E-05  0.00000000000000000E+00
  350.000000  7.59029617178480657E+03  7.23041252686231928E+03  1.02228032690422083E+02  2.54270019580825533E+02  3.09823880345086078E+00  2.84588791340594116E-01  2.71098130167776426E-03  5.40751460417421487E-05  0.00000000000000000E+00
  352.000000  7.95114924653220896E+03  7.56222928022081214E+03  1.18427623407721001E+02  2.66630052679115636E+02  3.56310108364012468E+00  2.96054003105352459E-01  3.08009637948625887E-03  5.50414354573854794E-05  0.00000000000000000E+00
  354.000000  8.33090227360635436E+03  7.90597089604612211E+03  1.39065897625141986E+02  2.81383097412136124E+02  4.16957001947051165E+00  3.09159887150587398E-01  3.59811389733946316E-03  5.45024351157407885E-05  0.00000000000000000E+00
  356.000000  8.73634305323454464E+03  8.26542595372150208E+03  1.66049178058607396E+02  2.99583199698119586E+02  4.94435789447323959E+00  3.36058135902842781E-01  4.24565173987206512E-03  6.00741986738355087E-05  0.00000000000000000E+00
  358.000000  9.16811164719834778E+03  8.63598980483274499E+03  2.02668824627398351E+02  3.23256308610779399E+02  5.80516306557394302E+00  3.86637642340756316E-01  4.83315374037397716E-03  7.52657697374409603E-05  0.00000000000000000E+00
  360.000000  9.64758198485044522E+03  9.03398903595520824E+03  2.54184922732143207E+02  3.52434266629917431E+02  6.52222721046538112E+00  4.46489766651244013E-01  4.95121280102054674E-03  9.13432575369676862E-05  0.00000000000000000E+00
  362.000000  1.02109719056050490E+04  9.49282720274001258E+03  3.26834145954260748E+02  3.83245124630723240E+02  7.57730984373962357E+00  4.82839978210202303E-01  5.18693010288455002E-03  9.55279996491524862E-05  0.00000000000000000E+00
  364.000000  1.08527204186318304E+04  9.98964037526104403E+03  4.32591249989130972E+02  4.20300319797818702E+02  9.66333226797929967E+00  5.18722410660915734E-01  6.32124665313986683E-03  9.76585412625748323E-05  0.00000000000000000E+00
  366.000000  1.15891183419395566E+04  1.05094175886701541E+04  5.95030200452528675E+02  4.70956005751293503E+02  1.31261347038880665E+01  5.79867952001439368E-01  8.43846224510252756E-03  1.05947442835559787E-04  0.00000000000000000E+00
  368.000000  1.24680585523888276E+04  1.10511570626897101E+04  8.55118808110426016E+02  5.42395494329746612E+02  1.86955830160029350E+01  6.79608870437497736E-01  1.18725094553767223E-02  1.22863048043990247E-04  0.00000000000000000E+00
  370.000000  1.35457101943285561E+04  1.16004990516199159E+04  1.27413150781914919E+03  6.42652323974900469E+02  2.75761924676191619E+01  8.33677666460022948E-01  1.72876877847912246E-02  1.51295066377271756E-04  1.79766145014864611E-06
  372.000000  1.47718494293092899E+04  1.20914949186614904E+04  1.87223966291341253E+03  7.67000487412627763E+02  4.00441620797685047E+01  1.04525776151876859E+00  2.47453816248468239E-02  1.92563179885407981E-04  2.53566777460940835E-06
  374.000000  1.55980296675376831E+04  1.23582098563379277E+04  2.35453544676426827E+03  8.34355186831034189E+02  4.96947220468668931E+01  1.20399470263778885E+00  3.02306423178951324E-02  2.27163883486899179E-04  3.04874789208573266E-06
  376.000000  1.52670677620775768E+04  1.23965772488926814E+04  2.15361973964134449E+03  6.71027394819147048E+02  4.48049671408262000E+01  1.01140789498117289E+00  2.68046848125354994E-02  1.96345921186995585E-04  2.65786280655257504E-06
  378.000000  1.46392516898780214E+04  1.27025892715726241E+04  1.51283061749910053E+03  3.92236758581220442E+02  3.09994209813276811E+01  5.77281541497100537E-01  1.82249971826876633E-02  1.14705068737451407E-04  0.00000000000000000E+00
  380.000000  1.45881570599412771E+04  1.33607498787927489E+04  9.77363239371252348E+02  2.30031755855011454E+02  1.97141553870083435E+01  2.86589742351623655E-01  1.13839302663995313E-02  5.68626382433760563E-05  0.00000000000000000E+00
  382.000000  1.49717644790603226E+04  1.41486482098274646E+04  6.41169041785000331E+02  1.69060991160442484E+02  1.27256799842210970E+01  1.53312643542128230E-01  7.21492803598625977E-03  2.87316148290623906E-05  0.00000000000000000E+00
  384.000000  1.55745570888964921E+04  1.49741809203914800E+04  4.38619188956240407E+02  1.53090967181869615E+02  8.56381129302466704E+00  9.74193498208211772E-02  4.76585653109770288E-03  1.58675267622296497E-05  0.00000000000000000E+00
  386.000000  1.62957184572365841E+04  1.58216197456819482E+04  3.13100147384544073E+02  1.54907536297479567E+02  6.01262299892111951E+00  7.51111349282855834E-02  3.28385367014748285E-03  9.88509036271315600E-06  0.00000000000000000E+00
  388.000000  1.70939257185771676E+04  1.66938452763718597E+04  2.31892924779287540E+02  1.63737942356472615E+02  4.37962903369099266E+00  6.75917464092711806E-02  2.34722615046935703E-03  7.06329754735779210E-06  0.00000000000000000E+00
  390.000000  1.79522734866570427E+04  1.75965003835441166E+04  1.77089116016469887E+02  1.75326078307594912E+02  3.28936056223319140E+00  6.68126433644029433E-02  1.72982277679710299E-03  5.76049019609145220E-06  0.00000000000000000E+00
  392.000000  1.88639594045813828E+04  1.85347207414069271E+04  1.38694273409460891E+02  1.87940071158460029E+02  2.53383745735351606E+00  6.91684517852009101E-02  1.30747980962272960E-03  5.21758762074803620E-06  0.00000000000000000E+00
  394.000000  1.98265368226890860E+04  1.95126902635897022E+04  1.10915045918133941E+02  2.00864238557290776E+02  1.99329498036867525E+00  7.29653175560334849E-02  1.00926139004939405E-03  5.06464832838766469E-06  0.00000000000000000E+00
  396.000000  2.08394644016167513E+04  2.05337264786384039E+04  9.02545863496145131E+01  2.13809275944186794E+02  1.59588634784830496E+00  7.73762952031932238E-02  7.92928645085419037E-04  5.11284666715241381E-06  0.00000000000000000E+00
  398.000000  2.19029685004939020E+04  2.16003997250515531E+04  7.45202180380311887E+01  2.26669105697415432E+02  1.29682706168768758E+00  8.19870409190645855E-02  6.32342141612031602E-04  5.26215305047417575E-06  0.00000000000000000E+00
  400.000000  2.30174537974266750E+04  2.27145951669416827E+04  6.22888669935319186E+01  2.39415438041862444E+02  1.06722195785380847E+00  8.65872769265436104E-02  5.10756737246257221E-04  5.45807790715202537E-06  0.00000000000000000E+00
  402.000000  2.41831507420895832E+04  2.38775132514303878E+04  5.26081605668297811E+01  2.52049988712809835E+02  8.87848312349744706E-01  9.10702846372336422E-02  4.17112200453944270E-04  5.67036669183816487E-06  0.00000000000000000E+00
  404.000000  2.53998653131491992E+04  2.50896189377111477E+04  4.48231077497311148E+01  2.64581968395909541E+02  7.45567128608566665E-01  9.53823783483053883E-02  3.43903417579053696E-04  5.88203672415106196E-06  0.00000000000000000E+00
  406.000000  2.66667699486904094E+04  2.63505497820876772E+04  3.84721372493446339E+01  2.77017061033419623E+02  6.31179737914296268E-01  9.94965837065116682E-02  2.85914828233845345E-04  6.08351988442061114E-06  0.00000000000000000E+00
  408.000000  2.79822071642693227E+04  2.76589908716727550E+04  3.32227794960973881E+01  2.89351767857125651E+02  5.38107282485954075E-01  1.03398516279106359E-01  2.39444580433563118E-04  0.00000000000000000E+00  0.00000000000000000E+00
  410.000000  2.93434933196943275E+04  2.90125234299848817E+04  2.88307449396475342E+01  3.01570310298870197E+02  4.61554024737116542E-01  1.07078630857918314E-01  2.01815330402038077E-04  0.00000000000000000E+00  0.00000000000000000E+00
  412.000000  3.07467187239637933E+04  3.04074540477251394E+04  2.51132239070765593E+01  3.13642789713108300E+02  3.97963650724030893E-01  1.10527909876483477E-01  1.71057867447447001E-04  0.00000000000000000E+00  0.00000000000000000E+00
  414.000000  3.21865464349893264E+04  3.18386328058675244E+04  2.19310729042607058E+01  3.25524017170358206E+02  3.44657869249276938E-01  1.13735476143734457E-01  1.45701791139460590E-04  0.00000000000000000E+00  0.00000000000000000E+00
  416.000000  3.36560167511039108E+04  3.32992708588536552E+04  1.91767047743708048E+01  3.37152784200372878E+02  2.99591307352211789E-01  1.16687334005581581E-01  1.24634156591818708E-04  0.00000000000000000E+00  0.00000000000000000E+00
  418.000000  3.51463690342125046E+04  3.47807710978630057E+04  1.67657466296636244E+01  3.48451534512823571E+02  2.61182384796186162E-01  1.19365819937929066E-01  1.07002268184429094E-04  0.00000000000000000E+00  0.00000000000000000E+00
  420.000000  3.66468968146102343E+04  3.62725889986246402E+04  1.46312772254571470E+01  3.59326502039616969E+02  2.28195028527154897E-01  1.21749546218708107E-01  9.21457733964622488E-05  0.00000000000000000E+00  0.00000000000000000E+00
  422.000000  3.81448561260688075E+04  3.77621442153473399E+04  1.27199227678138769E+01  3.69668439367465112E+02  1.99655306406741923E-01  1.23813731162090379E-01  7.95486158342822964E-05  0.00000000000000000E+00  0.00000000000000000E+00
  424.000000  3.96254501443016852E+04  3.92348062701113959E+04  1.09893943088805308E+01  3.79354087417195387E+02  1.74792792702362476E-01  1.25530866774469924E-01  6.88047389730935059E-05  0.00000000000000000E+00  0.00000000000000000E+00
  426.000000  4.10719146886616145E+04  4.06739789755049933E+04  9.40724618674519419E+00  3.88248535614114417E+02  1.53000062393424396E-01  1.26871699849675362E-01  5.95935135825352002E-05  0.00000000000000000E+00  0.00000000000000000E+00
  428.000000  4.24657280311091527E+04  4.20613070487986697E+04  7.95072817957170042E+00  3.96208590171978017E+02  1.33805790974124289E-01  1.27806505816366267E-01  5.16621410939217305E-05  0.00000000000000000E+00  0.00000000000000000E+00
  430.000000  4.37869636985303732E+04  4.33770237399185717E+04  6.60754592571357424E+00  4.03087203573980673E+02  1.16857677252081668E-01  1.28306621870534626E-01  4.48129875781777616E-05  0.00000000000000000E+00  0.00000000000000000E+00
  432.000000  4.50147956516604172E+04  4.46004493927067888E+04  5.37704324497883945E+00  4.08738919930836119E+02  1.01910702460173225E-01  1.28346181311260771E-01  3.88940349970187080E-05  0.00000000000000000E+00  0.00000000000000000E+00
  434.000000  4.61281509891539681E+04  4.57106373496476663E+04  4.27072448114000736E+00  4.13026163060680517E+02  8.88142147994386844E-02  1.27903959162850550E-01  3.37905248288927136E-05  0.00000000000000000E+00  0.00000000000000000E+00
  436.000000  4.71064869537029372E+04  4.66871460557253522E+04  3.31036348174272455E+00  4.15826050473697421E+02  7.74893999711962073E-02  1.26965206391180280E-01  2.94157818192483745E-05  0.00000000000000000E+00  0.00000000000000000E+00
  438.000000  4.79306493467130713E+04  4.75108966549189208E+04  2.52196983175686507E+00  4.17037282407246721E+02  6.78905305433506467E-02  1.25523324697357858E-01  2.56998978180243621E-05  0.00000000000000000E+00  0.00000000000000000E+00
  440.000000  4.85837534401994126E+04  4.81650576439457582E+04  1.92567528870441684E+00  4.16586564106603362E+02  5.99530562817626456E-02  1.23581224953195026E-01  2.25771164019813740E-05  0.00000000000000000E+00  0.00000000000000000E+00
  442.000000  4.90520206622833211E+04  4.86358868901258393E+04  1.52505615969552788E+00  4.14433997069378336E+02  5.35467277273763212E-02  1.21152225018884591E-01  1.99756607388584811E-05  0.00000000000000000E+00  0.00000000000000000E+00
  444.000000  4.93255045734793312E+04  4.89134591834654275E+04  1.30173284790687549E+00  4.10576920112017660E+02  4.84588647788866470E-02  1.18260374604646862E-01  1.78145923335288168E-05  0.00000000000000000E+00  0.00000000000000000E+00
  446.000000  4.93986434362126020E+04  4.89922134243890177E+04  1.21886105878940509E+00  4.05051776010958690E+02  4.44186052374564919E-02  1.14940139662119217E-01  1.60089310258837412E-05  0.00000000000000000E+00  0.00000000000000000E+00
  448.000000  4.92705831193820850E+04  4.88712656566714504E+04  1.23134243541421573E+00  3.97933723897779032E+02  4.11464639178323946E-02  1.11235434420684939E-01  1.44791004746851648E-05  0.00000000000000000E+00  0.00000000000000000E+00
  450.000000  4.89452295375173853E+04  4.85544532678956530E+04  1.29672948487589701E+00  3.89333928630145806E+02  3.84002918017170430E-02  1.07198056084490526E-01  1.31588211303042851E-05  0.00000000000000000E+00  0.00000000000000000E+00
  452.000000  4.84310183783404718E+04  4.80501027181286627E+04  1.38204250766532022E+00  3.79394721316230687E+02  3.59987426476916506E-02  1.02885647104429004E-01  1.19981632936866603E-05  0.00000000000000000E+00  0.00000000000000000E+00
  454.000000  4.77404250977793199E+04  4.73705442751512528E+04  1.46555379386840623E+00  3.68283076712097852E+02  3.38217948405379887E-02  9.83593650537940983E-02  1.09622090552139844E-05  0.00000000000000000E+00  0.00000000000000000E+00
  456.000000  4.68892687164086383E+04  4.65314249617032983E+04  1.53523834019277938E+00  3.56183026621907686E+02  3.17982498153147608E-02  9.36814658619692930E-02  1.00275546316019361E-05  0.00000000000000000E+00  0.00000000000000000E+00
  458.000000  4.58958816758627145E+04  4.55508891655419066E+04  1.58600397818180894E+00  3.43287694058372665E+02  2.98901062088528721E-02  8.89129994351886416E-02  9.17860769427708041E-06  0.00000000000000000E+00  0.00000000000000000E+00
  460.000000  4.47802237362467131E+04  4.44487028851588402E+04  1.61705457156911026E+00  3.29791597024994360E+02  2.80793030286952579E-02  8.41117836372421157E-02  8.40464185577070667E-06  0.00000000000000000E+00  0.00000000000000000E+00
  462.000000  4.35630126710804761E+04  4.32453933062410506E+04  1.62991003567672776E+00  3.15883757903834521E+02  2.63584289818651445E-02  7.93307731364366886E-02  7.69779717110454782E-06  0.00000000000000000E+00  0.00000000000000000E+00
  464.000000  4.22649314705868164E+04  4.19614630102749725E+04  1.62711584240417606E+00  3.01741995548208934E+02  2.47249852441552252E-02  7.46168841187266618E-02  7.05185870687902465E-06  0.00000000000000000E+00  0.00000000000000000E+00
  466.000000  4.09059543065134640E+04  4.06167210199865876E+04  1.61148800358888966E+00  2.87528603586586883E+02  2.31781917379844625E-02  7.00102833963374555E-02  6.46156689388132780E-06  0.00000000000000000E+00  0.00000000000000000E+00
  468.000000  3.95048149157453736E+04  3.92297544748860382E+04  1.58571641181813372E+00  2.73387457022435171E+02  2.17173952115089011E-02  6.55441076183224669E-02  5.92225280252852032E-06  0.00000000000000000E+00  0.00000000000000000E+00
  470.000000  3.80786240261640924E+04  3.78175477901621125E+04  1.55218585178631852E+00  2.59442458774633337E+02  2.03413972488982221E-02  6.12445486548316084E-02  5.42965646001542861E-06  0.00000000000000000E+00  0.00000000000000000E+00
  472.000000  3.66426287749151161E+04  3.63952425236476411E+04  1.51291918656694180E+00  2.45797147607632041E+02  1.90482680799596085E-02  5.71312253602493172E-02  4.97984125251033935E-06  0.00000000000000000E+00  0.00000000000000000E+00
  474.000000  3.52100975673803259E+04  3.49760216865035472E+04  1.46958359341359146E+00  2.32535239564020998E+02  1.78353920451465968E-02  5.32177581454691892E-02  4.56915506474785964E-06  0.00000000000000000E+00  0.00000000000000000E+00
  476.000000  3.37923084624492039E+04  3.35710968596394232E+04  1.42352557849893691E+00  2.19721860963237987E+02  1.66996056820703648E-02  4.95124681442429826E-02  4.19421188546920398E-06  0.00000000000000000E+00  0.00000000000000000E+00
  478.000000  3.23986173404677720E+04  3.21897746206555239E+04  1.37581604011580305E+00  2.07405243428825258E+02  1.56373575176200937E-02  4.60191339085925938E-02  3.85188079389757584E-06  0.00000000000000000E+00  0.00000000000000000E+00
  480.000000  3.10365829266892215E+04  3.08395795640317156E+04  1.32729581304290423E+00  1.95618680695991998E+02  1.46448567135964158E-02  4.27377524781411000E-02  3.53927636995124498E-06  0.00000000000000000E+00  0.00000000000000000E+00
  482.000000  2.97121282727744001E+04  2.95264136841673208E+04  1.27861728516716200E+00  1.84382584604296909E+02  1.37181978962402917E-02  3.96652659697365323E-02  3.25374822054466154E-06  0.00000000000000000E+00  0.00000000000000000E+00
  484.000000  2.84297217205442757E+04  2.82547352703126235E+04  1.23028045229689309E+00  1.73706517098987035E+02  1.28534595629483592E-02  3.67962279359331651E-02  2.99286906209087517E-06  0.00000000000000000E+00  0.00000000000000000E+00
  486.000000  2.71925640519439985E+04  2.70277441040261183E+04  1.18266318772187295E+00  1.63591111802938286E+02  1.20467780299038322E-02  3.41233947659894746E-02  2.75442155166632882E-06  0.00000000000000000E+00  0.00000000000000000E+00
  488.000000  2.60027720345471571E+04  2.58475632229553157E+04  1.13604615904533479E+00  1.54029830259784518E+02  1.12944006001088216E-02  3.16382360305716911E-02  2.53638431586724097E-06  0.00000000000000000E+00  0.00000000000000000E+00
  490.000000  2.48615516503153849E+04  2.47154105675398787E+04  1.09063307840561352E+00  1.45010523274276892E+02  1.05927219452660957E-02  2.93313639624943889E-02  2.33691765290165058E-06  0.00000000000000000E+00  0.00000000000000000E+00
  492.000000  2.37693568333174371E+04  2.36317563460446618E+04  1.04656702148007863E+00  1.36516786903058886E+02  9.93830738133582442E-03  2.71928865026120244E-02  2.15434931594640783E-06  0.00000000000000000E+00  0.00000000000000000E+00
  494.000000  2.27260315235731796E+04  2.25964639212765287E+04  1.00394350408200062E+00  1.28529116208330976E+02  9.32790617367378581E-03  2.52126909031614478E-02  1.98716069061122080E-06  0.00000000000000000E+00  0.00000000000000000E+00
  496.000000  2.17309343122163336E+04  2.16089134815388570E+04  9.62820920311467932E-01  1.21025868799600104E+02  8.75845742645412623E-03  2.33806661656363705E-02  1.83397358644151851E-06  0.00000000000000000E+00  0.00000000000000000E+00
  498.000000  2.07830459813786074E+04  2.06681087814210623E+04  9.23228852367356856E-01  1.13984055448104073E+02  8.22709057800636960E-03  2.16868729572094049E-02  1.69353778337456889E-06  0.00000000000000000E+00  0.00000000000000000E+00
  500.000000  1.98810609143433066E+04  1.97727679077186658E+04  8.85174673130036838E-01  1.07379977595318820E+02  7.73112206947325440E-03  2.01216694009640693E-02  1.56471941176929505E-06  0.00000000000000000E+00  0.00000000000000000E+00
  502.000000  1.90234637489262423E+04  1.89213994226542090E+04  8.48648784150662916E-01  1.01189732191500511E+02  7.26804938309601190E-03  1.86758005080743840E-02  1.44649019801257299E-06  0.00000000000000000E+00  0.00000000000000000E+00
  504.000000  1.82085928418363801E+04  1.81123654320923597E+04  8.13628765251248609E-01  9.53896036393099820E+01  6.83554335123709618E-03  1.73404581909978872E-02  1.33791757431351373E-06  0.00000000000000000E+00  0.00000000000000000E+00
  506.000000  1.74346921638646381E+04  1.73439331800350010E+04  7.80082657065136020E-01  8.99563611771175147E+01  6.43143940659790091E-03  1.61073178897734835E-02  1.23815562840876353E-06  0.00000000000000000E+00  0.00000000000000000E+00
  508.000000  1.66999532026764791E+04  1.66143167295113017E+04  7.47971553224199948E-01  8.48674781803097318E+01  6.05372826619784542E-03  1.49685569409965073E-02  1.14643685403826621E-06  0.00000000000000000E+00  0.00000000000000000E+00
  510.000000  1.60025483479031791E+04  1.59217101899514619E+04  7.17251642974556125E-01  8.01012878413010014E+01  5.70054640584612832E-03  1.39168589716100674E-02  1.06206465413857974E-06  0.00000000000000000E+00  0.00000000000000000E+00
  512.000000  1.53406570984297086E+04  1.52643138183765132E+04  6.87875816263996076E-01  7.56370876781130193E+01  5.37016657892691335E-03  1.29454078348694886E-02  9.84406544081399517E-07  0.00000000000000000E+00  0.00000000000000000E+00
  514.000000  1.47124862829920712E+04  1.46403541748735188E+04  6.59794920449009892E-01  7.14552034227239545E+01  5.06098855595522000E-03  1.20478739356901596E-02  9.12888000696374123E-07  0.00000000000000000E+00  0.00000000000000000E+00
  516.000000  1.41162853347744021E+04  1.40480993641508430E+04  6.32958739570296358E-01  6.75370211115789942E+01  4.77153020359079132E-03  1.12183952184479307E-02  8.46986903295124415E-07  0.00000000000000000E+00  0.00000000000000000E+00
  518.000000  1.35503575166396440E+04  1.34858702524585988E+04  6.07316752693692452E-01  6.38649946685341590E+01  4.50041897898877195E-03  1.04515546074073658E-02  7.86228514754784259E-07  0.00000000000000000E+00  0.00000000000000000E+00
  520.000000  1.30130678605964204E+04  1.29520484174702633E+04  5.82818716345501087E-01  6.04226349404557226E+01  4.24638388394114972E-03  9.74235529000258733E-03  7.30180953414072963E-07  0.00000000000000000E+00  0.00000000000000000E+00
  522.000000  1.25028484653323667E+04  1.24450814700946867E+04  5.59415106960763464E-01  5.71944850094628947E+01  4.00824790040381525E-03  9.08619490624938513E-03  6.78451109709856957E-07  0.00000000000000000E+00  0.00000000000000000E+00
  524.000000  1.20182016900471954E+04  1.19634862825554410E+04  5.37057452027809634E-01  5.41660856486891689E+01  3.78492091264490257E-03  8.47883944354902927E-03  6.30680964889414489E-07  0.00000000000000000E+00  0.00000000000000000E+00
  526.000000  1.15577016910113580E+04  1.15058505660707142E+04  5.15698572853756310E-01  5.13239339907096408E+01  3.57539310971723926E-03  7.91639742518207915E-03  5.86544272587704171E-07  0.00000000000000000E+00  0.00000000000000000E+00
  528.000000  1.11199946685437626E+04  1.10708331633972211E+04  4.95292757290800967E-01  4.86554378198392783E+01  3.37872885406043230E-03  7.39529481406866942E-03  5.45743567448688265E-07  0.00000000000000000E+00  0.00000000000000000E+00
  530.000000  1.07037981252382888E+04  1.06571633551798150E+04  4.75795877106102993E-01  4.61488673614410772E+01  3.19406099682629195E-03  6.91225092298245261E-03  5.08007468216703885E-07  0.00000000000000000E+00  0.00000000000000000E+00
  532.000000  1.03078993799264135E+04  1.02636394231457689E+04  4.57165461756334324E-01  4.37933060046628739E+01  3.02058561727972094E-03  6.46425552152794097E-03  4.73088245781049977E-07  0.00000000000000000E+00  0.00000000000000000E+00
  534.000000  9.93115353482565479E+03  9.88912666649886887E+03  4.39360737992363082E-01  4.15786010436207789E+01  2.85755716184914535E-03  6.04854725314453792E-03  4.40759629504498185E-07  0.00000000000000000E+00  0.00000000000000000E+00
  536.000000  9.57248105422268054E+03  9.53255502905063804E+03  4.22342642847873317E-01  3.94953152410055566E+01  2.70428395765714676E-03  5.66259341731008194E-03  4.10814827789917407E-07  0.00000000000000000E+00  0.00000000000000000E+00
  538.000000  9.23086508076298560E+03  9.19291646257349930E+03  4.06073816064147497E-01  3.75346797951524707E+01  2.56012407536502238E-03  5.30407112906326663E-03  3.83064741241313423E-07  0.00000000000000000E+00  0.00000000000000000E+00
  540.000000  8.90534858893064302E+03  8.86926212554894846E+03  3.90518576798689787E-01  3.56885491162056638E+01  2.42448151669450796E-03  4.97084983672138169E-03  3.57336348963555600E-07  0.00000000000000000E+00  0.00000000000000000E+00
  542.000000  8.59503145362512441E+03  8.56069949494533830E+03  3.75642888495435479E-01  3.39493576799604782E+01  2.29680270286065306E-03  4.66097515658715246E-03  3.33471250527100360E-07  0.00000000000000000E+00  0.00000000000000000E+00
  544.000000  8.29906749413841135E+03  8.26638945116275499E+03  3.61414315014601695E-01  3.23100791221074672E+01  2.17657324125534275E-03  4.37265396845975922E-03  3.11324347915985033E-07  0.00000000000000000E+00  0.00000000000000000E+00
  546.000000  8.01666153957066854E+03  7.98554338209917478E+03  3.47801970491836476E-01  3.07641876545843793E+01  2.06331494895695741E-03  4.10424070618358242E-03  2.90762653391425922E-07  0.00000000000000000E+00  0.00000000000000000E+00
  548.000000  7.74706655024452539E+03  7.71742034087542834E+03  3.34776464889779912E-01  2.93056218246584734E+01  1.95658311294877102E-03  3.85422477198154537E-03  2.71664210655219594E-07  0.00000000000000000E+00  0.00000000000000000E+00
  550.000000  7.48958082047682547E+03  7.46132428260111828E+03  3.22309846797033506E-01  2.79287505920234480E+01  1.85596396825548401E-03  3.62121900087359174E-03  2.53917118000500399E-07  0.00000000000000000E+00  0.00000000000000000E+00
  552.000000  7.24354528073391702E+03  7.21660139826403793E+03  3.10375544699751704E-01  2.66283416662830597E+01  1.76107237652003415E-03  3.40394910126484576E-03  2.37418643306199438E-07  0.00000000000000000E+00  0.00000000000000000E+00
  554.000000  7.00834091139708016E+03  6.98263755804958782E+03  2.98948307685952319E-01  2.53995320240447953E+01  1.67154968882048355E-03  3.20124399917298859E-03  2.22074421778794966E-07  0.00000000000000000E+00  0.00000000000000000E+00
  556.000000  6.78338627580239336E+03  6.75885587185022450E+03  2.88004146328003141E-01  2.42378005092497695E+01  1.58706177775011048E-03  3.01202701605899573E-03  2.07797728282423745E-07  0.00000000000000000E+00  0.00000000000000000E+00
  558.000000  6.56813517666183088E+03  6.54471437117736423E+03  2.77520274316618798E-01  2.31389424106029580E+01  1.50729722494600594E-03  2.83530781345951721E-03  1.94508816937446362E-07  0.00000000000000000E+00  0.00000000000000000E+00
  560.000000  6.36207443723874894E+03  6.33970381395993900E+03  2.67475051280710363E-01  2.20990459047020629E+01  1.43196565134651069E-03  2.67017504131623418E-03  1.82134321418360248E-07  0.00000000000000000E+00  0.00000000000000000E+00
  562.000000  6.16472180655817101E+03  6.14334561162312912E+03  2.57847927116243159E-01  2.11144702515105998E+01  1.36079617848153690E-03  2.51578963083712737E-03  1.70606710053355843E-07  0.00000000000000000E+00  0.00000000000000000E+00
  564.000000  5.97562398636930902E+03  5.95518987627730985E+03  2.48619388057520513E-01  2.01818256293907190E+01  1.29353601005283906E-03  2.37137867675954461E-03  1.59863790428431237E-07  0.00000000000000000E+00  0.00000000000000000E+00
  566.000000  5.79435477643890317E+03  5.77481358470610303E+03  2.39770904653272277E-01  1.92979544993167131E+01  1.22994912394747244E-03  2.23622985790260503E-03  1.49848258736546065E-07  0.00000000000000000E+00  0.00000000000000000E+00
  568.000000  5.62051333393602908E+03  5.60181885502080786E+03  2.31284881753092003E-01  1.84599143915472972E+01  1.16981506564466336E-03  2.10968634881003592E-03  1.40507289592973797E-07  0.00000000000000000E+00  0.00000000000000000E+00
  570.000000  5.45372254212199005E+03  5.43583133129701946E+03  2.23144610564602774E-01  1.76649620126012223E+01  1.11292783473113371E-03  1.99114217904872853E-03  1.31792162468421527E-07  0.00000000000000000E+00  0.00000000000000000E+00
  572.000000  5.29362748320733499E+03  5.27649867115254256E+03  2.15334222806373377E-01  1.69105385754706496E+01  1.05909485693327608E-03  1.88003800029873554E-03  1.23657921276605954E-07  0.00000000000000000E+00  0.00000000000000000E+00
  574.000000  5.13989401006342450E+03  5.12348913104567055E+03  2.07838646954176531E-01  1.61942562614763901E+01  1.00813603471439626E-03  1.77585722473848719E-03  1.16063063998258744E-07  0.00000000000000000E+00  0.00000000000000000E+00
  576.000000  4.99220741139831080E+03  4.97649024398972870E+03  2.00643566556420877E-01  1.55138857276850644E+01  9.59882870067887213E-04  1.67812250136589063E-03  1.08969259532310247E-07  0.00000000000000000E+00  0.00000000000000000E+00
  578.000000  4.85027116504744845E+03  4.83520758441496491E+03  1.93735380578586192E-01  1.48673445794101724E+01  9.14177653675343738E-04  1.58639249982034445E-03  1.02341089242303550E-07  0.00000000000000000E+00  0.00000000000000000E+00
  580.000000  4.71380577412543789E+03  4.69936361499910890E+03  1.87101165724266078E-01  1.42526867327695488E+01  8.70872715089200601E-04  1.50025897396866416E-03  9.61458109144517854E-08  0.00000000000000000E+00  0.00000000000000000E+00
  582.000000  4.58254768093223174E+03  4.56869661042983989E+03  1.80728640671371954E-01  1.36680925975584486E+01  8.29829729048132654E-04  1.41934408000382443E-03  9.03531430665671987E-08  0.00000000000000000E+00  0.00000000000000000E+00
  584.000000  4.45624825369913651E+03  4.44295965324925601E+03  1.74606132156013977E-01  1.31118600157893024E+01  7.90919073445474807E-04  1.34329792609011022E-03  8.49350677472865235E-08  0.00000000000000000E+00  0.00000000000000000E+00
  586.000000  4.33467284146667043E+03  4.32191969713234175E+03  1.68722542832300593E-01  1.25823958960635061E+01  7.54019234845819094E-04  1.27179633267736282E-03  7.98656501445835970E-08  0.00000000000000000E+00  0.00000000000000000E+00
  588.000000  4.21759989261091414E+03  4.20535669317142128E+03  1.63067320833911372E-01  1.20782084884955392E+01  7.19016257788328609E-04  1.20453878451659275E-03  7.51208734840201734E-08  0.00000000000000000E+00  0.00000000000000000E+00
  590.000000  4.10482013277463557E+03  4.09306277497399560E+03  1.57630430962194867E-01  1.15979002492072070E+01  6.85803234429761431E-04  1.14124655715257652E-03  7.06784878424109522E-08  0.00000000000000000E+00  0.00000000000000000E+00
  592.000000  3.99613579818852168E+03  3.98484149860635353E+03  1.52402327425513295E-01  1.11401612473909584E+01  6.54279831366008711E-04  1.08166100225269199E-03  6.65178716330290498E-08  0.00000000000000000E+00  0.00000000000000000E+00
  594.000000  3.89135992060843637E+03  3.88050713365224556E+03  1.47373928055158976E-01  1.07037630716879182E+01  6.24351850733426183E-04  1.02554197757523673E-03  6.26199046360697932E-08  0.00000000000000000E+00  0.00000000000000000E+00
  596.000000  3.79031566032288947E+03  3.77988400188068272E+03  1.42536589924764756E-01  1.02875531960833850E+01  5.95930822930684366E-04  9.72666408690143753E-04  5.89668515539145655E-08  0.00000000000000000E+00  0.00000000000000000E+00
  598.000000  3.69283568390620985E+03  3.68280586023504156E+03  1.37882086301707785E-01  9.89044976872496839E+00  5.68933628519938984E-04  9.22826970753736582E-04  5.55422551660260418E-08  0.00000000000000000E+00  0.00000000000000000E+00
  600.000000  3.59876158361485022E+03  3.58911532507457696E+03  1.33402584861458173E-01  9.51143679005414810E+00  5.43282147067270763E-04  8.75830879720131995E-04  5.23308382444079971E-08  0.00000000000000000E+00  0.00000000000000000E+00
  602.000000  3.50794333552023772E+03  3.49866333479275590E+03  1.29090627097956823E-01  9.14955964935162669E+00  5.18902930863609081E-04  8.31498783347493276E-04  4.93184134679628149E-08  0.00000000000000000E+00  0.00000000000000000E+00
  604.000000  3.42023879367827749E+03  3.41130864814092592E+03  1.24939108866028353E-01  8.80392099134884099E+00  4.95726901636106424E-04  7.89663743246982641E-04  4.64918006442437565E-08  0.00000000000000000E+00  0.00000000000000000E+00
  606.000000  3.33551321780920671E+03  3.32691737575715752E+03  1.20941261994125623E-01  8.47367688684767550E+00  4.73689068511167562E-04  7.50170300022793917E-04  4.38387506101674688E-08  0.00000000000000000E+00  0.00000000000000000E+00
  608.000000  3.25363883214869156E+03  3.24536254258509871E+03  1.17090636908893028E-01  8.15803328345600853E+00  4.52728265631929653E-04  7.12873614282466084E-04  4.13478752405408769E-08  0.00000000000000000E+00  0.00000000000000000E+00
  610.000000  3.17449441328304601E+03  3.16652367901776279E+03  1.13381086215363538E-01  7.85624271447455413E+00  4.32786907959328599E-04  6.77638676953226378E-04  3.90085830447624800E-08  0.00000000000000000E+00  0.00000000000000000E+00
  612.000000  3.09796490494580030E+03  3.09028643876366868E+03  1.09806749179624935E-01  7.56760124579436244E+00  4.13810763904433386E-04  6.44339582939615157E-04  3.68110198789101197E-08  0.00000000000000000E+00  0.00000000000000000E+00
  614.000000  3.02394105788866136E+03  3.01654224156695227E+03  1.06362037063278278E-01  7.29144564229388514E+00  3.95748743546028641E-04  6.12858862696958771E-04  3.47460143426366493E-08  0.00000000000000000E+00  0.00000000000000000E+00
  616.000000  2.95231909308154081E+03  2.94518793905315260E+03  1.03041619261769107E-01  7.02715073675334345E+00  3.78552701286576218E-04  5.83086866786795897E-04  3.28050274686775906E-08  0.00000000000000000E+00  0.00000000000000000E+00
  618.000000  2.88300038661667986E+03  2.87612550209136953E+03  9.98404102011246353E-02  6.77412698567837879E+00  3.62177251889247943E-04  5.54921198923487486E-04  3.09801063474410276E-08  0.00000000000000000E+00  0.00000000000000000E+00
  620.000000  2.81589117481064613E+03  2.80926172818093983E+03  9.67535569500618808E-02  6.53181819769975647E+00  3.46579598921485719E-04  5.28266193424081548E-04  2.92638413606408197E-08  0.00000000000000000E+00  0.00000000000000000E+00
  622.000000  2.75090227810736951E+03  2.74450796747902450E+03  9.37764275068688896E-02  6.29969942138108951E+00  3.31719374706502439E-04  5.03032433338504665E-04  2.76493267264983420E-08  0.00000000000000000E+00  0.00000000000000000E+00
  624.000000  2.68794884248425842E+03  2.68177986618328032E+03  9.09045997226101687E-02  6.07727498032824442E+00  3.17558490953352745E-04  4.79136305867554335E-04  2.61301240849352225E-08  0.00000000000000000E+00  0.00000000000000000E+00
  626.000000  2.62695009715945343E+03  2.62099712607886158E+03  8.81338508244720042E-02  5.86407664447583610E+00  3.04060999300376537E-04  4.56499591976671372E-04  2.47002288747366415E-08  0.00000000000000000E+00  0.00000000000000000E+00
  628.000000  2.56782912748353283E+03  2.56208327914330903E+03  8.54601475050193182E-02  5.65966192731701501E+00  2.91192961065148430E-04  4.35049087385286901E-04  2.33540392760325306E-08  0.00000000000000000E+00  0.00000000000000000E+00
  630.000000  2.51051266198004669E+03  2.50496547618317436E+03  8.28796365451386075E-02  5.46361249966345675E+00  2.78922325548042541E-04  4.14716252358794321E-04  2.20863275108926388E-08  0.00000000000000000E+00  0.00000000000000000E+00
  632.000000  2.45493087257458319E+03  2.44957428855077160E+03  8.03886359403014061E-02  5.27553271127517753E+00  2.67218816286060178E-04  3.95436887954528739E-04  2.08922133125189116E-08  0.00000000000000000E+00  0.00000000000000000E+00
  634.000000  2.40101718712001230E+03  2.39584352205669848E+03  7.79836265014911267E-02  5.09504821238463901E+00  2.56053824698897778E-04  3.77150836576671197E-04  1.97671393895968727E-08  0.00000000000000000E+00  0.00000000000000000E+00
  636.000000  2.34870811339080456E+03  2.34371004225840443E+03  7.56612439038408247E-02  4.92180466777371350E+00  2.45400310611271840E-04  3.59801704880360115E-04  1.87068487270330166E-08  0.00000000000000000E+00  0.00000000000000000E+00
  638.000000  2.29794307377813993E+03  2.29311361036331982E+03  7.34182711575983721E-02  4.75546655663839424E+00  2.35232709173939991E-04  3.43336607233366963E-04  1.77073635776439330E-08  0.00000000000000000E+00  0.00000000000000000E+00
  640.000000  2.24866424997273498E+03  2.24399672903971259E+03  7.12516314774903764E-02  4.59571605200779931E+00  2.25526843741365602E-04  3.27705928096895147E-04  1.67649660115321259E-08  0.00000000000000000E+00  0.00000000000000000E+00
  642.000000  2.20081643697255913E+03  2.19630449747824059E+03  6.91583815279847580E-02  4.44225197396841942E+00  2.16259844296550727E-04  3.12863101826070446E-04  1.58761799009664336E-08  0.00000000000000000E+00  0.00000000000000000E+00
  644.000000  2.15434690580082270E+03  2.14998447509488869E+03  6.71357050232607860E-02  4.29478881139374824E+00  2.07410071043789661E-04  2.98764408517652080E-04  1.50377542287156343E-08  0.00000000000000000E+00  0.00000000000000000E+00
  646.000000  2.10920527436180100E+03  2.10498655330777910E+03  6.51809066619180449E-02  4.15305580728553547E+00  1.98957042817657825E-04  2.85368784647636994E-04  1.42466476170050519E-08  0.00000000000000000E+00  0.00000000000000000E+00
  648.000000  2.06534338590355674E+03  2.06126283486144939E+03  6.32914063776883473E-02  4.01679610321202318E+00  1.90881369982327413E-04  2.72637647346771401E-04  1.35000139827145586E-08  0.00000000000000000E+00  0.00000000000000000E+00
  650.000000  2.02271519459434739E+03  2.01876752020956724E+03  6.14647338884490996E-02  3.88576593867367981E+00  1.83164691518784546E-04  2.60534731257759840E-04  1.27951892321315022E-08  0.00000000000000000E+00  0.00000000000000000E+00
  652.000000  1.98127665775135210E+03  1.97745680049860289E+03  5.96985235268958983E-02  3.75973390153964360E+00  1.75789616019222185E-04  2.49025937005061589E-04  1.21296789156084468E-08  0.00000000000000000E+00  0.00000000000000000E+00
  654.000000  1.94098563429682690E+03  1.93728875673113362E+03  5.79905093372454425E-02  3.63848022599779952E+00  1.68739666328250062E-04  2.38079190388396409E-04  1.15011467689340612E-08  0.00000000000000000E+00  0.00000000000000000E+00
  656.000000  1.90180178904227409E+03  1.89822326471268275E+03  5.63385204231926159E-02  3.52179613472169573E+00  1.61999227588854140E-04  2.27664311483314708E-04  1.09074040740948781E-08  0.00000000000000000E+00  0.00000000000000000E+00
  658.000000  1.86368650243147636E+03  1.86022190541599616E+03  5.47404765332758850E-02  3.40948322220914912E+00  1.55553498468409134E-04  2.17752892898973141E-04  1.03463997775114693E-08  0.00000000000000000E+00  0.00000000000000000E+00
  660.000000  1.82660278539706746E+03  1.82324788042027740E+03  5.31943838705464245E-02  3.30135287647151499E+00  1.49388445355771955E-04  2.08318186503757947E-04  9.81621130876085470E-09  0.00000000000000000E+00  0.00000000000000000E+00
  662.000000  1.79051519901033180E+03  1.78726593210768169E+03  5.16983311142687821E-02  3.19722573646362873E+00  1.43490759335294319E-04  1.99334997985040703E-04  9.31503604732612885E-09  0.00000000000000000E+00  0.00000000000000000E+00
  664.000000  1.75538977862441516E+03  1.75224226831969304E+03  5.02504856420508753E-02  3.09693118283458713E+00  1.37847815757046301E-04  1.90779588659927712E-04  8.84118338905189083E-09  0.00000000000000000E+00  0.00000000000000000E+00
  666.000000  1.72119396223259582E+03  1.71814449119728260E+03  4.88490899414712118E-02  3.00030685975855027E+00  1.32447636235181294E-04  1.82629584000421280E-04  8.39306736778755151E-09  0.00000000000000000E+00  0.00000000000000000E+00
  668.000000  1.68789652278145536E+03  1.68494152994677711E+03  4.74924582009631016E-02  2.90719822576701770E+00  1.27278852918016796E-04  1.74863888378829955E-04  7.96919979118610363E-09  0.00000000000000000E+00  0.00000000000000000E+00
  670.000000  1.65546750419590285E+03  1.65260357729032989E+03  4.61789730702006282E-02  2.81745813165403991E+00  1.22330674884070289E-04  1.67462605578146741E-04  7.56818385281703493E-09  0.00000000000000000E+00  0.00000000000000000E+00
  672.000000  1.62387816089078569E+03  1.62110202937752797E+03  4.49070825809284729E-02  2.73094642366710039E+00  1.17592856528476761E-04  1.60406964647920905E-04  7.18870818569975733E-09  0.00000000000000000E+00  0.00000000000000000E+00
  674.000000  1.59310090055712203E+03  1.59040942894783234E+03  4.36752972195892236E-02  2.64752957032203629E+00  1.13055667813292263E-04  1.53679250718672755E-04  6.82954132504817539E-09  0.00000000000000000E+00  0.00000000000000000E+00
  676.000000  1.56310923002545087E+03  1.56049941154791213E+03  4.24821871436312434E-02  2.56708031129894776E+00  1.08709866263812993E-04  1.47262740417907216E-04  6.48952655049707450E-09  0.00000000000000000E+00  0.00000000000000000E+00
  678.000000  1.53387770402248066E+03  1.53134665462148018E+03  4.13263795338736292E-02  2.48947732698692459E+00  1.04546670601078111E-04  1.41141641558359751E-04  6.16757708036072327E-09  0.00000000000000000E+00  0.00000000000000000E+00
  680.000000  1.50538187664890347E+03  1.50292682930084698E+03  4.02065560757027193E-02  2.41460492734545928E+00  1.00557735908054282E-04  1.35301036794326237E-04  5.86267159256381387E-09  0.00000000000000000E+00  0.00000000000000000E+00
  682.000000  1.47759825541652845E+03  1.47521655473958890E+03  3.91214505622914863E-02  2.34235275884226413E+00  9.67351302338280363E-05  1.29726830965011276E-04  5.57385004880773346E-09  0.00000000000000000E+00  0.00000000000000000E+00
  684.000000  1.45050425769531148E+03  1.44819335483806640E+03  3.80698466134404140E-02  2.27261552831685654E+00  9.30713125466138650E-05  1.24405701865336045E-04  5.30020980031284899E-09  0.00000000000000000E+00  0.00000000000000000E+00
  686.000000  1.42407816942840259E+03  1.42183561722099626E+03  3.70505755039709228E-02  2.20529274269535325E+00  8.95591119521801931E-05  1.19325054204017455E-04  5.04090195510030015E-09  0.00000000000000000E+00  0.00000000000000000E+00
  688.000000  1.39829910598381343E+03  1.39612255433667951E+03  3.60625140959583979E-02  2.14028846355843294E+00  8.61917080998771839E-05  1.14472976526882250E-04  4.79512798828332199E-09  0.00000000000000000E+00  0.00000000000000000E+00
  690.000000  1.37314697501934370E+03  1.37103416655546675E+03  3.51045828694169781E-02  2.07751107563204984E+00  8.29626127035597050E-05  1.09838200899919206E-04  4.56213657822018256E-09  0.00000000000000000E+00  0.00000000000000000E+00
  692.000000  1.34860244124474207E+03  1.34655120715230419E+03  3.41757440463304890E-02  2.01687306833305247E+00  7.98656521094006803E-05  1.05410065161773162E-04  4.34122065265281437E-09  0.00000000000000000E+00  0.00000000000000000E+00
  694.000000  1.32464689297320706E+03  1.32265514906628187E+03  3.32749998032340413E-02  1.95829082956208311E+00  7.68949508470936606E-05  1.01178477569513218E-04  4.13171463013368784E-09  0.00000000000000000E+00  0.00000000000000000E+00
  696.000000  1.30126241036030956E+03  1.29932815333602002E+03  3.24013905677901365E-02  1.90168445098906602E+00  7.40449161049928613E-05  9.71338836743796487E-05  3.93299184312388109E-09  0.00000000000000000E+00  0.00000000000000000E+00
  698.000000  1.27843173523560722E+03  1.27655303911688065E+03  3.15539933950742604E-02  1.84697754412861448E+00  7.13102230736325571E-05  9.32672352762072351E-05  3.74446213014736625E-09  0.00000000000000000E+00  0.00000000000000000E+00
  700.000000  1.25613824243694330E+03  1.25431325519064808E+03  3.07319204195066406E-02  1.79409706654752177E+00  6.86858011055700479E-05  8.95699613161325008E-05  3.56556958530557441E-09  0.00000000000000000E+00  0.00000000000000000E+00
  702.000000  1.23436591256426095E+03  1.23259285288513320E+03  2.99343173786020961E-02  1.74297315759221827E+00  6.61668206429000055E-05  8.60339405774486037E-05  3.39579045431178984E-09  0.00000000000000000E+00  0.00000000000000000E+00
  704.000000  1.21309930607400815E+03  1.21137646032534894E+03  2.91603622049129360E-02  1.69353898306287998E+00  6.37486808668325867E-05  8.26514760737545340E-05  3.23463116698813992E-09  0.00000000000000000E+00  0.00000000000000000E+00
  706.000000  1.19232353864030188E+03  1.19064925794296937E+03  2.84092636827338041E-02  1.64573058829900654E+00  6.14269980266411931E-05  7.94152710122288103E-05  3.08162649689574497E-09  0.00000000000000000E+00  0.00000000000000000E+00
  708.000000  1.17202425771357957E+03  1.17039695517530004E+03  2.76802601663288239E-02  1.59948675917616945E+00  5.91975944079785427E-05  7.63184062278427427E-05  2.93633783943969899E-09  0.00000000000000000E+00  0.00000000000000000E+00
  710.000000  1.15218762021103771E+03  1.15060576828853050E+03  2.69726183566088885E-02  1.55474889054519005E+00  5.70564879030490278E-05  7.33543189916694398E-05  2.79835160040965091E-09  0.00000000000000000E+00  0.00000000000000000E+00
  712.000000  1.13280027127848075E+03  1.13126239926533776E+03  2.62856321333706199E-02  1.51146086167714166E+00  5.49998821475386373E-05  7.05167831033632161E-05  2.66727768749412392E-09  0.00000000000000000E+00  0.00000000000000000E+00
  714.000000  1.11384932406525309E+03  1.11235401569891928E+03  2.56186214403387527E-02  1.46956891830337288E+00  5.30241571913109245E-05  6.77998901840858064E-05  2.54274809783323094E-09  0.00000000000000000E+00  0.00000000000000000E+00
  716.000000  1.09532234045816813E+03  1.09386823163976351E+03  2.49709312204129813E-02  1.42902156086698051E+00  5.11258606719681863E-05  6.51980320920532528E-05  2.42441559516780363E-09  0.00000000000000000E+00  0.00000000000000000E+00
  718.000000  1.07720731272337775E+03  1.07579308934445703E+03  2.43419303986587635E-02  1.38976943862634017E+00  4.93016994622768909E-05  6.27058843882670908E-05  2.31195247059733825E-09  0.00000000000000000E+00  0.00000000000000000E+00
  720.000000  1.05949264600861466E+03  1.05811704187930195E+03  2.37310109107173109E-02  1.35176524927445008E+00  4.75485317642610964E-05  6.03183907850276293E-05  2.20504938138047602E-09  0.00000000000000000E+00  0.00000000000000000E+00
  722.000000  1.04216714166020233E+03  1.04082893653345832E+03  2.31375867744229684E-02  1.31496364375793373E+00  4.58633596243966389E-05  5.80307485144119768E-05  2.10341426260038394E-09  0.00000000000000000E+00  0.00000000000000000E+00
  724.000000  1.02521998131189616E+03  1.02391799899897126E+03  2.25610932025198350E-02  1.27932113599935549E+00  4.42433218459015903E-05  5.58383945582030953E-05  2.00677130687835389E-09  0.00000000000000000E+00  0.00000000000000000E+00
  726.000000  1.00864071170639659E+03  1.00737381827880097E+03  2.20009857545253942E-02  1.24479601724640476E+00  4.26856872756360218E-05  5.37369926848062652E-05  1.91486000765636777E-09  0.00000000000000000E+00  0.00000000000000000E+00
  728.000000  9.92419230210671003E+02  9.91186332284261880E+02  2.14567395258332128E-02  1.21134827478618767E+00  4.11878484443962595E-05  5.17224212422766666E-05  1.82743426187580752E-09  0.00000000000000000E+00  0.00000000000000000E+00
  730.000000  9.76545770990250844E+02  9.75345814087275926E+02  2.09278483722914153E-02  1.17893951478113035E+00  3.97473155407416313E-05  4.97907616601051673E-05  1.74426152817045839E-09  0.00000000000000000E+00  0.00000000000000000E+00
  732.000000  9.61010891808172573E+02  9.59842858793344362E+02  2.04138241685522803E-02  1.14753288899608097E+00  3.83617106996322836E-05  4.79382876155125501E-05  1.66512203695646827E-09  0.00000000000000000E+00  0.00000000000000000E+00
  734.000000  9.45805461417382617E+02  9.44668371004275173E+02  1.99141960986045953E-02  1.11709302520162979E+00  3.70287625883166773E-05  4.61614548230182784E-05  1.58980804905152505E-09  0.00000000000000000E+00  0.00000000000000000E+00
  736.000000  9.30920647516353142E+02  9.29813552840614761E+02  1.94285099769612099E-02  1.08758596105066907E+00  3.57463012729213099E-05  4.44568914087477019E-05  1.51812315968384861E-09  0.00000000000000000E+00  0.00000000000000000E+00
  738.000000  9.16347905239513580E+02  9.15269892495584827E+02  1.89563275990513105E-02  1.05897908123761986E+00  3.45122533501831491E-05  4.28213888335009693E-05  1.44988164496538595E-09  0.00000000000000000E+00  0.00000000000000000E+00
  740.000000  9.02078966156038405E+02  9.01029153294241723E+02  1.84972261194645514E-02  1.03124105776152830E+00  3.33246373297039534E-05  4.12518933309918102E-05  1.38490784810249758E-09  0.00000000000000000E+00  0.00000000000000000E+00
  742.000000  8.88105827751869697E+02  8.87083363232908027E+02  1.80507974567340988E-02  1.00434179312477045E+00  3.21815592529474753E-05  3.97454978298591503E-05  1.32303560280075503E-09  0.00000000000000000E+00  0.00000000000000000E+00
  744.000000  8.74420743370459832E+02  8.73424804974521294E+02  1.76166477234272166E-02  9.78252366308096977E-01  3.10812085359949935E-05  3.82994343300674766E-05  1.26410769149100271E-09  0.00000000000000000E+00  0.00000000000000000E+00
  746.000000  8.61016212590538885E+02  8.60046006278356003E+02  1.71943966803768909E-02  9.52944981373887279E-01  3.00218540238758891E-05  3.69110667062862326E-05  1.20797533616450921E-09  0.00000000000000000E+00  0.00000000000000000E+00
  748.000000  8.47884972018880376E+02  8.46939730842231484E+02  1.67836772139279937E-02  9.28392918556382951E-01  2.90018402449450082E-05  3.55778839125437464E-05  1.15449771975082494E-09  0.00000000000000000E+00  0.00000000000000000E+00
  750.000000  8.35019986478400256E+02  8.34098969537676908E+02  1.63841348351583330E-02  9.04570487707232140E-01  2.80195838544944558E-05  3.42974935641539709E-05  1.10354153611115586E-09  0.00000000000000000E+00  0.00000000000000000E+00
  752.000000  8.22414440572330136E+02  8.21516932018917373E+02  1.59954272000533450E-02  8.81452983971573456E-01  2.70735702573779532E-05  3.30676158744240304E-05  1.05498056684665005E-09  0.00000000000000000E+00  0.00000000000000000E+00
  754.000000  8.10061730605974162E+02  8.09187038687310519E+02  1.56172236496817333E-02  8.59016645576823112E-01  2.61623504000155228E-05  3.18860779250760388E-05  1.00869528324012344E-09  0.00000000000000000E+00  0.00000000000000000E+00
  756.000000  7.97955456849810957E+02  7.97102912995106522E+02  1.52492047694739990E-02  8.37238613624423089E-01  2.52845377227322678E-05  3.07508082507021273E-05  9.64572471761685998E-10  0.00000000000000000E+00  0.00000000000000000E+00
  758.000000  7.86089416127063600E+02  7.85258374071757999E+02  1.48910619667276343E-02  8.16096893779494681E-01  2.44388052638532508E-05  2.96598317187559348E-05  9.22504881670047355E-10  0.00000000000000000E+00  0.00000000000000000E+00
  760.000000  7.74457594710539411E+02  7.73647429657683574E+02  1.45424970655237372E-02  7.95570319760125044E-01  2.36238829074934543E-05  2.86112646877800668E-05  8.82390893338258820E-10  0.00000000000000000E+00  0.00000000000000000E+00
  762.000000  7.63054161514481734E+02  7.62264269331320520E+02  1.42032219182732615E-02  7.75638518533743437E-01  2.28385547674361391E-05  2.76033104276551523E-05  8.44134206022120485E-10  0.00000000000000000E+00  0.00000000000000000E+00
  764.000000  7.51873461567231402E+02  7.51103258015346569E+02  1.38729580331458258E-02  7.56281877132502278E-01  2.20816566999066908E-05  2.66342547866440730E-05  8.07643543872102619E-10  0.00000000000000000E+00  0.00000000000000000E+00
  766.000000  7.40910009751837151E+02  7.40158929749306481E+02  1.35514362166792440E-02  7.37481511005174339E-01  2.13520739384682273E-05  2.57024620909697624E-05  7.72832379067758931E-10  0.00000000000000000E+00  0.00000000000000000E+00
  768.000000  7.30158484802389353E+02  7.29425981716481033E+02  1.32383962308897686E-02  7.19219233827591342E-01  2.06487388446435909E-05  2.48063712635482140E-05  7.39618671026072102E-10  0.00000000000000000E+00  0.00000000000000000E+00
  770.000000  7.19613723544044547E+02  7.18899268513054039E+02  1.29335864642507199E-02  7.01477528697572517E-01  1.99706287682146593E-05  2.39444921493025799E-05  7.07924620701991869E-10  0.00000000000000000E+00  0.00000000000000000E+00
  772.000000  7.09270715365638353E+02  7.08573796648534085E+02  1.26367636159175484E-02  6.84239520644663091E-01  1.93167640114914141E-05  2.31154020352700532E-05  6.77676439062848355E-10  0.00000000000000000E+00  0.00000000000000000E+00
  774.000000  6.99124596914386416E+02  6.98444719267007827E+02  1.23476923926279115E-02  6.67488950388890667E-01  1.86862058921650729E-05  2.23177423544298945E-05  6.48804128876875946E-10  0.00000000000000000E+00  0.00000000000000000E+00
  776.000000  6.89170647002707028E+02  6.88507331079311143E+02  1.20661452177202241E-02  6.51210149286330031E-01  1.80780548996521685E-05  2.15502155628565649E-05  6.21241279010910810E-10  0.00000000000000000E+00  0.00000000000000000E+00
  778.000000  6.79404281717273079E+02  6.78757063496293085E+02  1.17919019517394984E-02  6.35388015402209572E-01  1.74914489401083067E-05  2.08115821804143313E-05  5.94924870482994100E-10  0.00000000000000000E+00  0.00000000000000000E+00
  780.000000  6.69821049721561849E+02  6.69189479954492072E+02  1.15247496241323594E-02  6.20007990656205599E-01  1.69255616655699240E-05  2.01006579858232441E-05  5.69795093563924195E-10  0.00000000000000000E+00  0.00000000000000000E+00
  782.000000  6.60416627743121353E+02  6.59800271425500682E+02  1.12644821755491422E-02  6.05056038987022204E-01  1.63796008829192038E-05  1.94163113574593311E-05  5.45795175265922778E-10  0.00000000000000000E+00  0.00000000000000000E+00
  784.000000  6.51186816237430321E+02  6.50585252100942967E+02  1.10109002102989854E-02  5.90518625486435633E-01  1.58528070386062177E-05  1.87574607517748954E-05  5.22871216598309615E-10  0.00000000000000000E+00  0.00000000000000000E+00
  786.000000  6.42127535220428740E+02  6.41540355245189744E+02  1.07638107585200406E-02  5.76382696455437604E-01  1.53444517752778296E-05  1.81230723117022896E-05  5.00972039008829866E-10  0.00000000000000000E+00  0.00000000000000000E+00
  788.000000  6.33234820262521225E+02  6.32661629208661452E+02  1.05230270476513264E-02  5.62635660337972743E-01  1.48538365566799803E-05  1.75121575978672695E-05  4.80049039465796396E-10  0.00000000000000000E+00  0.00000000000000000E+00
  790.000000  6.24504818636819095E+02  6.23945233594523756E+02  1.02883682828083679E-02  5.49265369489693844E-01  1.43802913573843277E-05  1.69237714358477583E-05  4.60056053669876737E-10  0.00000000000000000E+00  0.00000000000000000E+00
  792.000000  6.15933785614967860E+02  6.15387435572166169E+02  1.00596594356888551E-02  5.36260102741691780E-01  1.39231734140837964E-05  1.63570098731217525E-05  4.40949226916226210E-10  0.00000000000000000E+00  0.00000000000000000E+00
  794.000000  6.07518080904270732E+02  6.06984606331210898E+02  9.83673104164000701E-03  5.23608548721214428E-01  1.34818660353714597E-05  1.58110082397172055E-05  4.22686892157305666E-10  0.00000000000000000E+00  0.00000000000000000E+00
  796.000000  5.99254165219893139E+02  5.98733217669873397E+02  9.61941900455522136E-03  5.11299789893229883E-01  1.30557774670839216E-05  1.52849393069229814E-05  4.05229454844411781E-10  0.00000000000000000E+00  0.00000000000000000E+00
  798.000000  5.91138596986447965E+02  5.90629838712010155E+02  9.40756440926001497E-03  4.99323287288707895E-01  1.26443398104412156E-05  1.47780115387511183E-05  3.88539284151882106E-10  0.00000000000000000E+00  0.00000000000000000E+00
  800.000000  5.83168029163424535E+02  5.82671132747348224E+02  9.20101334108156671E-03  4.87668865887185887E-01  1.22470079903675803E-05  1.42894674311456069E-05  3.72580610212267209E-10  0.00000000000000000E+00  0.00000000000000000E+00
  802.000000  5.75339206189249353E+02  5.74853854189716003E+02  8.99961671230062495E-03  4.76326700622921984E-01  1.18632587715105093E-05  1.38185819342233762E-05  3.57319427013424391E-10  0.00000000000000000E+00  0.00000000000000000E+00
  804.000000  5.67648961038945799E+02  5.67174845648271685E+02  8.80323009519897760E-03  4.65287302985407825E-01  1.14925898196087468E-05  1.33646609531005304E-05  3.42723400629773783E-10  0.00000000000000000E+00  0.00000000000000000E+00
  806.000000  5.60094212390538132E+02  5.59631035106902686E+02  8.61171356143033973E-03  4.54541508186496135E-01  1.11345188059787519E-05  1.29270399231112512E-05  3.28761782479737528E-10  0.00000000000000000E+00  0.00000000000000000E+00
  808.000000  5.52671961895926415E+02  5.52219433207550424E+02  8.42493152745562440E-03  4.44080462868093773E-01  1.07885825530157472E-05  1.25050824554729624E-05  3.15405327320365962E-10  0.00000000000000000E+00  0.00000000000000000E+00
  810.000000  5.45379291551528581E+02  5.44937130632779713E+02  8.24275260578948357E-03  4.33895613325148088E-01  1.04543362186983819E-05  1.20981790496604995E-05  3.02626215707060816E-10  0.00000000000000000E+00  0.00000000000000000E+00
  812.000000  5.38213361164840649E+02  5.37781295583769634E+02  8.06504946182505685E-03  4.23978694220464081E-01  1.01313525182081397E-05  1.17057458689779584E-05  2.90397980663215731E-10  0.00000000000000000E+00  0.00000000000000000E+00
  814.000000  5.31171405912927753E+02  5.30749171349759763E+02  7.89169867600731691E-03  4.14321717768814768E-01  9.81922098086037903E-06  1.13272235760077678E-05  2.78695438319595855E-10  0.00000000000000000E+00  0.00000000000000000E+00
  816.000000  5.24250733988860588E+02  5.23838073964989690E+02  7.72258061113431302E-03  4.04916963368756655E-01  9.51754724063818785E-06  1.09620762247974135E-05  2.67494622297589720E-10  0.00000000000000000E+00  0.00000000000000000E+00
  818.000000  5.17448724332907204E+02  5.17045389949961077E+02  7.55757928458748989E-03  3.95756967662165449E-01  9.22595235871671653E-06  1.06097902068347517E-05  2.56772721624305723E-10  0.00000000000000000E+00  0.00000000000000000E+00
  820.000000  5.10762824444628791E+02  5.10368574133189725E+02  7.39658224527977876E-03  3.86834515001811374E-01  8.94407217643351350E-06  1.02698732480077343E-05  2.46508021979564935E-10  0.00000000000000000E+00  0.00000000000000000E+00
  822.000000  5.04190548272911883E+02  5.03805147550500976E+02  7.23948045514430372E-03  3.78142628308865247E-01  8.67155669725406759E-06  9.94185345391631694E-06  2.36679850087176779E-10  0.00000000000000000E+00  0.00000000000000000E+00
  824.000000  4.97729474180643763E+02  4.97352695418590940E+02  7.08616817497160004E-03  3.69674560302712896E-01  8.40806949634425315E-06  9.62527840103922852E-06  2.27268521073655419E-10  0.00000000000000000E+00  0.00000000000000000E+00
  826.000000  4.91377242981115273E+02  4.91008865179954626E+02  6.93654285442810246E-03  3.61423785086532945E-01  8.15328715643891461E-06  9.31971427140091477E-06  2.18255288628111066E-10  0.00000000000000000E+00  0.00000000000000000E+00
  828.000000  4.85131556043276419E+02  4.84771364616324149E+02  6.79050502608582237E-03  3.53383990072795806E-01  7.90689872875799464E-06  9.02474502851040049E-06  2.09622297806757313E-10  0.00000000000000000E+00  0.00000000000000000E+00
  830.000000  4.78990173463168503E+02  4.78637960027953284E+02  6.64795820330667166E-03  3.45549068233681589E-01  7.66860521778711756E-06  8.73997163246823449E-06  2.01352540334688418E-10  0.00000000000000000E+00  0.00000000000000000E+00
  832.000000  4.72950912298828428E+02  4.72606474476060725E+02  6.50880878182654062E-03  3.37913110662031002E-01  7.43811908879645808E-06  8.46501129224783860E-06  1.93429812266129147E-10  0.00000000000000000E+00  0.00000000000000000E+00
  834.000000  4.67011644866145616E+02  4.66674786085925234E+02  6.37296594489413729E-03  3.30470399429158124E-01  7.21516379702860836E-06  8.19949675326809820E-06  1.85838673872466145E-10  0.00000000000000000E+00  0.00000000000000000E+00
  836.000000  4.61170297093563477E+02  4.60840826408537396E+02  6.24034157182669358E-03  3.23215400726766411E-01  6.99947333754433875E-06  7.94307561848078489E-06  1.78564411635064783E-10  0.00000000000000000E+00  0.00000000000000000E+00
  838.000000  4.55424846933035553E+02  4.55102578838232205E+02  6.11085014984737683E-03  3.16142758280353320E-01  6.79079181475748760E-06  7.69540970128120857E-06  1.71593002226820226E-10  0.00000000000000000E+00  0.00000000000000000E+00
  840.000000  4.49773322824982756E+02  4.49458077084059084E+02  5.98440868907277029E-03  3.09247287022304196E-01  6.58887303074010640E-06  7.45617440864657687E-06  1.64911078373118961E-10  0.00000000000000000E+00  0.00000000000000000E+00
  842.000000  4.44213802215792327E+02  4.43905403693441201E+02  5.86093664053752815E-03  3.02523967013867190E-01  6.39348009143626067E-06  7.22505815300183616E-06  1.58505896489490060E-10  0.00000000000000000E+00  0.00000000000000000E+00
  844.000000  4.38744410124920478E+02  4.38442688625199480E+02  5.74035581712645931E-03  2.95967937604675269E-01  6.20438502994187529E-06  7.00176179136843267E-06  1.52365305998537239E-10  0.00000000000000000E+00  0.00000000000000000E+00
  846.000000  4.33363317760522136E+02  4.33068107870871586E+02  5.62259031731182288E-03  2.89574491820198676E-01  6.02136844607485035E-06  6.78599809045579221E-06  1.46477720234946200E-10  0.00000000000000000E+00  0.00000000000000000E+00
  848.000000  4.28068741181325777E+02  4.27779882122055881E+02  5.50756645158164467E-03  2.83339070967086104E-01  5.84421916147970804E-06  6.57749121640590965E-06  1.40832088852133456E-10  0.00000000000000000E+00  0.00000000000000000E+00
  850.000000  4.22858940003027215E+02  4.22576275482063124E+02  5.39521267145792564E-03  2.77257259447166837E-01  5.67273388955435037E-06  6.37597624797727564E-06  1.35417871649175560E-10  0.00000000000000000E+00  0.00000000000000000E+00
  852.000000  4.17732216147731378E+02  4.17455594220413047E+02  5.28545950100619329E-03  2.71324779771395797E-01  5.50671691952412303E-06  6.18119871202010580E-06  1.30225013741347450E-10  0.00000000000000000E+00  0.00000000000000000E+00
  854.000000  4.12686912634661269E+02  4.12416185568406149E+02  5.17823947073995511E-03  2.65537487765211133E-01  5.34597981401519744E-06  5.99291414015006870E-06  1.25243922001806563E-10  0.00000000000000000E+00  0.00000000000000000E+00
  856.000000  4.07721412410572782E+02  4.07456436554212473E+02  5.07348705383009815E-03  2.59891367957234276E-01  5.19034111951397183E-06  5.81088764558605415E-06  1.20465442706113493E-10  0.00000000000000000E+00  0.00000000000000000E+00
  858.000000  4.02834137218595743E+02  4.02574772876211910E+02  4.97113860453194528E-03  2.54382529143777458E-01  5.03962608912976553E-06  5.63489351917503675E-06  1.15880840315167586E-10  0.00000000000000000E+00  0.00000000000000000E+00
  860.000000  3.98023546503718592E+02  3.97769657812805576E+02  4.87113229874392307E-03  2.49007200121586003E-01  4.89366641710108818E-06  5.46471484366964827E-06  1.11481777335621771E-10  0.00000000000000000E+00  0.00000000000000000E+00
  862.000000  3.93288136354128028E+02  3.93039591167918843E+02  4.77340807662273922E-03  2.43761725582190003E-01  4.75229998452227221E-06  5.30014312538459778E-06  1.07260295200489538E-10  0.00000000000000000E+00  0.00000000000000000E+00
  864.000000  3.88626438476413171E+02  3.88383108250213468E+02  4.67790758717125457E-03  2.38642562160744004E-01  4.61537061577834929E-06  5.14097794238677665E-06  1.03208796115512465E-10  0.00000000000000000E+00  0.00000000000000000E+00
  866.000000  3.84037019203905686E+02  3.83798778885283866E+02  4.58457413473018893E-03  2.33646274633319245E-01  4.48272784521427009E-06  4.98702660843310640E-06  9.93200258202482905E-11  0.00000000000000000E+00  0.00000000000000000E+00
  868.000000  3.79518478536838359E+02  3.79285206459528411E+02  4.49335262730120311E-03  2.28769532256457270E-01  4.35422669357952715E-06  4.83810385190119731E-06  9.55870572154455272E-11  0.00000000000000000E+00  0.00000000000000000E+00
  870.000000  3.75069449212957863E+02  3.74841026994337199E+02  4.40418952663271593E-03  2.24009105243060114E-01  4.22972745381062735E-06  4.69403150899636890E-06  9.20032748109896332E-11  0.00000000000000000E+00  0.00000000000000000E+00
  872.000000  3.70688595807805996E+02  3.70464908249814471E+02  4.31703280000342304E-03  2.19361861369226752E-01  4.10909548573937146E-06  4.55463823056059559E-06  8.85623599513226257E-11  0.00000000000000000E+00  0.00000000000000000E+00
  874.000000  3.66374613863307161E+02  3.66155548856681492E+02  4.23183187364100256E-03  2.14824762706553346E-01  3.99220101932847182E-06  4.41975920183579042E-06  8.52582767774825914E-11  0.00000000000000000E+00  0.00000000000000000E+00
  876.000000  3.62126229043881949E+02  3.61911677475582394E+02  4.14853758771523834E-03  2.10394862474952121E-01  3.87891896606046949E-06  4.28923587457316333E-06  8.20852588872780245E-11  0.00000000000000000E+00  0.00000000000000000E+00
  878.000000  3.57942196319035418E+02  3.57732051982747976E+02  4.06710215284947132E-03  2.06069302011087391E-01  3.76912873811936463E-06  4.16291571090685551E-06  7.90377966571416823E-11  0.00000000000000000E+00  0.00000000000000000E+00
  880.000000  3.53821299171357566E+02  3.53615458680959648E+02  3.98747910809147624E-03  2.01845307847717370E-01  3.66271407502166331E-06  4.04065193843900199E-06  7.61106251912003315E-11  0.00000000000000000E+00  0.00000000000000000E+00
  882.000000  3.49762348829242683E+02  3.49560711535123289E+02  3.90962328029426445E-03  1.97720188899615484E-01  3.55956287737254806E-06  3.92230331601446931E-06  7.32987128650461763E-11  0.00000000000000000E+00  0.00000000000000000E+00
  884.000000  3.45764183523341444E+02  3.45566651431473304E+02  3.83349074485284710E-03  1.93691333751753125E-01  3.45956704743415847E-06  3.80773390968585323E-06  7.05972504333828088E-11  0.00000000000000000E+00  0.00000000000000000E+00
  886.000000  3.41825664069041864E+02  3.41632145459586070E+02  3.75903878774910653E-03  1.89756208045693486E-01  3.36262233620994508E-06  0.00000000000000000E+00  0.00000000000000000E+00  0.00000000000000000E+00  0.00000000000000000E+00
  888.000000  3.37945688062827230E+02  3.37756086216369908E+02  3.68622586885609081E-03  1.85912351960275529E-01  3.26862819676089407E-06  0.00000000000000000E+00  0.00000000000000000E+00  0.00000000000000000E+00  0.00000000000000000E+00
  890.000000  3.34123166698280784E+02  3.33937391131423681E+02  3.61501158645841916E-03  1.82157377782961843E-01  3.17748764348544330E-06  0.00000000000000000E+00  0.00000000000000000E+00  0.00000000000000000E+00  0.00000000000000000E+00
  892.000000  3.30357039226186600E+02  3.30175001812868402E+02  3.54535664294394542E-03  1.78488967568198875E-01  3.08910711710378279E-06  0.00000000000000000E+00  0.00000000000000000E+00  0.00000000000000000E+00  0.00000000000000000E+00
  894.000000  3.26646268510051243E+02  3.26467883412963886E+02  3.47722281162299741E-03  1.74904870879384555E-01  3.00339635510058381E-06  0.00000000000000000E+00  0.00000000000000000E+00  0.00000000000000000E+00  0.00000000000000000E+00
  896.000000  3.22989840408719488E+02  3.22815024012935339E+02  3.41057290463877638E-03  1.71402902611247243E-01  2.92026826739297373E-06  0.00000000000000000E+00  0.00000000000000000E+00  0.00000000000000000E+00  0.00000000000000000E+00
  898.000000  3.19386763177575688E+02  3.19215434026305445E+02  3.34537074192636135E-03  1.67980940889466801E-01  2.83963881699861339E-06  0.00000000000000000E+00  0.00000000000000000E+00  0.00000000000000000E+00  0.00000000000000000E+00
  900.000000  3.15836066887528375E+02  3.15668145619935785E+02  3.28158112118487420E-03  1.64636925044471943E-01  2.76142690548953043E-06  0.00000000000000000E+00  0.00000000000000000E+00  0.00000000000000000E+00  0.00000000000000000E+00
