# Wavelength || Total || n=1 | n=2 | ...
  300.000000  2.16250259782631474E+03  1.85485127608748758E+03  2.19421316832627383E+02  8.73215582989685259E+01  7.72763138912246239E-01  1.35055965362852748E-01  5.91993477929097524E-04  3.53895806014406327E-05  1.19897308969304678E-07
  302.000000  2.30011174964373959E+03  1.98235648031409005E+03  2.26765967130060318E+02  9.00695178518028143E+01  7.83788691402811599E-01  1.35372585211680108E-01  5.88437018683880429E-04  3.45178489565420302E-05  1.16303868314166351E-07
  304.000000  2.44530070025472332E+03  2.11718942974365700E+03  2.34307749950811854E+02  9.28717658442323284E+01  7.95460174069099968E-01  1.35675193168008051E-01  5.85562975583362442E-04  3.36728326936163558E-05  1.12976950175721045E-07
  306.000000  2.59853863849719392E+03  2.25979647201169655E+03  2.42065068769717129E+02  9.57326216991827295E+01  8.07889507460292644E-01  1.35970111425720991E-01  5.83432491278138010E-04  3.28553071401476755E-05  1.09913140643372509E-07
  308.000000  2.76033227092790730E+03  2.41065939760089941E+03  2.50058137403795627E+02  9.86566580235708130E+01  8.21200125177595996E-01  1.36263489627938911E-01  5.82111816675782621E-04  3.20659094049366420E-05  1.07109818217148912E-07
  310.000000  2.93122928228617775E+03  2.57029865074514737E+03  2.58309218876664488E+02  1.01648708842297623E+02  8.35529394137100256E-01  1.36561344279295671E-01  5.81673915176752847E-04  3.13051703255338683E-05  1.04565373627248941E-07
  312.000000  3.11182215668669278E+03  2.73927685114870974E+03  2.66842913321925835E+02  1.04713878280663565E+02  8.51031557499269398E-01  1.36869604011978119E-01  5.82200335693466679E-04  3.05735461815186867E-05  0.00000000000000000E+00
  314.000000  3.30275240405188151E+03  2.91820265821451721E+03  2.75686507069989830E+02  1.07857549610952432E+02  8.67881338801756552E-01  1.37194162733789177E-01  5.83783435292244786E-04  2.98714511214074070E-05  0.00000000000000000E+00
  316.000000  3.50471524097296060E+03  3.10773501246891283E+03  2.84870398832374065E+02  1.11085394610818767E+02  8.86278388972823405E-01  1.37540943534689125E-01  5.86529056553627580E-04  2.91992914944515176E-05  0.00000000000000000E+00
  318.000000  3.71846478721360336E+03  3.30858779202587175E+03  2.94428624025689487E+02  1.14403383250923937E+02  9.06452816381449256E-01  1.37915977435110443E-01  5.90559797814464498E-04  2.85575036307275738E-05  0.00000000000000000E+00
  320.000000  3.94481984599701627E+03  3.52153492521629823E+03  3.04399505326729127E+02  1.17817793865379286E+02  9.28672120150061620E-01  1.38325502802232936E-01  5.96019060015896807E-04  2.79465971256217246E-05  0.00000000000000000E+00
  322.000000  4.18467035184692577E+03  3.74741600380422506E+03  3.14826467341284342E+02  1.21335224206546414E+02  9.53249957735561759E-01  1.38776093810417472E-01  6.03076117367255479E-04  2.73672064375023946E-05  0.00000000000000000E+00
  324.000000  4.43898458647572352E+03  3.98714244431712768E+03  3.25759067021194710E+02  1.24962604221832123E+02  9.80557332762128309E-01  1.39274830103491343E-01  6.11932548606126492E-04  2.68201547249974702E-05  0.00000000000000000E+00
  326.000000  4.70881728626607492E+03  4.24170424745405944E+03  3.37254311001975395E+02  1.28707212139047840E+02  1.01103700846174305E+00  1.39829525501020874E-01  6.22830493732313387E-04  2.63065355329609049E-05  0.00000000000000000E+00
  328.000000  4.99531879529579874E+03  4.51217740625176793E+03  3.49378359129297223E+02  1.32576696714730701E+02  1.04522226653274619E+00  1.40449042263199875E-01  6.36063387045177997E-04  2.58278205132763162E-05  0.00000000000000000E+00
  330.000000  5.29974545776702780E+03  4.79973201010073717E+03  3.62208754349311050E+02  1.36579110621937701E+02  1.08376158806715028E+00  1.41143730877990203E-01  6.51990091679669793E-04  2.53860053954752692E-05  0.00000000000000000E+00
  332.000000  5.62347149388735215E+03  5.10564107735457219E+03  3.75837379459525039E+02  1.40722963472558433E+02  1.12745150651380288E+00  1.41926056597510925E-01  6.71053772840146169E-04  2.49838128799566901E-05  0.00000000000000000E+00
  334.000000  5.96800265774273885E+03  5.43129010689999359E+03  3.90374431281967588E+02  1.45017308729641684E+02  1.17728089028301719E+00  1.42811508394347780E-01  6.93807477074052633E-04  2.46249817932465451E-05  0.00000000000000000E+00
  336.000000  6.33499200323633340E+03  5.77818721977616860E+03  4.05953838808482487E+02  1.49471887999268233E+02  1.23449144466072269E+00  1.43819943697540809E-01  7.20949365754824240E-04  2.43146900898529624E-05  0.00000000000000000E+00
  338.000000  6.72625796236700808E+03  6.14797341662680537E+03  4.22740758702056837E+02  1.54097370394066928E+02  1.30066158794415809E+00  1.44977623846734183E-01  7.53372096802713180E-04  2.40601916333206080E-05  0.00000000000000000E+00
  340.000000  7.14380421147920697E+03  6.54243141048282541E+03  4.40942095207622174E+02  1.58905744746489148E+02  1.37782454841340529E+00  1.46320388775173033E-01  7.92233275939990302E-04  2.38718052273835766E-05  0.00000000000000000E+00
  342.000000  7.58983771987791988E+03  6.96348792079680334E+03  4.60821453482351899E+02  1.63910946682182384E+02  1.46863725785080779E+00  1.47898836723744626E-01  8.39057513015359943E-04  2.37644941400702601E-05  0.00000000000000000E+00
  344.000000  8.06676947902775009E+03  7.41319175451116007E+03  4.82720563631710547E+02  1.69129828875291423E+02  1.57662491021662055E+00  1.49787454132714132E-01  8.95884879382414655E-04  2.37603600072011261E-05  0.00000000000000000E+00
  346.000000  8.57714621561555396E+03  7.89361287158268442E+03  5.07090121608738855E+02  1.74583595840580529E+02  1.70653383139766124E+00  1.52103380324872473E-01  9.65480439851667247E-04  2.38913867635008735E-05  0.00000000000000000E+00
  348.000000  9.12342033026136232E+03  8.40656449608468210E+03  5.34535928750347352E+02  1.80298962520088509E+02  1.86480471255150970E+00  1.55062438771676830E-01  1.05155890596122224E-03  2.41960166741109581E-05  0.00000000000000000E+00
  350.000000  9.70760099521571647E+03  8.95318333962800170E+03  5.65896488732386615E+02  1.86300726280286625E+02  2.05999943106361183E+00  1.59258789581134069E-01  1.15742898173079914E-03  2.49254145845232764E-05  0.00000000000000000E+00
  352.000000  1.03309225838811781E+04  9.53350351033279912E+03  6.02379113226388768E+02  1.92569644422269135E+02  2.30268908161882280E+00  1.66323418586730637E-01  1.27582786479423296E-03  2.75716519709031047E-05  0.00000000000000000E+00
  354.000000  1.09954466324350960E+04  1.01478288363338997E+04  6.45861701890357153E+02  1.98968827166081383E+02  2.61047638171877017E+00  1.75355952855646924E-01  1.40264510413123326E-03  3.20650801868059516E-05  0.00000000000000000E+00
  356.000000  1.16991674430161329E+04  1.07920448789225957E+04  6.99283810521661735E+02  2.04632927219008621E+02  3.02838768948200876E+00  1.75803457643144090E-01  1.60223101834644456E-03  3.29747216423891760E-05  0.00000000000000000E+00
  358.000000  1.24210731274349109E+04  1.14426941087616215E+04  7.67459936455926595E+02  2.07126445285815237E+02  3.63865486104801183E+00  1.52001473892853761E-01  1.95538688692699835E-03  2.52097190636249871E-05  0.00000000000000000E+00
  360.000000  1.32068806913701774E+04  1.21345351473655483E+04  8.59023356449079074E+02  2.08662299383809881E+02  4.54094309663754547E+00  1.16424350447214262E-01  2.50813374287764575E-03  1.25909140056241344E-05  0.00000000000000000E+00
  362.000000  1.41234103812971171E+04  1.29141562244787456E+04  9.87190900204904324E+02  2.16149368678934081E+02  5.80211613939298587E+00  1.08542162317572730E-01  3.22155128313867051E-03  8.08153707755857690E-06  0.00000000000000000E+00
  364.000000  1.51435145725051589E+04  1.37295508645724021E+04  1.17573128002619205E+03  2.30440676910936077E+02  7.66413750080359346E+00  1.23386778132670738E-01  4.21637013549848016E-03  1.03465591687243447E-05  0.00000000000000000E+00
  366.000000  1.62504378135589268E+04  1.45147151100314150E+04  1.46907049331291773E+03  2.55888736303127473E+02  1.05996996367484773E+01  1.58003808694509862E-01  5.75342822205038209E-03  1.70378007880175476E-05  0.00000000000000000E+00
  368.000000  1.74313861693422550E+04  1.51693826953017833E+04  1.93908554094804003E+03  3.07386035519622340E+02  1.52931295119755504E+01  2.30568483018637749E-01  8.16900559781557657E-03  3.05722174760795690E-05  0.00000000000000000E+00
  370.000000  1.86609538611966454E+04  1.55991818581459320E+04  2.63052103602692114E+03  4.08878147727543706E+02  2.19927429873707467E+01  3.68496997647314695E-01  1.15246730621521055E-02  5.46381654270104429E-05  0.00000000000000000E+00
  372.000000  1.99631124919591311E+04  1.61431127949108650E+04  3.25744370074517337E+03  5.34553217123639115E+02  2.74686092411311371E+01  5.20019057206091317E-01  1.40725980092915506E-02  7.82831069746870931E-05  0.00000000000000000E+00
  374.000000  2.11860636100645606E+04  1.74283782447643098E+04  3.15186843737128765E+03  5.80088754601214077E+02  2.51698219499502294E+01  5.45716074002026597E-01  1.25566128055457690E-02  7.86909953108681955E-05  0.00000000000000000E+00
  376.000000  2.22276378033057954E+04  1.91492087593530814E+04  2.50417207132739986E+03  5.56068159964790425E+02  1.76964193823225884E+01  4.83781026507936085E-01  8.54675382404060033E-03  6.54978672421060770E-05  0.00000000000000000E+00
  378.000000  2.33844859936447065E+04  2.09065850473597748E+04  1.94074938162597437E+03  5.25251855744034629E+02  1.14734610224455817E+01  4.20867450806186760E-01  5.32701963824904444E-03  5.34220367072369182E-05  0.00000000000000000E+00
  380.000000  2.47495498643696665E+04  2.26425118876783599E+04  1.59334136490866217E+03  5.05698105710727759E+02  7.61859998408123662E+00  3.76485860713125675E-01  3.37519334527255910E-03  4.50337764823331981E-05  0.00000000000000000E+00
  382.000000  2.62857941859848615E+04  2.43877047479421890E+04  1.39582618391336541E+03  4.96580167628038055E+02  5.33368063547466864E+00  3.47128788951614753E-01  2.23769099556009408E-03  3.93858454165785230E-05  0.00000000000000000E+00
  384.000000  2.79548278810740994E+04  2.61698074425745581E+04  1.28599540307441453E+03  4.94754294457279002E+02  3.94148096534525427E+00  3.27670020340006862E-01  1.55450243215120472E-03  3.54797298288825672E-05  0.00000000000000000E+00
  386.000000  2.97319294085692309E+04  2.80036536944757136E+04  1.22710352666219956E+03  4.97800317590765360E+02  3.05615947574849933E+00  3.14552261246031251E-01  1.12543539031481729E-03  3.26681697857527447E-05  0.00000000000000000E+00
  388.000000  3.15994558691402126E+04  2.98938949086794273E+04  1.19870356370762988E+03  5.04081877645901329E+02  2.46912034158664939E+00  3.05524203392282090E-01  8.44004452100284813E-04  3.05578240470974575E-05  0.00000000000000000E+00
  390.000000  3.35413375194155960E+04  3.18373930515569882E+04  1.18910997623648541E+03  5.12469538755052326E+02  2.06512757803666380E+00  2.99144203468886427E-01  6.52179412464030180E-04  2.89061522507827691E-05  0.00000000000000000E+00
  392.000000  3.55398926882668238E+04  3.38244224009240716E+04  1.19126854602976505E+03  5.22128838367604089E+02  1.77790958870128435E+00  2.94448780537152177E-01  5.17018044412818098E-04  2.75580995098959519E-05  0.00000000000000000E+00
  394.000000  3.75740160960660942E+04  3.58391448389318321E+04  1.20062256888767229E+03  5.32389804443374373E+02  1.56767973072409039E+00  2.90758653057074767E-01  4.19009082644093960E-04  2.64103533643572415E-05  0.00000000000000000E+00
  396.000000  3.96181590322556222E+04  3.78597903493046251E+04  1.21400005286138958E+03  5.42671164191440198E+02  1.40955178189489572E+00  2.87567985906057255E-01  3.46130373548457569E-04  0.00000000000000000E+00  0.00000000000000000E+00
  398.000000  4.16418778407670907E+04  3.98588463671121281E+04  1.22902063089328499E+03  5.52438708293751574E+02  1.28736222791509447E+00  2.84481532851895091E-01  2.90707161706225254E-04  0.00000000000000000E+00  0.00000000000000000E+00
  400.000000  4.36099116002542578E+04  4.18034776488207426E+04  1.24377649937845422E+03  5.61185772416202894E+02  1.19025221842366835E+00  2.81179735887014615E-01  2.47684550146768984E-04  0.00000000000000000E+00  0.00000000000000000E+00
  402.000000  4.54828253925324461E+04  4.36563425050779770E+04  1.25666550422406635E+03  5.68429058605458181E+02  1.11071030870545218E+00  2.77400674915655898E-01  2.13641322021003866E-04  0.00000000000000000E+00  0.00000000000000000E+00
  404.000000  4.72182599674965459E+04  4.53769143506324908E+04  1.26631343372847005E+03  5.73715646938850682E+02  1.04341758085015313E+00  2.72932408599673659E-01  1.86207280502196802E-04  0.00000000000000000E+00  0.00000000000000000E+00
  406.000000  4.87727839664949133E+04  4.69233430880054730E+04  1.27155052736371408E+03  5.76638027295420898E+02  9.84548536329698853E-01  2.67611585882097325E-01  1.63708083663124834E-04  0.00000000000000000E+00  0.00000000000000000E+00
  408.000000  5.01042619063900784E+04  4.82547948315812027E+04  1.27142023512674268E+03  5.76854031561886131E+02  9.31337830929398813E-01  2.61325346849790197E-01  1.44942460129674145E-04  0.00000000000000000E+00  0.00000000000000000E+00
  410.000000  5.11745483762778895E+04  4.93341000372140261E+04  1.26520418449092608E+03  5.74108206998158494E+02  8.81804421484592260E-01  2.54014114681653025E-01  1.29038610023590934E-04  0.00000000000000000E+00  0.00000000000000000E+00
  412.000000  5.19522219033580332E+04  5.01304404206315521E+04  1.25245023452901455E+03  5.68250890739451734E+02  8.34568803025283801E-01  2.45673295895815519E-01  1.15359093923783970E-04  0.00000000000000000E+00  0.00000000000000000E+00
  414.000000  5.24150114323631715E+04  5.06217421441547122E+04  1.23299272505051999E+03  5.59251383189344665E+02  7.88724152058583927E-01  2.36352380518444510E-01  1.03436019369791988E-04  0.00000000000000000E+00  0.00000000000000000E+00
  416.000000  5.25515709262750097E+04  5.07964417796030102E+04  1.20695678416858505E+03  5.47202381497877809E+02  7.43737520150798304E-01  2.26150559857282052E-01  9.29255341203324173E-05  0.00000000000000000E+00  0.00000000000000000E+00
  418.000000  5.23623345934683748E+04  5.06543635148168760E+04  1.17474221055746807E+03  5.32314208525411914E+02  6.99367265869290877E-01  2.15208727828682889E-01  8.35749167994167077E-05  0.00000000000000000E+00  0.00000000000000000E+00
  420.000000  5.18593253540256774E+04  5.02065802200992111E+04  1.13698666286865273E+03  5.14899107593747203E+02  6.55589786656673779E-01  2.03698479249807746E-01  7.51981635465764220E-05  0.00000000000000000E+00  0.00000000000000000E+00
  422.000000  5.10649596352486624E+04  4.94742957797052222E+04  1.09451188423091662E+03  4.95347561137705611E+02  6.12533212808667016E-01  1.91809304446107665E-01  6.76575687662134273E-05  0.00000000000000000E+00  0.00000000000000000E+00
  424.000000  5.00100490834280063E+04  4.84869394518540939E+04  1.04825960106157049E+03  4.74099815745947296E+02  5.70418442433116679E-01  1.79735474207610019E-01  6.08497609812792722E-05  0.00000000000000000E+00  0.00000000000000000E+00
  426.000000  4.87313060716830878E+04  4.72797675695601065E+04  9.99224987148939817E+02  4.51616287187448734E+02  5.29509024569314701E-01  1.67664066817745011E-01  5.46952074128789428E-05  0.00000000000000000E+00  0.00000000000000000E+00
  428.000000  4.72686949621488238E+04  4.58913037352122119E+04  9.48395100031971992E+02  4.28350241189258440E+02  4.90071323097685863E-01  1.55765261792937842E-01  4.91304957314845543E-05  0.00000000000000000E+00  0.00000000000000000E+00
  430.000000  4.56629376988267613E+04  4.43609179612414518E+04  8.96697879966507912E+02  4.04725282383659362E+02  4.52345596735264255E-01  1.44185535559796824E-01  4.41028477613921319E-05  0.00000000000000000E+00  0.00000000000000000E+00
  432.000000  4.39534011260560728E+04  4.27267676463416938E+04  8.44964827978541052E+02  3.81119040695157423E+02  4.16527589908219142E-01  1.33043884381425281E-01  3.95663944511515992E-05  0.00000000000000000E+00  0.00000000000000000E+00
  434.000000  4.21764926486699042E+04  4.10242260628432705E+04  7.93908031992523775E+02  3.57853328253254915E+02  3.82759317999984416E-01  1.22430783053111419E-01  3.54797923347627251E-05  0.00000000000000000E+00  0.00000000000000000E+00
  436.000000  4.03645959124160872E+04  3.92848318971092813E+04  7.44110278853650811E+02  3.35190168169297920E+02  3.51127155027366245E-01  1.12409324016270185E-01  3.18048132843470627E-05  0.00000000000000000E+00  0.00000000000000000E+00
  438.000000  3.85455054823528408E+04  3.75357224122018961E+04  6.96025794856882044E+02  3.13332563773930190E+02  3.21665138182584243E-01  1.03017876349210585E-01  2.85055986558654425E-05  0.00000000000000000E+00  0.00000000000000000E+00
  440.000000  3.67422750726065715E+04  3.57994690599348178E+04  6.49988680786108034E+02  2.92428671184954453E+02  2.94361526266242124E-01  9.42736260900152861E-02  2.55483332289826629E-05  0.00000000000000000E+00  0.00000000000000000E+00
  442.000000  3.49733756792959539E+04  3.40942160436208287E+04  6.06226186512938739E+02  2.72578082827598791E+02  2.69166972027903906E-01  8.61764614017934832E-02  2.29011574036936895E-05  0.00000000000000000E+00  0.00000000000000000E+00
  444.000000  3.32530614884065071E+04  3.24340232325029283E+04  5.64874392330504293E+02  2.53839127160547491E+02  2.46003075495319828E-01  7.87128028364494914E-02  2.05341922239505566E-05  0.00000000000000000E+00  0.00000000000000000E+00
  446.000000  3.15918550186280190E+04  3.08293275823598415E+04  5.25994435796026437E+02  2.36236352448600826E+02  2.24770487607893699E-01  7.18591163492602325E-02  1.84195975290086241E-05  0.00000000000000000E+00  0.00000000000000000E+00
  448.000000  2.99970819424693218E+04  2.92874553557051295E+04  4.89588002756201604E+02  2.19767626434270198E+02  2.05356077585764463E-01  6.55849645168770229E-02  1.65316179247482465E-05  0.00000000000000000E+00  0.00000000000000000E+00
  450.000000  2.84734056342963086E+04  2.78131363065663136E+04  4.55611306224916063E+02  2.04410512175897992E+02  1.87638941396173237E-01  5.98555411903458345E-02  1.48465951800699880E-05  0.00000000000000000E+00  0.00000000000000000E+00
  452.000000  2.70233289044728917E+04  2.64089878330711617E+04  4.23987171406988978E+02  1.90127757743547164E+02  1.71495212009663556E-01  5.46336962419249686E-02  1.33429409353330116E-05  0.00000000000000000E+00  0.00000000000000000E+00
  454.000000  2.56476443432685883E+04  2.50759506589447046E+04  3.94615126131460499E+02  1.76871862950713790E+02  1.56801746400590969E-01  4.98814942351699722E-02  1.20010724013494853E-05  0.00000000000000000E+00  0.00000000000000000E+00
  456.000000  2.43458250132812391E+04  2.38136676578350416E+04  3.67379577691178554E+02  1.64588766756725647E+02  1.43438825468955866E-01  4.55613695102922156E-02  1.08033180177550791E-05  0.00000000000000000E+00  0.00000000000000000E+00
  458.000000  2.31163542776639733E+04  2.26208043336243354E+04  3.42156261003221459E+02  1.53220744329476048E+02  1.31292027121666988E-01  4.16369460181735193E-02  9.73380145273151169E-06  0.00000000000000000E+00  0.00000000000000000E+00
  460.000000  2.19569979638119694E+04  2.14953138141354211E+04  3.18817190890101585E+02  1.42708622987050859E+02  1.20253433048113686E-01  3.80735880340106539E-02  8.77831206890470533E-06  0.00000000000000000E+00  0.00000000000000000E+00
  462.000000  2.08650245065453419E+04  2.04346516457385005E+04  2.97234361936786911E+02  1.32993429888207373E+02  1.10222316439363810E-01  3.48387412413731778E-02  7.92416888161551212E-06  0.00000000000000000E+00  0.00000000000000000E+00
  464.000000  1.98373797858122052E+04  1.94359467656344823E+04  2.77282427435103216E+02  1.24017578029298988E+02  1.01105438143089643E-01  3.19021150934949010E-02  7.16008362267223197E-06  0.00000000000000000E+00  0.00000000000000000E+00
  466.000000  1.88708235500270894E+04  1.84961352402544762E+04  2.58840564924357921E+02  1.15725685566701415E+02  9.28170571079085932E-02  2.92357484175971086E-02  6.47602710242457926E-06  0.00000000000000000E+00  0.00000000000000000E+00
  468.000000  1.79620339547228614E+04  1.76120630394007349E+04  2.41793706847973937E+02  1.08065109879053026E+02  8.52787401552905777E-02  2.68139918427559784E-02  5.86310179391053064E-06  0.00000000000000000E+00  0.00000000000000000E+00
  470.000000  1.71076860989314919E+04  1.67805635117860620E+04  2.26033285289736824E+02  1.00986264071491817E+02  7.84190375263787431E-02  2.46134332535549068E-02  5.31342250952638105E-06  0.00000000000000000E+00  0.00000000000000000E+00
  472.000000  1.63045096759175758E+04  1.59985145021837252E+04  2.11457612145989913E+02  9.44427709067537080E+01  7.21730748438422498E-02  2.26127862569425221E-02  4.82000621305260922E-06  0.00000000000000000E+00  0.00000000000000000E+00
  474.000000  1.55493300749399696E+04  1.52628793060875796E+04  1.97971991666226160E+02  8.83914979537487682E+01  6.64820991598519401E-02  2.07927565813581759E-02  4.37667138913256683E-06  0.00000000000000000E+00  0.00000000000000000E+00
  476.000000  1.48390965369458390E+04  1.45707349543411783E+04  1.85488641480780984E+02  8.27925082422236187E+01  6.12930064128982960E-02  1.91358972978236744E-02  3.97794694734738240E-06  0.00000000000000000E+00  0.00000000000000000E+00
  478.000000  1.41709003098888279E+04  1.39192906881035251E+04  1.73926480976585566E+02  7.76089528595645533E+01  5.65578695460944927E-02  1.76264606162093614E-02  3.61899033475495822E-06  0.00000000000000000E+00  0.00000000000000000E+00
  480.000000  1.35419851802779503E+04  1.33058989358060680E+04  1.63210831873797986E+02  7.28069255705860456E+01  5.22334803716888244E-02  1.62502516131978643E-02  3.29551433718697560E-06  0.00000000000000000E+00  0.00000000000000000E+00
  482.000000  1.29497522767278952E+04  1.27280606391597685E+04  1.53273064679166822E+02  6.83552944841510737E+01  4.82809136398620262E-02  1.49944874482115797E-02  3.00372193807794979E-06  0.00000000000000000E+00  0.00000000000000000E+00
  484.000000  1.23917606424224577E+04  1.21834263891759838E+04  1.44050215900362502E+02  6.42255218232048861E+01  4.46651183632441814E-02  1.38476642938306915E-02  2.74024855142954235E-06  0.00000000000000000E+00  0.00000000000000000E+00
  486.000000  1.18657247474447940E+04  1.16697945171104111E+04  1.35484594078096677E+02  6.03914797819453781E+01  4.13545389899253324E-02  1.27994332423971655E-02  2.50211093484639662E-06  0.00000000000000000E+00  0.00000000000000000E+00
  488.000000  1.13695098485789731E+04  1.11851070294883375E+04  1.27523387450218095E+02  5.68292681007077078E+01  3.83207672830745069E-02  1.18404857641479181E-02  2.28666210571680007E-06  0.00000000000000000E+00  0.00000000000000000E+00
  490.000000  1.09011258935942133E+04  1.07274440715397650E+04  1.20118282081750777E+02  5.35170372077530487E+01  3.55382245759086196E-02  1.09624488156937778E-02  2.09155161839149022E-06  0.00000000000000000E+00  0.00000000000000000E+00
  492.000000  1.04587204999838232E+04  1.02950174406566803E+04  1.13225096306033379E+02  5.04348194437579167E+01  3.29838732858443590E-02  1.01577893769963321E-02  1.91469060523879529E-06  0.00000000000000000E+00  0.00000000000000000E+00
  494.000000  1.00405714066679284E+04  9.88616354322541702E+03  1.06803435104992758E+02  4.75643698992284030E+01  3.06369560825214618E-02  9.41972798867095167E-03  1.75422103450058476E-06  0.00000000000000000E+00  0.00000000000000000E+00
  496.000000  9.64507869440817376E+03  9.49933608776746587E+03  1.00816366433861774E+02  4.48890176767891660E+01  2.84787608280575241E-02  8.74216073774949746E-03  1.60848868934812491E-06  0.00000000000000000E+00  0.00000000000000000E+00
  498.000000  9.27075699089994123E+03  9.13309872922273462E+03  9.52301203270998258E+01  4.23935278757299159E+01  2.64924092818354245E-02  8.11958907510288048E-03  1.47601942306460636E-06  0.00000000000000000E+00  0.00000000000000000E+00
  500.000000  8.91622781498173572E+03  8.78611781886863537E+03  9.00138107977216748E+01  4.00639742355160493E+01  2.46626675397577620E-02  7.54705682374843569E-03  1.35549829336443935E-06  0.00000000000000000E+00  0.00000000000000000E+00
  502.000000  8.58021216727931642E+03  8.45715536805816191E+03  8.51391799759515351E+01  3.78876221294861253E+01  2.29757762248550754E-02  7.02009374109995032E-03  1.24575122362619980E-06  0.00000000000000000E+00  0.00000000000000000E+00
  504.000000  8.26152343880802619E+03  8.14506229869959407E+03  8.05803635591624641E+01  3.58528214399832166E+01  2.14192985375295623E-02  6.53466502029209119E-03  1.14572887984131139E-06  0.00000000000000000E+00  0.00000000000000000E+00
  506.000000  7.95906068208827310E+03  7.84877202676191609E+03  7.63136764125067231E+01  3.39489087488176793E+01  1.99819843914541377E-02  6.08712614908263078E-03  1.05449248922096336E-06  0.00000000000000000E+00  0.00000000000000000E+00
  508.000000  7.67180226922837301E+03  7.56729440517054536E+03  7.23174170300447798E+01  3.21661182250043538E+01  1.86536489926782852E-02  5.67418258460043474E-03  9.71201359724383074E-07  0.00000000000000000E+00  0.00000000000000000E+00
  510.000000  7.39879994665568574E+03  7.29971003775981626E+03  6.85716895105000788E+01  3.04955005721663248E+01  1.74250643559430395E-02  5.29285374493265130E-03  8.95101889451221742E-07  0.00000000000000000E+00  0.00000000000000000E+00
  512.000000  7.13917328545908822E+03  7.04516496523183832E+03  6.50582416976028810E+01  2.89288494008790984E+01  1.62878623876243425E-02  4.94044086184233615E-03  8.25517881128232674E-07  0.00000000000000000E+00  0.00000000000000000E+00
  514.000000  6.89210451874708633E+03  6.80286571646248285E+03  6.17603181666441188E+01  2.74586344095403838E+01  1.52344482952961879E-02  4.61449828126248972E-03  7.61842000105532841E-07  0.00000000000000000E+00  0.00000000000000000E+00
  516.000000  6.65683375222171344E+03  6.57207471320801324E+03  5.86625267936332548E+01  2.60779407854931620E+01  1.42579232071851011E-02  4.31280783858802030E-03  7.03528234653705883E-07  0.00000000000000000E+00  0.00000000000000000E+00
  518.000000  6.43265453076176982E+03  6.35210601275559293E+03  5.57507177128101787E+01  2.47804142723085263E+01  1.33520149994473276E-02  4.03335597361851889E-03  6.50085235212620245E-07  0.00000000000000000E+00  0.00000000000000000E+00
  520.000000  6.21890974176014333E+03  6.14232137089698608E+03  5.30118735458035175E+01  2.35602113865633491E+01  1.25110164347122989E-02  3.77431328499175942E-03  6.01070424868069670E-07  0.00000000000000000E+00  0.00000000000000000E+00
  522.000000  6.01498783487581295E+03  5.94212660640118520E+03  5.04340098665168739E+01  2.24119543059584494E+01  1.17297298114620637E-02  3.53401625595864150E-03  5.56084786975339947E-07  0.00000000000000000E+00  0.00000000000000000E+00
  524.000000  5.82031933754003785E+03  5.75096824772065975E+03  4.80060849472104181E+01  2.13306899890761485E+01  1.10034174109577138E-02  3.31095091244897966E-03  5.14768247754996720E-07  0.00000000000000000E+00  0.00000000000000000E+00
  526.000000  5.63437364572180013E+03  5.56833044271499421E+03  4.57179179104398301E+01  2.03118531242635072E+01  1.03277571068575887E-02  3.10373820063049527E-03  4.76795582060673389E-07  0.00000000000000000E+00  0.00000000000000000E+00
  528.000000  5.45665607000891578E+03  5.39373211261540564E+03  4.35601144875175663E+01  1.93512325406515515E+01  9.69880257306759627E-03  2.91112089476644551E-03  4.41872779559955477E-07  0.00000000000000000E+00  0.00000000000000000E+00
  530.000000  5.28670511786010320E+03  5.22672433214721150E+03  4.15239996559624558E+01  1.84449407477395901E+01  9.11294758831219381E-03  2.73195186730684943E-03  4.09733816443391548E-07  0.00000000000000000E+00  0.00000000000000000E+00
  532.000000  5.12408999382011643E+03  5.06688791856612443E+03  3.96015564952706924E+01  1.75893863010198714E+01  8.56689399200981708E-03  2.56518357199697709E-03  3.80137784633314487E-07  0.00000000000000000E+00  0.00000000000000000E+00
  534.000000  4.96840830054628532E+03  4.91383121332947667E+03  3.77853706625412471E+01  1.67812487198982829E+01  8.05762289600795052E-03  2.40985860758503043E-03  3.52866336437919110E-07  0.00000000000000000E+00  0.00000000000000000E+00
  536.000000  4.81928392457463815E+03  4.76718804111981717E+03  3.60685799465292050E+01  1.60174557105245086E+01  7.58236880109648854E-03  2.26510124463090001E-03  3.27721407799123329E-07  0.00000000000000000E+00  0.00000000000000000E+00
  538.000000  4.67636509184557326E+03  4.62661583195371350E+03  3.44448284109796319E+01  1.52951624702395517E+01  7.13859630659602600E-03  2.13010981116217631E-03  3.04523187817132469E-07  0.00000000000000000E+00  0.00000000000000000E+00
  540.000000  4.53932257909370401E+03  4.49179389312348667E+03  3.29082246858162790E+01  1.46117328723117037E+01  6.72397913624244500E-03  2.00414984467069601E-03  2.83108306189306829E-07  0.00000000000000000E+00  0.00000000000000000E+00
  542.000000  4.40784806824151474E+03  4.36242181869151682E+03  3.14533040079995629E+01  1.39647223495072357E+01  6.33638123451522525E-03  1.88654792834172264E-03  2.63328213649217130E-07  0.00000000000000000E+00  0.00000000000000000E+00
  544.000000  4.28165263193862756E+03  4.23821802520149686E+03  3.00749936531606608E+01  1.33518623130684624E+01  5.97383971496305826E-03  1.77668613862157708E-03  2.45047733503264860E-07  0.00000000000000000E+00  0.00000000000000000E+00
  546.000000  4.16046533932805414E+03  4.11891840315890840E+03  2.87685814345695796E+01  1.27710459599252761E+01  5.63454946633319860E-03  1.67399703937982924E-03  2.28143764991283954E-07  0.00000000000000000E+00  0.00000000000000000E+00
  548.000000  4.04403197200999011E+03  4.00427507467540090E+03  2.75296869780389102E+01  1.22203153356373537E+01  5.31684924379390023E-03  1.57795916513770872E-03  2.12504121496985806E-07  0.00000000000000000E+00  0.00000000000000000E+00
  550.000000  3.93211384100042733E+03  3.89405524845636000E+03  2.63542355102383219E+01  1.16978495337687995E+01  5.01920909155672418E-03  1.48809294221765556E-03  1.98026488644525474E-07  0.00000000000000000E+00  0.00000000000000000E+00
  552.000000  3.82448669625024604E+03  3.78804016404151207E+03  2.52384339238805460E+01  1.12019539242734183E+01  4.74021896004236162E-03  1.40395700231856955E-03  1.84617489078105191E-07  0.00000000000000000E+00  0.00000000000000000E+00
  554.000000  3.72093972100365454E+03  3.68602411788742302E+03  2.41787489066426424E+01  1.07310503141532045E+01  4.47857839565715676E-03  1.32514484802245575E-03  1.72191842263964418E-07  0.00000000000000000E+00  0.00000000000000000E+00
  556.000000  3.62127460393096499E+03  3.58781356450630165E+03  2.31718869417168420E+01  1.02836679532459296E+01  4.23308719446145992E-03  1.25128183416596214E-03  1.60671609006964049E-07  0.00000000000000000E+00  0.00000000000000000E+00
  558.000000  3.52530468257337270E+03  3.49322628645064015E+03  2.22147760067791395E+01  9.85843530661177425E+00  4.00263692272806535E-03  1.18202243293175145E-03  1.49985511561099430E-07  0.00000000000000000E+00  0.00000000000000000E+00
  560.000000  3.43285415219590868E+03  3.40209062746695190E+03  2.13045488151788156E+01  9.45407252273817100E+00  3.78620321778564599E-03  1.11704775399129315E-03  1.40068321256424488E-07  0.00000000000000000E+00  0.00000000000000000E+00
  562.000000  3.34375733465006988E+03  3.31424478362500713E+03  2.04385274583957006E+01  9.06938453372115383E+00  3.58283879175991119E-03  1.05606329411085946E-03  1.30860306481916954E-07  0.00000000000000000E+00  0.00000000000000000E+00
  564.000000  3.25785800231313760E+03  3.22953614767452200E+03  1.96142093225246477E+01  8.70325472982175086E+00  3.39166706901264728E-03  9.98796893365676937E-04  1.22306734670938820E-07  0.00000000000000000E+00  0.00000000000000000E+00
  566.000000  3.17500875259903751E+03  3.14782070229110923E+03  1.88292541638930899E+01  8.35463915640504240E+00  3.21187639535449156E-03  9.44996877534004043E-04  1.14357422646937737E-07  0.00000000000000000E+00  0.00000000000000000E+00
  568.000000  3.09507042892201162E+03  3.06896245824364905E+03  1.80814722399687682E+01  8.02256118629562920E+00  3.04271476357352967E-03  8.94430368396468591E-04  1.06966330313898260E-07  0.00000000000000000E+00  0.00000000000000000E+00
  570.000000  3.01791158435042507E+03  2.99283293385678462E+03  1.73688134016897529E+01  7.70610662510873645E+00  2.88348500557293478E-03  8.46881745581314202E-04  1.00091193229199682E-07  0.00000000000000000E+00  0.00000000000000000E+00
  572.000000  2.94340798450873854E+03  2.91931067244994574E+03  1.66893570622760521E+01  7.40441921117157165E+00  2.73354040653049591E-03  8.02151245297887984E-04  9.36931900851209531E-08  0.00000000000000000E+00  0.00000000000000000E+00
  574.000000  2.87144214658644296E+03  2.84828079472332956E+03  1.60413029656744648E+01  7.11669647531834304E+00  2.59228070105921478E-03  7.60053682817782793E-04  8.77366415573830377E-08  0.00000000000000000E+00  0.00000000000000000E+00
  576.000000  2.80190291157448655E+03  2.77963458331249694E+03  1.54229626849895300E+01  6.84218592910861201E+00  2.45914841540859118E-03  7.20417286910129766E-04  8.21887373611456471E-08  0.00000000000000000E+00  0.00000000000000000E+00
  578.000000  2.73468504710003162E+03  2.71326909697405381E+03  1.48327517878096256E+01  6.58018155299005070E+00  2.33362552337821466E-03  6.83082635641827480E-04  7.70192886936234308E-08  0.00000000000000000E+00  0.00000000000000000E+00
  580.000000  2.66968887845252129E+03  2.64908681207846030E+03  1.42691826112056539E+01  6.33002055858404411E+00  2.21523038685390557E-03  6.47901684025313702E-04  7.22005035425643565E-08  0.00000000000000000E+00  0.00000000000000000E+00
  582.000000  2.60681994559528130E+03  2.58699528927961819E+03  1.37308575944606428E+01  6.09108040166579645E+00  2.10351495476774134E-03  6.14736874953289024E-04  6.77067826060749589E-08  0.00000000000000000E+00  0.00000000000000000E+00
  584.000000  2.54598868414593881E+03  2.52690686341293667E+03  1.32164631223856315E+01  5.86277602457959279E+00  1.99806219687558712E-03  5.83460325715488165E-04  6.35145338058544769E-08  0.00000000000000000E+00  0.00000000000000000E+00
  586.000000  2.48711012847555503E+03  2.46873835483397852E+03  1.27247638363677478E+01  5.64455730877276896E+00  1.89848375105687649E-03  5.53953083156171009E-04  5.96020035860385357E-08  0.00000000000000000E+00  0.00000000000000000E+00
  588.000000  2.43010363523033993E+03  2.41241080055810926E+03  1.22545973741856926E+01  5.43590671988983321E+00  1.80441776491711554E-03  5.26104441214541251E-04  5.59491233768352469E-08  0.00000000000000000E+00  0.00000000000000000E+00
  590.000000  2.37489262572322968E+03  2.35784920369984820E+03  1.18048695031522914E+01  5.23633712946237573E+00  1.71552691433292446E-03  4.99811315202880143E-04  5.25373697686800746E-08  0.00000000000000000E+00  0.00000000000000000E+00
  592.000000  2.32140434576691177E+03  2.30498229983035753E+03  1.13745496142989069E+01  5.04538979865512083E+00  1.63149658324352907E-03  4.74977667724486938E-04  4.93496370909268911E-08  0.00000000000000000E+00  0.00000000000000000E+00
  594.000000  2.26956964164000783E+03  2.25374233898743341E+03  1.09626665481998575E+01  4.86263251083251014E+00  1.55203319049114345E-03  4.51513981625738768E-04  4.63701212214535213E-08  0.00000000000000000E+00  0.00000000000000000E+00
  596.000000  2.21932275098379887E+03  2.20406488217428023E+03  1.05683047256284048E+01  4.68765784087960036E+00  1.47686265085585620E-03  4.29336775817366347E-04  4.35842135716348356E-08  0.00000000000000000E+00  0.00000000000000000E+00
  598.000000  2.17060110752285300E+03  2.15588861127590917E+03  1.01906005585767989E+01  4.52008155026974112E+00  1.40572895863735198E-03  4.08368160195682719E-04  4.09784042966263335E-08  0.00000000000000000E+00  0.00000000000000000E+00
  600.000000  2.12334515859611429E+03  2.10915515141209744E+03  9.82873911932620103E+00  4.35954109784116817E+00  1.33839288322577755E-03  3.88535426251232301E-04  3.85401938752924793E-08  0.00000000000000000E+00  0.00000000000000000E+00
  602.000000  2.07749819456057412E+03  2.06380890481862389E+03  9.48195104715167147E+00  4.20569425710363110E+00  1.27463076707878212E-03  3.69770670271142143E-04  3.62580122883846522E-08  0.00000000000000000E+00  0.00000000000000000E+00
  604.000000  2.03300618921053001E+03  2.01979689542681331E+03  9.14950967403256499E+00  4.05821783169950301E+00  1.21423341740706909E-03  3.52010446330688377E-04  3.41211450992813023E-08  0.00000000000000000E+00  0.00000000000000000E+00
  606.000000  1.98981765041670747E+03  1.97706862337041366E+03  8.83072835229655162E+00  3.91680646134719490E+00  1.15700508366213995E-03  3.35195446527754054E-04  3.21196658091992891E-08  0.00000000000000000E+00  0.00000000000000000E+00
  608.000000  1.94788348025902178E+03  1.93557592871619590E+03  8.52495796860183752E+00  3.78117151125971773E+00  1.10276251364094507E-03  3.19270206148826766E-04  3.02443739196283419E-08  0.00000000000000000E+00  0.00000000000000000E+00
  610.000000  1.90715684397674499E+03  1.89527286376279062E+03  8.23158462994471130E+00  3.65104003860928783E+00  1.05133408166640618E-03  3.04182831664881394E-04  2.84867381891498105E-08  0.00000000000000000E+00  0.00000000000000000E+00
  612.000000  1.86759304711790946E+03  1.85611557330858204E+03  7.95002750859837359E+00  3.52615383015770378E+00  1.00255898289026979E-03  2.89884749646721290E-04  2.68388446208336784E-08  0.00000000000000000E+00  0.00000000000000000E+00
  614.000000  1.82914942031301644E+03  1.81806218233115055E+03  7.67973683395653861E+00  3.40626850565303885E+00  9.56286488292919430E-04  2.76330474860534065E-04  2.52933487603602930E-08  0.00000000000000000E+00  0.00000000000000000E+00
  616.000000  1.79178521114593127E+03  1.78107269056712994E+03  7.42019202026066171E+00  3.29115268204584588E+00  9.12375255434289814E-04  2.63477395960375516E-04  2.38434319246273184E-08  0.00000000000000000E+00  0.00000000000000000E+00
  618.000000  1.75546148263223404E+03  1.74510887351742440E+03  7.17089992008016441E+00  3.18058719397883571E+00  8.70692690443310982E-04  2.51285577334395586E-04  2.24827610162060830E-08  0.00000000000000000E+00  0.00000000000000000E+00
  620.000000  1.72014101785336379E+03  1.71013418943960801E+03  6.93139319424155609E+00  3.07436436637569388E+00  8.31114357126412845E-04  2.39717575788987448E-04  2.12054516110993596E-08  0.00000000000000000E+00  0.00000000000000000E+00
  622.000000  1.68578823032919809E+03  1.67611369192254460E+03  6.70122878965405544E+00  2.97228733529326661E+00  7.93523429431957847E-04  2.28738270870317933E-04  2.00060340361982986E-08  0.00000000000000000E+00  0.00000000000000000E+00
  624.000000  1.65236907974176734E+03  1.64301394766732869E+03  6.47998651716056351E+00  2.87416941350702970E+00  7.57810183830901277E-04  2.18314707726956030E-04  1.88794221788879375E-08  0.00000000000000000E+00  0.00000000000000000E+00
  626.000000  1.61985099265270310E+03  1.61080295912764632E+03  6.26726772217240491E+00  2.77983349758367648E+00  7.23871528467627144E-04  2.08415951512241248E-04  1.78208847948399357E-08  0.00000000000000000E+00  0.00000000000000000E+00
  628.000000  1.58820278788253563E+03  1.57945009168732486E+03  6.06269404141609503E+00  2.68911151344987598E+00  6.91610566201612343E-04  1.99012952410818002E-04  1.68260191012541405E-08  0.00000000000000000E+00  0.00000000000000000E+00
  630.000000  1.55739460624432422E+03  1.54892600507647853E+03  5.86590623964338320E+00  2.60184389770205149E+00  6.60936188903076330E-04  1.90078420451938557E-04  1.58907264620612093E-08  0.00000000000000000E+00  0.00000000000000000E+00
  632.000000  1.52739784434693456E+03  1.51920258874975912E+03  5.67656312063674307E+00  2.51787911211765492E+00  6.31762700586851783E-04  1.81586709343084534E-04  1.50111899889674643E-08  0.00000000000000000E+00  0.00000000000000000E+00
  634.000000  1.49818509220302121E+03  1.49025290096935851E+03  5.49434050727885559E+00  2.43707318902424852E+00  6.04009467168992046E-04  1.73513708621910937E-04  1.41838538979414978E-08  0.00000000000000000E+00  0.00000000000000000E+00
  636.000000  1.46973007439642743E+03  1.46205111135446577E+03  5.31893028585741057E+00  2.35928930536432890E+00  5.77600590814303892E-04  1.65836743483323127E-04  1.34054044750035828E-08  0.00000000000000000E+00  0.00000000000000000E+00
  638.000000  1.44200759458090147E+03  1.43457244667553596E+03  5.15003951014559469E+00  2.28439738345861354E+00  5.52464607009430148E-04  1.58534481691886028E-04  1.26727525180623184E-08  0.00000000000000000E+00  0.00000000000000000E+00
  640.000000  1.41499348309829725E+03  1.40779313968750489E+03  4.98738956113684129E+00  2.21227371662279415E+00  5.28534202648447819E-04  1.51586847038543413E-04  1.19830171332519899E-08  0.00000000000000000E+00  0.00000000000000000E+00
  642.000000  1.38866454751893275E+03  1.38169038081015538E+03  4.83071535862034551E+00  2.14280061793109633E+00  5.05745953556843123E-04  1.44974938844930561E-04  1.13335107748268082E-08  0.00000000000000000E+00  0.00000000000000000E+00
  644.000000  1.36299852592119851E+03  1.35624227247781732E+03  4.67976462107311164E+00  2.07586609054922100E+00  4.84040080006326956E-04  1.38680957059188919E-04  1.07217254273042395E-08  0.00000000000000000E+00  0.00000000000000000E+00
  646.000000  1.33797404273934831E+03  1.33142778599207463E+03  4.53429717060186466E+00  2.01136351817522119E+00  4.63360218889206736E-04  1.32688132524039893E-04  1.01453198372942703E-08  0.00000000000000000E+00  0.00000000000000000E+00
  648.000000  1.31357056702093428E+03  1.30722672072331011E+03  4.39408427991221373E+00  1.94919137423630806E+00  4.43653211326617029E-04  1.26980662031753535E-04  9.60210771039499030E-09  0.00000000000000000E+00  0.00000000000000000E+00
  650.000000  1.28976837294620123E+03  1.28361966551746582E+03  4.25890805850449539E+00  1.88925294858875992E+00  4.24868904582310762E-04  1.21543647811470006E-04  9.09004679576810167E-09  0.00000000000000000E+00  0.00000000000000000E+00
  652.000000  1.26654850247044010E+03  1.26058796217277245E+03  4.12856087549443274E+00  1.83145609055767489E+00  4.06959967241583029E-04  1.16363041122436657E-04  8.60722878757181715E-09  0.00000000000000000E+00  0.00000000000000000E+00
  654.000000  1.24389272996199270E+03  1.23811367086263976E+03  4.00284481665361636E+00  1.77571296724112693E+00  3.89881716697340923E-04  1.11425589652762826E-04  8.15186997842343119E-09  0.00000000000000000E+00  0.00000000000000000E+00
  656.000000  1.22178352871496259E+03  1.21617953738698702E+03  3.88157117342947044E+00  1.72193983607739654E+00  3.73591958058722140E-04  1.06718788446693747E-04  7.72230260549901079E-09  0.00000000000000000E+00  0.00000000000000000E+00
  658.000000  1.20020403922509877E+03  1.19476896214349631E+03  3.76455996186997721E+00  1.67005683074781142E+00  3.58050833666502533E-04  1.02230834105195980E-04  7.31696683485451618E-09  0.00000000000000000E+00  0.00000000000000000E+00
  660.000000  1.17913803912386652E+03  1.17386597071659321E+03  3.65163946952190610E+00  1.61998775955242724E+00  3.43220682462012233E-04  9.79505820243955122E-05  6.93440333406893132E-09  0.00000000000000000E+00  0.00000000000000000E+00
  662.000000  1.15856991467349008E+03  1.15345518598953299E+03  3.54264582851117815E+00  1.57165991545786077E+00  3.29065908513769499E-04  9.38675064546640962E-05  6.57324638744646746E-09  0.00000000000000000E+00  0.00000000000000000E+00
  664.000000  1.13848463373112486E+03  1.13352180169016447E+03  3.43742261313546038E+00  1.52500389707166217E+00  3.15552858058820967E-04  8.99716631797598291E-05  6.23221751177481080E-09  0.00000000000000000E+00  0.00000000000000000E+00
  666.000000  1.11886772009705305E+03  1.11405155728751424E+03  3.33582046041892299E+00  1.47995343985053229E+00  3.02649704464254667E-04  8.62536546307955372E-05  5.91011953408201642E-09  0.00000000000000000E+00  0.00000000000000000E+00
  668.000000  1.09970522916697473E+03  1.09503071416134958E+03  3.23769671218429034E+00  1.43644525689737002E+00  2.90326340559030397E-04  8.27045972638476860E-05  5.60583109597384292E-09  0.00000000000000000E+00  0.00000000000000000E+00
  670.000000  1.08098372481317642E+03  1.07644603297144727E+03  3.14291507729610364E+00  1.39441888874603293E+00  2.78554277827047910E-04  7.93160910429128302E-05  5.31830155200390315E-09  0.00000000000000000E+00  0.00000000000000000E+00
  672.000000  1.06269025742527015E+03  1.05828475215908134E+03  3.05134531282417454E+00  1.35381656157529773E+00  2.67306551990534964E-04  7.60801908818712122E-05  5.04654623215920451E-09  0.00000000000000000E+00  0.00000000000000000E+00
  674.000000  1.04481234304445888E+03  1.04053456751636668E+03  2.96286292295788423E+00  1.31458305333007797E+00  2.56557634547105917E-04  7.29893799099688695E-05  4.78964204094308144E-09  0.00000000000000000E+00  0.00000000000000000E+00
  676.000000  1.02733794352966856E+03  1.02318361276338214E+03  2.87734887458162625E+00  1.27666556726355540E+00  2.46283349856081144E-04  7.00365444353909130E-05  4.54672336773372707E-09  0.00000000000000000E+00  0.00000000000000000E+00
  678.000000  1.01025544769824194E+03  1.00622044107723355E+03  2.79468932849628349E+00  1.24001361244719432E+00  2.36460797399241034E-04  6.72149504907969199E-05  4.31697828511374212E-09  0.00000000000000000E+00  0.00000000000000000E+00
  680.000000  9.93553653387171266E+02  9.89634007520407181E+02  2.71477538533827856E+00  1.20457889082552927E+00  2.27068278868126916E-04  6.45182218531905710E-05  4.09964501371207837E-09  0.00000000000000000E+00  0.00000000000000000E+00
  682.000000  9.77221750383614335E+02  9.73413652318441564E+02  2.63750284530944290E+00  1.17031519042004817E+00  2.18085229755298469E-04  6.19403194383153784E-05  3.89400863378048317E-09  0.00000000000000000E+00  0.00000000000000000E+00
  684.000000  9.61249304177772501E+02  9.57549084941190017E+02  2.56277198089201885E+00  1.13717828431399792E+00  2.09492155149992740E-04  5.94755219770930004E-05  3.69939802528789986E-09  0.00000000000000000E+00  0.00000000000000000E+00
  686.000000  9.45626240492820557E+02  9.42030368943480767E+02  2.49048732177459042E+00  1.10512583507264783E+00  2.01270569460065639E-04  5.71184078882151785E-05  3.51518301973077677E-09  0.00000000000000000E+00  0.00000000000000000E+00
  688.000000  9.30342830550093254E+02  9.26847907524431093E+02  2.42055745126636168E+00  1.07411730427694740E+00  1.93402939801742195E-04  5.48638382672203740E-05  3.34077174816352087E-09  0.00000000000000000E+00  0.00000000000000000E+00
  690.000000  9.15389677030125654E+02  9.11992429766982582E+02  2.35289481352440033E+00  1.04411386686932839E+00  1.85872632817069049E-04  5.27069409180723041E-05  3.17560817115217644E-09  0.00000000000000000E+00  0.00000000000000000E+00
  692.000000  9.00757700692122057E+02  8.97454977521153296E+02  2.28741553096015693E+00  1.01507833002925896E+00  1.78663864695750678E-04  5.06430953584850000E-05  3.01916977745256731E-09  0.00000000000000000E+00  0.00000000000000000E+00
  694.000000  8.86438127617226883E+02  8.83226892897233711E+02  2.22403923123433600E+00  9.86975056315023580E-01  1.71761654193656994E-04  4.86679187351402249E-05  2.87096543922831288E-09  0.00000000000000000E+00  0.00000000000000000E+00
  696.000000  8.72422477042445848E+02  8.69299806336575330E+02  2.16268888328468201E+00  9.59769890824249572E-01  1.65151778454747974E-04  4.67772525893978938E-05  2.73053341254856267E-09  0.00000000000000000E+00  0.00000000000000000E+00
  698.000000  8.58702549754619895E+02  8.55665625230129990E+02  2.10329064186838721E+00  9.33430092142155776E-01  1.58820731456522441E-04  4.49671504182877683E-05  2.59743947276571435E-09  0.00000000000000000E+00  0.00000000000000000E+00
  700.000000  8.45270417014812097E+02  8.42316523055799166E+02  2.04577370013080362E+00  9.07924266859978291E-01  1.52755684911436807E-04  4.32338659793710342E-05  2.47127517515357423E-09  0.00000000000000000E+00  0.00000000000000000E+00
  702.000000  8.32118409986098527E+02  8.29244929008246800E+02  1.99007014974546648E+00  8.83222307460854617E-01  1.46944451468252846E-04  4.15738422916693239E-05  2.35165623191440208E-09  0.00000000000000000E+00  0.00000000000000000E+00
  704.000000  8.19239109638685477E+02  8.16443518095716740E+02  1.93611484819683954E+00  8.59295333382154913E-01  1.41375450067888076E-04  3.99837012881154287E-05  2.23822099732808095E-09  0.00000000000000000E+00  0.00000000000000000E+00
  706.000000  8.06625337107984819E+02  8.03905201680067080E+02  1.88384529280417290E+00  8.36115635075509012E-01  1.36037673318181333E-04  3.84602340780492965E-05  2.13062905342961058E-09  0.00000000000000000E+00  0.00000000000000000E+00
  708.000000  7.94270144482745422E+02  7.91623118437661674E+02  1.83320150110995450E+00  8.13656620896715088E-01  1.30920656761153925E-04  3.70003917811116605E-05  2.02855988916776200E-09  0.00000000000000000E+00  0.00000000000000000E+00
  710.000000  7.82166806001128634E+02  7.79590625719524496E+02  1.78412589727804849E+00  7.91892766667546821E-01  1.26014449914727168E-04  3.56012768964895834E-05  1.93171166651655419E-09  0.00000000000000000E+00  0.00000000000000000E+00
  712.000000  7.70308809634935187E+02  7.67801291291438247E+02  1.73656320417084431E+00  7.70799567762160298E-01  1.21309588978963908E-04  3.42601351739499691E-05  1.83980006749591697E-09  0.00000000000000000E+00  0.00000000000000000E+00
  714.000000  7.58689849042100036E+02  7.56248885434558247E+02  1.69046034079163032E+00  7.50353493578493458E-01  1.16797071103970232E-04  3.29743479552995286E-05  1.75255721649726732E-09  0.00000000000000000E+00  0.00000000000000000E+00
  716.000000  7.47303815869329696E+02  7.44927373388841374E+02  1.64576632479929752E+00  7.30531944264139810E-01  1.12468330123475046E-04  3.17414249570347170E-05  1.66973067272044449E-09  0.00000000000000000E+00  0.00000000000000000E+00
  718.000000  7.36144792387535517E+02  7.33830908122340588E+02  1.60243217981901109E+00  7.11313209573746885E-01  1.08315213664477464E-04  3.05589974668842913E-05  1.59108248790589713E-09  0.00000000000000000E+00  0.00000000000000000E+00
  720.000000  7.25207044444138660E+02  7.22953823410816085E+02  1.56041084729001156E+00  6.92676429742775435E-01  1.04329961549169670E-04  2.94248119287705391E-05  1.51638832489609852E-09  0.00000000000000000E+00  0.00000000000000000E+00
  722.000000  7.14485014716456135E+02  7.12290627212227150E+02  1.51965710260571418E+00  6.74601558268555834E-01  1.00505185410809645E-04  2.83367238923665492E-05  1.44543663287912765E-09  0.00000000000000000E+00  0.00000000000000000E+00
  724.000000  7.03973316251467509E+02  7.01835995321735595E+02  1.48012747531589883E+00  6.57069326496246386E-01  9.68338494502778580E-05  2.72926923049997848E-05  1.37802787546839598E-09  0.00000000000000000E+00  0.00000000000000000E+00
  726.000000  6.93666726278725264E+02  6.91584765294295380E+02  1.44178017317556129E+00  6.40061209913916906E-01  9.33092522648314035E-05  2.62907741251297629E-05  1.31397380804579715E-09  0.00000000000000000E+00  0.00000000000000000E+00
  728.000000  6.83560180282735928E+02  6.81531930621452830E+02  1.40457500983562866E+00  6.23559396065470173E-01  8.99250096849256084E-05  2.53291192379343092E-05  1.25309680105070028E-09  0.00000000000000000E+00  0.00000000000000000E+00
  730.000000  6.73648766322957385E+02  6.71672635150777410E+02  1.36847333598414100E+00  6.07546753996450417E-01  8.66750385591421593E-05  2.44059656548380585E-05  1.19522920613215207E-09  0.00000000000000000E+00  0.00000000000000000E+00
  732.000000  6.63927719589277672E+02  6.62002167736052797E+02  1.33343797375642525E+00  5.92006805151840898E-01  8.35535414309578658E-05  2.35196349799556158E-05  1.14021276230006733E-09  0.00000000000000000E+00  0.00000000000000000E+00
  734.000000  6.54392417182267650E+02  6.52515957107765189E+02  1.29943315424411310E+00  5.76923695650279122E-01  8.05549920548044633E-05  2.26685281275382809E-05  1.08789803941279885E-09  0.00000000000000000E+00  0.00000000000000000E+00
  736.000000  6.45038373107503162E+02  6.43209566953417266E+02  1.26642445794178649E+00  5.62282169862970416E-01  7.76741217020692550E-05  2.18511212755110041E-05  1.03814391652437006E-09  0.00000000000000000E+00  0.00000000000000000E+00
  738.000000  6.35861233473919015E+02  6.34078691197850844E+02  1.23437875797938301E+00  5.48067545229738107E-01  7.49059062108557066E-05  2.10659620411367385E-05  9.90817092788638182E-10  0.00000000000000000E+00  0.00000000000000000E+00
  740.000000  6.26856771886953766E+02  6.25119149474542382E+02  1.20326416599742814E+00  5.34265688248669157E-01  7.22455537361692463E-05  2.03116658657366425E-05  9.45791628777242098E-10  0.00000000000000000E+00  0.00000000000000000E+00
  742.000000  6.18020885027584882E+02  6.16326882779166795E+02  1.17304998053015441E+00  5.20862991579336909E-01  6.96884931599292084E-05  1.95869125962141621E-05  9.02948516217197896E-10  0.00000000000000000E+00  0.00000000000000000E+00
  744.000000  6.09349588408334057E+02  6.07697949296695242E+02  1.14370663776776893E+00  5.07846352202452667E-01  6.72303631226937572E-05  1.88904432518826269E-05  8.62175274291060987E-10  0.00000000000000000E+00  0.00000000000000000E+00
  746.000000  6.00839012298743569E+02  5.99228520394699899E+02  1.11520566457883019E+00  4.95203150582866347E-01  6.48670016413458193E-05  1.82210569658437384E-05  8.23365570770820698E-10  0.00000000000000000E+00  0.00000000000000000E+00
  748.000000  5.92485397812226893E+02  5.90914876774933759E+02  1.08751963367757054E+00  4.82921230784893074E-01  6.25944362791950259E-05  1.75776080908036339E-05  7.86418866375035019E-10  0.00000000000000000E+00  0.00000000000000000E+00
  750.000000  5.84285093147327757E+02  5.82753404776376442E+02  1.06062212082939467E+00  4.70988881492404809E-01  6.04088748370028159E-05  1.69590034598583744E-05  7.51240080848364737E-10  0.00000000000000000E+00  0.00000000000000000E+00
  752.000000  5.76234549976405219E+02  5.74740592822910116E+02  1.03448766399258130E+00  4.59394817888390150E-01  5.83066965353552186E-05  1.63641997933542524E-05  7.17739279365613519E-10  0.00000000000000000E+00  0.00000000000000000E+00
  754.000000  5.68330319974878194E+02  5.66873028008896995E+02  1.00909172429940175E+00  4.48128164350994840E-01  5.62844436605449596E-05  1.57922012434669902E-05  6.85831377955083736E-10  0.00000000000000000E+00  0.00000000000000000E+00
  756.000000  5.60569051485403861E+02  5.59147392817164700E+02  9.84410648786848475E-01  4.37178437926099672E-01  5.43388136479470936E-05  1.52420570686789696E-05  6.55435866727261943E-10  0.00000000000000000E+00  0.00000000000000000E+00
  758.000000  5.52947486310588147E+02  5.51560461963122748E+02  9.60421634789981660E-01  4.26535532537818451E-01  5.24666515782838160E-05  1.47128594307800917E-05  6.26476549773320695E-10  0.00000000000000000E+00  0.00000000000000000E+00
  760.000000  5.45462456628704103E+02  5.44109099359603306E+02  9.37102695916677608E-01  4.16189703900795904E-01  5.06649430637318510E-05  1.42037413074796206E-05  5.98881300676279713E-10  0.00000000000000000E+00  0.00000000000000000E+00
  762.000000  5.38110882027257844E+02  5.36790255197376041E+02  9.14432629527037522E-01  4.06131555100230690E-01  4.89308075021932119E-05  1.37138745141352921E-05  5.72581832647039054E-10  0.00000000000000000E+00  0.00000000000000000E+00
  764.000000  5.30889766649008834E+02  5.29600963136050950E+02  8.92390985643887524E-01  3.96352022806949533E-01  4.72614916793088940E-05  1.32424678284840086E-05  5.47513482363687313E-10  0.00000000000000000E+00  0.00000000000000000E+00
  766.000000  5.23796196445742908E+02  5.22538337600767818E+02  8.70958037225543213E-01  3.86842364096940283E-01  4.56543636990439653E-05  1.27887652126336618E-05  5.23615006653558836E-10  0.00000000000000000E+00  0.00000000000000000E+00
  768.000000  5.16827336535307836E+02  5.15599571180273756E+02  8.50114751735561169E-01  3.77594143846355923E-01  4.41069072247610822E-05  1.23520441269187595E-05  5.00828391214109523E-10  0.00000000000000000E+00  0.00000000000000000E+00
  770.000000  5.09980428657297978E+02  5.08781932121867669E+02  8.29842763947003514E-01  3.68599222674250604E-01  4.26167160137885361E-05  1.19316139305321999E-05  4.79098670622113750E-10  0.00000000000000000E+00  0.00000000000000000E+00
  772.000000  5.03252788723274080E+02  5.02082761919183099E+02  8.10124349922564102E-01  3.59849745406989663E-01  4.11814887294781700E-05  1.15268143641549100E-05  4.58373758928949626E-10  0.00000000000000000E+00  0.00000000000000000E+00
  774.000000  4.96641804457566479E+02  4.95499472988935338E+02  7.90942402114819032E-01  3.51338130039585306E-01  3.97990240156597845E-05  1.11370141100831735E-05  4.38604290186803591E-10  0.00000000000000000E+00  0.00000000000000000E+00
  776.000000  4.90144933124943350E+02  4.89029546432993982E+02  7.72280405533872449E-01  3.43057057170542024E-01  3.84672158193209813E-05  1.07616094256199784E-05  4.19743468292680180E-10  0.00000000000000000E+00  0.00000000000000000E+00
  778.000000  4.83759699341270164E+02  4.82670529881977018E+02  7.54122414931813534E-01  3.34999459887749207E-01  3.71840489480852989E-05  1.04000228457347817E-05  4.01746925576395927E-10  0.00000000000000000E+00  0.00000000000000000E+00
  780.000000  4.77483692963948670E+02  4.76420035417226075E+02  7.36453032956762788E-01  3.27158514084473107E-01  3.59475948499151139E-05  1.00517019512400650E-05  3.84572589597156068E-10  0.00000000000000000E+00  0.00000000000000000E+00
  782.000000  4.71314567058745126E+02  4.70275737567834597E+02  7.19257389231249045E-01  3.19527629185311024E-01  3.47560076031321782E-05  9.71611819894209395E-06  3.68180557646506421E-10  0.00000000000000000E+00  0.00000000000000000E+00
  784.000000  4.65250035939891120E+02  4.64235371379677531E+02  7.02521120312012193E-01  3.12100439263113316E-01  3.36075201055402928E-05  9.39276581043103257E-06  3.52532978488493291E-10  0.00000000000000000E+00  0.00000000000000000E+00
  786.000000  4.59287873280392716E+02  4.58296730553434770E+02  6.86230350490453889E-01  3.04870794528728561E-01  3.25004404520972431E-05  9.08116071636402320E-06  3.37593940897649519E-10  0.00000000000000000E+00  0.00000000000000000E+00
  788.000000  4.53425910289819001E+02  4.52457665648935858E+02  6.70371673395275591E-01  2.97832753176533904E-01  3.14331484911244889E-05  8.78083955327997030E-06  3.23329368583528056E-10  0.00000000000000000E+00  0.00000000000000000E+00
  790.000000  4.47662033956730738E+02  4.46716082353040008E+02  6.54932134360422302E-01  2.90980573569342982E-01  3.04040925496890858E-05  8.49135871014760149E-06  3.09706921116487227E-10  0.00000000000000000E+00  0.00000000000000000E+00
  792.000000  4.41994185353149760E+02  4.41069939808502568E+02  6.39899213523436816E-01  2.84308706747239737E-01  2.94117863192321152E-05  8.21229342201072025E-06  2.96695900494067902E-10  0.00000000000000000E+00  0.00000000000000000E+00
  794.000000  4.36420357998675627E+02  4.35517249001481673E+02  6.25260809621233538E-01  2.77811789245665297E-01  2.84548058930822198E-05  7.94323690824383461E-06  2.84267163009949162E-10  0.00000000000000000E+00  0.00000000000000000E+00
  796.000000  4.30938596281756361E+02  4.30056071205237231E+02  6.11005224451564466E-01  2.71484636208707497E-01  2.75317869479376661E-05  7.68379955306912423E-06  2.72393036108886486E-10  0.00000000000000000E+00  0.00000000000000000E+00
  798.000000  4.25546993935914770E+02  4.24684516477868897E+02  5.97121147970348543E-01  2.65322234784329758E-01  2.66414220618192620E-05  7.43360812611919650E-06  2.61047239930573389E-10  0.00000000000000000E+00  0.00000000000000000E+00
  800.000000  4.20243692568720576E+02  4.19400742211921965E+02  5.83597643996310533E-01  2.59319737788878513E-01  2.57824581614498747E-05  7.19230504095371020E-06  2.50204813264432871E-10  0.00000000000000000E+00  0.00000000000000000E+00
  802.000000  4.15026880241486197E+02  4.14202951733879900E+02  5.70424136495884082E-01  2.53472457628872827E-01  2.49536940923815483E-05  6.95954764955457489E-06  2.39842043654264030E-10  0.00000000000000000E+00  0.00000000000000000E+00
  804.000000  4.09894790097667055E+02  4.09089392951560114E+02  5.57590396422522505E-01  2.47775860468597592E-01  2.41539783055555747E-05  6.73500757093316522E-06  2.29936401408041184E-10  0.00000000000000000E+00  0.00000000000000000E+00
  806.000000  4.04845699037996042E+02  4.04058357047480456E+02  5.45086529085796134E-01  2.42225560632591291E-01  2.33822066543440421E-05  6.51837005208597165E-06  2.20466477283445732E-10  0.00000000000000000E+00  0.00000000000000000E+00
  808.000000  3.99877926440765691E+02  3.99108177216640627E+02  5.32902962027259064E-01  2.36817315232774606E-01  2.26373202964227804E-05  6.30933335963607376E-06  2.11411923633516178E-10  0.00000000000000000E+00  0.00000000000000000E+00
  810.000000  3.94989832925215637E+02  3.94237227446710449E+02  5.21030433380347269E-01  2.31547019010195809E-01  2.19183036951672799E-05  6.10760820058160487E-06  2.02753398810614933E-10  0.00000000000000000E+00  0.00000000000000000E+00
  812.000000  3.90179819156608858E+02  3.89443921339238784E+02  5.09459980693563241E-01  2.26410699382121827E-01  2.12241827154978920E-05  5.91291717066638791E-06  1.94472514638600072E-10  0.00000000000000000E+00  0.00000000000000000E+00
  814.000000  3.85446324691347343E+02  3.84726710970261649E+02  4.98182930196577334E-01  2.21404511685510036E-01  2.05540228094468498E-05  5.72499422896514243E-06  1.86551786775502195E-10  0.00000000000000000E+00  0.00000000000000000E+00
  816.000000  3.80787826860455596E+02  3.80084085788666869E+02  4.87190886489979158E-01  2.16524734608240899E-01  1.99069272868833419E-05  5.54358419734952890E-06  1.78974587799023561E-10  0.00000000000000000E+00  0.00000000000000000E+00
  818.000000  3.76202839690273606E+02  3.75514571551183167E+02  4.76475722640611943E-01  2.11767765800169233E-01  1.92820356671801937E-05  5.36844228358123855E-06  1.71725102858086834E-10  0.00000000000000000E+00  0.00000000000000000E+00
  820.000000  3.71689912858640810E+02  3.71016729292299487E+02  4.66029570664792891E-01  2.07130117656067703E-01  1.86785221077306521E-05  5.19933362683588613E-06  1.64788287742629914E-10  0.00000000000000000E+00  0.00000000000000000E+00
  822.000000  3.67247630685473780E+02  3.66589154328042696E+02  4.55844812382896425E-01  2.02608413263227816E-01  1.80955939055202242E-05  5.03603286453445612E-06  1.58149829233143327E-10  0.00000000000000000E+00  0.00000000000000000E+00
  824.000000  3.62874611156323567E+02  3.62230475292221911E+02  4.45914070629489678E-01  1.98199382506608318E-01  1.75324900681132680E-05  4.87832371941335178E-06  1.51796107599380775E-10  0.00000000000000000E+00  0.00000000000000000E+00
  826.000000  3.58569504977750569E+02  3.57939353203997598E+02  4.36230200803812695E-01  1.93899858324862534E-01  1.69884799506226856E-05  4.72599860582446721E-06  1.45714161126045754E-10  0.00000000000000000E+00  0.00000000000000000E+00
  828.000000  3.54330994663315209E+02  3.53714480565598024E+02  4.26786282746280721E-01  1.89706773110841220E-01  1.64628619554175869E-05  4.57885825430821484E-06  1.39891652550004427E-10  0.00000000000000000E+00  0.00000000000000000E+00
  830.000000  3.50157793649092241E+02  3.49554580489106570E+02  4.17575612927180151E-01  1.85617155250486554E-01  1.59549622914761886E-05  4.43671135353494981E-06  1.34316837300918184E-10  0.00000000000000000E+00  0.00000000000000000E+00
  832.000000  3.46048645437582536E+02  3.45458405851216810E+02  4.08591696934476611E-01  1.81628125794273731E-01  1.54641337904713500E-05  4.29937420875578665E-06  1.28978533443265129E-10  0.00000000000000000E+00  0.00000000000000000E+00
  834.000000  3.42002322768925353E+02  3.41424738474872527E+02  3.99828242248121357E-01  1.77736895255618310E-01  1.49897547768138457E-05  4.16667041594989938E-06  1.23866093223987942E-10  0.00000000000000000E+00  0.00000000000000000E+00
  836.000000  3.38017626818662393E+02  3.37452388337064690E+02  3.91279151289125937E-01  1.73940760531076183E-01  1.45312279890376325E-05  4.03843055090094259E-06  1.18969376135718139E-10  0.00000000000000000E+00  0.00000000000000000E+00
  838.000000  3.34093386420832019E+02  3.33540192801577462E+02  3.82938514731781421E-01  1.70237101937138979E-01  1.40879795500300216E-05  3.91449187246945754E-06  1.14278723410527293E-10  0.00000000000000000E+00  0.00000000000000000E+00
  840.000000  3.30228457315467892E+02  3.29687015875775330E+02  3.74800605068023984E-01  1.66623380358785461E-01  1.36594579837428428E-05  3.79469803936931149E-06  1.09784933864415429E-10  0.00000000000000000E+00  0.00000000000000000E+00
  842.000000  3.26421721420042672E+02  3.25891747490985495E+02  3.66859870414124212E-01  1.63097134505397118E-01  1.32451332761666762E-05  3.67889883979708444E-06  1.05479241017474606E-10  0.00000000000000000E+00  0.00000000000000000E+00
  844.000000  3.22672086123356223E+02  3.22153302804990744E+02  3.59110928548867836E-01  1.59655978269287346E-01  1.28444959784112472E-05  3.56694993328452416E-06  1.01353291418692599E-10  0.00000000000000000E+00  0.00000000000000000E+00
  846.000000  3.18978483601657729E+02  3.18470621526433831E+02  3.51548561174566399E-01  1.56297598182948999E-01  1.24570563499078258E-05  3.45871260419108344E-06  9.73991241089526947E-11  0.00000000000000000E+00  0.00000000000000000E+00
  848.000000  3.15339870155899177E+02  3.14842667260046312E+02  3.44167708391367733E-01  1.53019750970823820E-01  1.20823435397971131E-05  3.35405352627290128E-06  9.36091511592681160E-11  0.00000000000000000E+00  0.00000000000000000E+00
  850.000000  3.11755225569379434E+02  3.11268426871972110E+02  3.36963463376212025E-01  1.49820261191765419E-01  1.17199048047018882E-05  3.25284453779746722E-06  8.99761392251659910E-11  0.00000000000000000E+00  0.00000000000000000E+00
  852.000000  3.08223552485241783E+02  3.07746909874661071E+02  3.29931067258367350E-01  1.46697018968597576E-01  1.13693047611490604E-05  3.15496242670150013E-06  8.64931920614361881E-11  0.00000000000000000E+00  0.00000000000000000E+00
  854.000000  3.04743875802990715E+02  3.04277147830509477E+02  3.23065904183455932E-01  1.43647977801194260E-01  1.10301246710129315E-05  3.06028872531252702E-06  8.31537339447254024E-11  0.00000000000000000E+00  0.00000000000000000E+00
  856.000000  3.01315242093271252E+02  3.00858193773581888E+02  3.16363496558369206E-01  1.40671152459714899E-01  1.07019617584163690E-05  2.96870951417956468E-06  0.00000000000000000E+00  0.00000000000000000E+00  0.00000000000000000E+00
  858.000000  2.97936719030913821E+02  2.97489121648945229E+02  3.09819500469998566E-01  1.37764616954851954E-01  1.03844285566214722E-05  2.88011523458340978E-06  0.00000000000000000E+00  0.00000000000000000E+00  0.00000000000000000E+00
  860.000000  2.94607394844142902E+02  2.94169025768737640E+02  3.03429701270566454E-01  1.34926502581899893E-01  1.00771522834942408E-05  2.79440050931437493E-06  0.00000000000000000E+00  0.00000000000000000E+00  0.00000000000000000E+00
  862.000000  2.91326377781412987E+02  2.90897020284815540E+02  2.97190009323371473E-01  1.32154996035892591E-01  9.77977424422832631E-06  2.71146397133240036E-06  0.00000000000000000E+00  0.00000000000000000E+00  0.00000000000000000E+00
  864.000000  2.88092795593563892E+02  2.87672238676909728E+02  2.91096455902053797E-01  1.29448337594767870E-01  9.49194926003475978E-06  2.63120809993532104E-06  0.00000000000000000E+00  0.00000000000000000E+00  0.00000000000000000E+00
  866.000000  2.84905795031642072E+02  2.84493833256152186E+02  2.85145189237731578E-01  1.26804819368051214E-01  9.21334512161967749E-06  2.55353906408804825E-06  0.00000000000000000E+00  0.00000000000000000E+00  0.00000000000000000E+00
  868.000000  2.81764541359680038E+02  2.81360974683354812E+02  2.79332470708120451E-01  1.24222783608428367E-01  8.94364206628596439E-06  2.47836657257774564E-06  0.00000000000000000E+00  0.00000000000000000E+00  0.00000000000000000E+00
  870.000000  2.78668217881782255E+02  2.78272851501399771E+02  2.73654671162842866E-01  1.21700621083686816E-01  8.68253227757670277E-06  2.40560373067694500E-06  0.00000000000000000E+00  0.00000000000000000E+00  0.00000000000000000E+00
  872.000000  2.75616025483268402E+02  2.75228669681495376E+02  2.68108267379949528E-01  1.19236769506761001E-01  8.42971940642527008E-06  2.33516690301504204E-06  0.00000000000000000E+00  0.00000000000000000E+00  0.00000000000000000E+00
  874.000000  2.72607182185175532E+02  2.72227652182612132E+02  2.62689838648204055E-01  1.16829712021523202E-01  8.18491811282627707E-06  2.26697558236958568E-06  0.00000000000000000E+00  0.00000000000000000E+00  0.00000000000000000E+00
  876.000000  2.69640922711852738E+02  2.69269038523834013E+02  2.57396063470563208E-01  1.14477975742237059E-01  7.94785362708513717E-06  2.20095226410652946E-06  0.00000000000000000E+00  0.00000000000000000E+00  0.00000000000000000E+00
  878.000000  2.66716498071158526E+02  2.66352084369146382E+02  2.52223716383949192E-01  1.12180130344570556E-01  7.71826132976714173E-06  2.13702232600959977E-06  0.00000000000000000E+00  0.00000000000000000E+00  0.00000000000000000E+00
  880.000000  2.63833175146753661E+02  2.63476061124156331E+02  2.47169664890899365E-01  1.09934786706147092E-01  7.49588634947983826E-06  2.07511391325160543E-06  0.00000000000000000E+00  0.00000000000000000E+00  0.00000000000000000E+00
  882.000000  2.60990236302241442E+02  2.60640255544506772E+02  2.42230866498873459E-01  1.07740595594794666E-01  7.28048317769918278E-06  2.01515782827430369E-06  0.00000000000000000E+00  0.00000000000000000E+00  0.00000000000000000E+00
  884.000000  2.58186978996678079E+02  2.57843969355509785E+02  2.37404365862987327E-01  1.05596246402630170E-01  7.07181529985782617E-06  1.95708742535290981E-06  0.00000000000000000E+00  0.00000000000000000E+00  0.00000000000000000E+00
  886.000000  2.55422715411092895E+02  2.55086518882647027E+02  2.32687292028301407E-01  1.03500465924235591E-01  6.86965484196785758E-06  1.90083850963298614E-06  0.00000000000000000E+00  0.00000000000000000E+00  0.00000000000000000E+00
  888.000000  2.52696772085626066E+02  2.52367234692549516E+02  2.28076855767815889E-01  1.01452017177238979E-01  6.67378223208304849E-06  1.84634924043724509E-06  0.00000000000000000E+00  0.00000000000000000E+00  0.00000000000000000E+00
  890.000000  2.50008489567056444E+02  2.49685461244234119E+02  2.23570347012676113E-01  9.94496982637366606E-02  6.48398587593401962E-06  1.79356003865069130E-06  0.00000000000000000E+00  0.00000000000000000E+00  0.00000000000000000E+00
  892.000000  2.47357222066271220E+02  2.47040556550153980E+02  2.19165132370930410E-01  9.74923412709742532E-02  6.30006184610662781E-06  1.74241349800004879E-06  0.00000000000000000E+00  0.00000000000000000E+00  0.00000000000000000E+00
  894.000000  2.44742337125364543E+02  2.44431891846755178E+02  2.14858652731670235E-01  9.55788112098070186E-02  6.12181358415758765E-06  1.69285430005293337E-06  0.00000000000000000E+00  0.00000000000000000E+00  0.00000000000000000E+00
  896.000000  2.42163215294134574E+02  2.41858851274313025E+02  2.10648420951233151E-01  9.37080049895596401E-02  5.94905161509808627E-06  1.64482913277134581E-06  0.00000000000000000E+00  0.00000000000000000E+00  0.00000000000000000E+00
  898.000000  2.39619249815650591E+02  2.39320831565724262E+02  2.06532019618527185E-01  9.18788504279060003E-02  5.78159327369698138E-06  1.59828661246070285E-06  0.00000000000000000E+00  0.00000000000000000E+00  0.00000000000000000E+00
  900.000000  2.37109846320462879E+02  2.36817241743832483E+02  2.02507098896313964E-01  9.00903052944193733E-02  5.61926244207854923E-06  1.55317720896291777E-06  0.00000000000000000E+00  0.00000000000000000E+00  0.00000000000000000E+00
